200 -0.0097256 0 0.0171822
250 -0.00869547 0 0.0190219
300 -0.00650682 0 0.0222603
350 -0.0184045 0 0.0210048
400 -0.0167896 0 0.0152871
450 -0.0178176 0 0.0173207
500 -0.0165514 0 0.0251197
550 -0.0111245 0 0.0265601
600 -0.0115608 0 0.0272103
650 -0.0110381 0 0.02983
700 0.0181328 0 -0.00903317
750 0.0625656 0 -0.114644
800 0.0219083 0 -0.40186
850 -0.128727 0 -0.633861
900 -0.138561 0 -0.714367
950 -0.0483116 0 -0.861533
1000 0.0519824 0 -1.04999
1050 -0.0133668 0 -1.04899
1100 -0.184216 0 -1.10353
1150 -0.200172 0 -1.06988
1200 -0.0382277 0 -1.06755
1250 -0.0854829 0 -0.966884
1300 -0.189248 0 -1.00552
1350 -0.053937 0 -1.01421
1400 0.423102 0 -0.556675
1450 0.170612 0 0.0181652
1500 -0.0344099 0 0.469869
1550 -0.0286775 0 0.429332
1600 0.131552 0 0.525106
1650 -0.00878835 0 0.714349
1700 -0.0660211 0 0.78696
1750 0.119554 0 0.812927
1800 0.282316 0 0.903356
1850 0.145421 0 0.819387
1900 0.0717003 0 0.687831
1950 0.138959 0 0.829803
2000 0.255763 0 0.836303
2050 0.11762 0 0.751773
2100 -0.0112757 0 0.794845
2150 0.1013 0 0.713404
2200 0.24872 0 0.835965
2250 0.167583 0 0.871654
2300 0.0344838 0 0.96824
2350 0.0913276 0 0.871725
2400 0.151106 0 0.833009
2450 0.17202 0 0.841803
2500 -0.00296827 0 0.931925
2550 0.0477553 0 1.11761
2600 0.0969849 0 1.01166
2650 0.0511714 0 0.923062
2700 -0.0273931 0 0.809781
2750 0.268901 0 0.808312
2800 0.768861 0 0.360302
2850 1.06569 0 -0.0686354
2900 0.585269 0 -0.56484
2950 0.0449596 0 -0.850598
3000 -0.218847 0 -0.866807
3050 -0.148704 0 -1.07822
3100 -0.0518561 0 -1.11037
3150 -0.193382 0 -1.20196
3200 -0.149182 0 -1.20338
3250 -0.0835705 0 -1.21029
3300 0.0113573 0 -1.10136
3350 -0.144209 0 -1.09254
3400 -0.279578 0 -1.1097
3450 -0.112486 0 -1.15858
3500 -0.148911 0 -0.903418
3550 -0.124482 0 -0.921612
3600 -0.182861 0 -1.00477
3650 -0.0562044 0 -1.036
3700 0.0553816 0 -1.03532
3750 -0.0190663 0 -1.1683
3800 -0.156746 0 -1.22683
3850 -0.065609 0 -1.17382
3900 0.0200645 0 -1.25662
3950 -0.0663521 0 -1.30729
4000 -0.187291 0 -1.32667
4050 -0.0390698 0 -1.25557
4100 0.0766447 0 -1.31618
4150 -0.0170592 0 -1.20115
4200 -0.0961106 0 -1.13942
4250 -0.104098 0 -1.06754
4300 -0.1308 0 -1.10728
4350 -0.241783 0 -0.802256
4400 -0.160184 0 -0.360517
4450 0.035092 0 -0.0808978
4500 0.0838615 0 0.175456
4550 0.0336502 0 0.685203
4600 0.0271085 0 0.75901
4650 0.0694593 0 0.525219
4700 0.113953 0 0.555745
4750 -0.0197188 0 0.589052
4800 -0.0130584 0 0.623621
4850 0.212078 0 0.759119
4900 0.280015 0 0.779618
4950 0.0763648 0 0.689827
5000 -0.0411601 0 0.799985
5050 0.123914 0 0.653904
5100 0.202157 0 0.678986
5150 0.119961 0 0.609672
5200 0.00199719 0 0.791785
5250 0.0950302 0 0.842509
5300 0.182499 0 0.988331
5350 0.0890577 0 0.91057
5400 -0.0793412 0 1.04078
5450 0.0395694 0 0.950218
5500 0.0952996 0 0.940739
5550 0.119699 0 0.869794
5600 0.014453 0 0.802052
5650 0.100397 0 0.701722
5700 0.189644 0 0.743994
5750 0.137293 0 0.827138
5800 -0.00400352 0 0.810425
5850 0.0578151 0 0.978277
5900 0.182213 0 0.918721
5950 0.147098 0 0.915438
6000 0.0101308 0 0.835846
6050 0.0427504 0 0.951077
6100 0.0423243 0 0.83316
6150 -0.0735776 0 0.706374
6200 -0.730701 0 0.329452
6250 -1.05316 0 -0.0897185
6300 -0.744102 0 -0.451829
6350 -0.314836 0 -0.849708
6400 0.00522089 0 -0.807897
6450 -0.0133663 0 -0.97784
6500 -0.119378 0 -1.07298
6550 -0.0408959 0 -1.12595
6600 0.137142 0 -1.13079
6650 -0.0404524 0 -1.20647
6700 -0.12667 0 -1.2052
6750 -0.0254562 0 -1.20861
6800 0.0311222 0 -1.19398
6850 -0.0406453 0 -1.21292
6900 -0.21267 0 -1.20025
6950 -0.122668 0 -1.23964
7000 0.0343943 0 -1.19047
7050 -0.0390846 0 -1.20934
7100 -0.171141 0 -1.25609
7150 -0.109534 0 -1.23602
7200 0.0193243 0 -1.31505
7250 -0.0543626 0 -1.23306
7300 -0.204109 0 -1.26451
7350 -0.101274 0 -1.24607
7400 -0.000834676 0 -1.31046
7450 -0.0265369 0 -1.20271
7500 -0.145698 0 -1.28069
7550 -0.159171 0 -1.16066
7600 -0.014717 0 -1.21488
7650 -0.00137307 0 -1.15892
7700 -0.128821 0 -1.22286
7750 -0.215679 0 -1.23636
7800 -0.123172 0 -1.25568
7850 -0.0134109 0 -1.17049
7900 -0.128028 0 -1.23701
7950 -0.214308 0 -1.21108
8000 -0.113461 0 -1.22356
8050 -0.0878843 0 -1.13854
8100 -0.177065 0 -1.09041
8150 -0.283449 0 -1.08355
8200 -0.147255 0 -1.10546
8250 -0.0399767 0 -0.999986
8300 -0.0521401 0 -0.926758
8350 -0.143948 0 -1.03861
8400 -0.0229172 0 -1.01377
8450 0.0745031 0 -1.1248
8500 0.0320117 0 -1.09215
8550 -0.11927 0 -1.12809
8600 -0.113193 0 -1.15443
8650 -0.0202627 0 -1.17994
8700 0.0227084 0 -1.07317
8750 -0.140245 0 -1.12231
8800 -0.00810506 0 -1.01689
8850 0.452518 0 -0.317397
8900 0.331907 0 0.44571
8950 -0.0422094 0 0.808646
9000 -0.04786 0 0.904661
9050 0.144269 0 0.921358
9100 0.0404103 0 0.910241
9150 0.029401 0 0.994334
9200 0.163097 0 1.05473
9250 0.267264 0 1.21288
9300 0.126052 0 0.998659
9350 -0.0350499 0 0.985248
9400 0.0640829 0 1.08078
9450 0.173969 0 0.826558
9500 0.131089 0 0.678213
9550 0.0183125 0 0.767319
9600 0.0548188 0 0.92754
9650 0.20691 0 1.22017
9700 0.140946 0 1.00312
9750 -0.0108316 0 1.0799
9800 0.123348 0 0.915015
9850 0.167056 0 0.800392
9900 0.0703884 0 0.967635
9950 0.0491061 0 0.952199
10000 0.195656 0 0.823377
10050 0.681994 0 0.469763
10100 0.91781 0 -0.00472245
10150 0.6133 0 -0.511196
10200 0.224147 0 -0.86179
10250 -0.00136336 0 -0.906671
10300 -0.070684 0 -1.081
10350 -0.0164741 0 -1.0797
10400 -0.185646 0 -1.24434
10450 -0.195156 0 -1.22411
10500 -0.0518425 0 -1.25565
10550 -0.00520889 0 -1.15142
10600 -0.194622 0 -1.2084
10650 -0.266554 0 -1.21589
10700 -0.147894 0 -1.2215
10750 -0.115973 0 -1.06752
10800 -0.162259 0 -1.10136
10850 -0.257574 0 -1.1341
10900 -0.0739136 0 -1.01095
10950 0.0476872 0 -1.10054
11000 0.027633 0 -1.0743
11050 -0.152436 0 -1.16948
11100 -0.0914938 0 -1.15211
11150 0.050352 0 -1.15716
11200 0.013776 0 -1.10099
11250 -0.195463 0 -1.24636
11300 -0.100166 0 -1.15127
11350 0.00786213 0 -1.18062
11400 -0.0249123 0 -1.0401
11450 -0.120547 0 -1.03282
11500 0.0416033 0 -0.87231
11550 0.397052 0 -0.288067
11600 0.301227 0 0.259631
11650 -0.0253355 0 0.60553
11700 0.046102 0 0.65557
11750 0.147133 0 0.711206
11800 0.0714067 0 0.853162
11850 -0.0621488 0 1.1055
11900 0.0345267 0 0.983993
11950 0.198289 0 1.04844
12000 0.162979 0 0.801527
12050 0.0465644 0 0.827321
12100 0.145962 0 0.993016
12150 0.200605 0 1.08998
12200 0.199448 0 1.07055
12250 0.0277083 0 1.08507
12300 0.154837 0 1.01071
12350 0.203145 0 0.943707
12400 0.151457 0 0.861992
12450 0.0293277 0 1.01869
12500 0.1575 0 0.876683
12550 0.253591 0 0.891708
12600 0.123291 0 0.944491
12650 -0.0203063 0 0.908881
12700 0.146248 0 1.08948
12750 0.23259 0 1.03299
12800 0.140291 0 0.96431
12850 -0.0441496 0 1.01281
12900 0.11657 0 1.024
12950 0.227042 0 0.764104
13000 0.154518 0 0.838341
13050 -0.0219605 0 0.816878
13100 0.100018 0 0.940307
13150 0.241077 0 0.979535
13200 0.103784 0 0.792672
13250 -0.0497732 0 0.915979
13300 0.0922698 0 0.998683
13350 0.22295 0 0.996305
13400 0.0779639 0 0.920447
13450 -0.0653704 0 0.68029
13500 -0.0335547 0 0.694966
13550 0.120935 0 0.59716
13600 0.234442 0 0.862394
13650 -0.0146673 0 0.688879
13700 -0.0866613 0 0.79924
13750 0.0363992 0 0.814812
13800 0.17695 0 0.795945
13850 0.114574 0 0.659659
13900 -0.118075 0 0.669689
13950 -0.0657811 0 0.70362
14000 0.309843 0 0.546323
14050 0.78947 0 0.320391
14100 0.627929 0 -0.19704
14150 0.313071 0 -0.477735
14200 0.0280965 0 -0.893322
14250 -0.038426 0 -1.01538
14300 0.0422981 0 -1.09878
14350 -0.0878174 0 -1.23861
14400 -0.212191 0 -1.33808
14450 -0.15093 0 -1.30569
14500 0.0969079 0 -1.35235
14550 0.0534411 0 -1.28646
14600 -0.0903245 0 -1.33468
14650 -0.063231 0 -1.27237
14700 0.0355574 0 -1.29223
14750 0.063539 0 -1.2424
14800 -0.109431 0 -1.24025
14850 -0.0823389 0 -1.28342
14900 0.0668458 0 -1.37343
14950 0.0715336 0 -1.23276
15000 -0.129268 0 -1.33842
15050 -0.158653 0 -1.27254
15100 -0.061817 0 -1.25786
15150 -0.00906182 0 -1.17856
15200 -0.18004 0 -1.27949
15250 -0.165529 0 -1.2134
15300 -0.102923 0 -1.21224
15350 0.0194832 0 -1.18566
15400 -0.178616 0 -1.23054
15450 -0.262809 0 -1.21292
15500 -0.13302 0 -1.18965
15550 -0.0572015 0 -1.07992
15600 -0.16687 0 -1.04675
15650 -0.210948 0 -1.08029
15700 -0.087784 0 -1.04691
15750 0.0362139 0 -1.05423
15800 0.00844056 0 -1.06942
15850 -0.149978 0 -1.04658
15900 -0.0627852 0 -0.950954
15950 0.0928138 0 -0.921762
16000 0.039429 0 -0.763124
16050 -0.0847969 0 -0.586572
16100 -0.042349 0 -0.325305
16150 -0.0201519 0 -0.234726
16200 0.0623258 0 -0.106485
16250 0.0496464 0 -0.104429
16300 0.0448436 0 -0.0136009
16350 0.0396114 0 -0.0384122
16400 0.0175195 0 -0.0568207
16450 0.0084188 0 -0.036722
16500 0.00815024 0 -0.0131645
16550 -2.12255e-05 0 0.0025913
16600 -0.00747631 0 0.0219495
16650 -0.00701909 0 0.0203675
16700 -0.0139909 0 0.0217812
16750 -0.0107211 0 0.0234384
16800 -0.0145903 0 0.0302355
16850 -0.0199004 0 0.0200359
16900 -0.0180828 0 0.0256501
16950 -0.0184237 0 0.0315128
17000 -0.00778605 0 0.0232453
