200 0.0513693 0 -0.817018 0 0
230 -0.00773245 0 -0.985916 0 0
260 0.0378747 0 -0.966546 0 0
290 0.105116 0 -1.07078 0 0
320 0.175142 0 -1.12737 0 0
350 0.0416079 0 -1.08573 0 0
380 0.0280053 0 -1.17404 0 0
410 0.16371 0 -1.24305 0 0
440 0.0456518 0 -1.20988 0 0
470 0.0667547 0 -1.21346 0 0
500 0.111126 0 -1.2459 0 0
530 0.0698674 0 -1.31422 0 0
560 0.0892826 0 -1.1827 0 0
590 0.196357 0 -1.19111 0 0
620 0.26375 0 -1.24351 0 0
650 0.171201 0 -1.07795 0 0
680 0.325822 0 -1.0227 0 0
710 0.47868 0 -1.1475 0 0
740 0.384351 0 -0.911619 0 0
770 0.491078 0 -0.95218 0 0
800 0.541682 0 -1.06905 0 0
830 0.236697 0 -1.11474 0 0
860 0.26322 0 -1.05517 0 0
890 0.45308 0 -1.1609 0 0
920 0.259846 0 -1.20347 0 0
950 0.286401 0 -1.01961 0 0
980 0.295634 0 -1.15874 0 0
1010 0.217989 0 -1.11426 0 0
1040 0.151372 0 -1.05454 0 0
1070 0.221791 0 -1.11835 0 0
1100 0.30333 0 -1.14785 0 0
1130 0.147984 0 -1.09856 0 0
1160 0.306818 0 -1.07774 0 0
1190 0.523172 0 -1.10482 0 0
1220 0.378 0 -1.06663 0 0
1250 0.34017 0 -1.00777 0 0
1280 0.565346 0 -1.00198 0 0
1310 0.51069 0 -0.898824 0 0
1340 0.570616 0 -0.857762 0 0
1370 0.668886 0 -1.03167 0 0
1400 0.509444 0 -1.12325 0 0
1430 0.348526 0 -1.01649 0 0
1460 0.44786 0 -1.08703 0 0
1490 0.634759 0 -1.13749 0 0
1520 0.387881 0 -1.07827 0 0
1550 0.372882 0 -1.12282 0 0
1580 0.330735 0 -1.23122 0 0
1610 0.299928 0 -1.21596 0 0
1640 0.171999 0 -1.11189 0 0
1670 0.200746 0 -1.23084 0 0
1700 0.115006 0 -1.32968 0 0
1730 0.107502 0 -1.26932 0 0
1760 0.182587 0 -1.35732 0 0
1790 0.201488 0 -1.46338 0 0
1820 0.0736761 0 -1.39468 0 0
1850 0.0103325 0 -1.32945 0 0
1880 0.184611 0 -1.37159 0 0
1910 0.113908 0 -1.23049 0 0
1940 0.131143 0 -1.18866 0 0
1970 0.100209 0 -1.3341 0 0
2000 0.150175 0 -1.32745 0 0
2030 -0.0113064 0 -1.34093 0 0
2060 0.0987481 0 -1.34735 0 0
2090 0.140385 0 -1.43187 0 0
2120 0.159536 0 -1.3562 0 0
2150 0.0563473 0 -1.41878 0 0
2180 0.100787 0 -1.49827 0 0
2210 -0.0225265 0 -1.36383 0 0
2240 -0.114125 0 -1.38738 0 0
2270 -0.0540594 0 -1.27533 0 0
2300 -0.0649939 0 -1.30444 0 0
2330 0.00466076 0 -1.35389 0 0
2360 -0.109511 0 -1.3588 0 0
2390 -0.116482 0 -1.14679 0 0
2420 -0.128041 0 -1.15454 0 0
2450 0.120618 0 -1.14049 0 0
2480 0.0162427 0 -1.17811 0 0
2510 0.0509034 0 -1.16946 0 0
2540 0.218877 0 -1.21459 0 0
2570 0.0874254 0 -1.07232 0 0
2600 0.0908177 0 -1.21345 0 0
2630 0.222487 0 -1.31229 0 0
2660 0.0819244 0 -1.2912 0 0
2690 0.117118 0 -1.32694 0 0
2720 0.299268 0 -1.43671 0 0
2750 0.17245 0 -1.35824 0 0
2780 -0.0115253 0 -1.45439 0 0
2810 0.0513733 0 -1.45672 0 0
2840 0.0174039 0 -1.31061 0 0
2870 -0.0267504 0 -1.37479 0 0
2900 0.153585 0 -1.45835 0 0
2930 0.0594459 0 -1.47906 0 0
2960 0.0794047 0 -1.5194 0 0
2990 0.177072 0 -1.37043 0 0
3020 0.212241 0 -1.22341 0 0
3050 0.0918683 0 -1.30966 0 0
3080 0.231954 0 -1.36577 0 0
3110 0.203145 0 -1.15122 0 0
3140 0.17078 0 -1.1234 0 0
3170 0.303731 0 -1.13488 0 0
3200 0.219842 0 -1.28632 0 0
3230 0.148454 0 -1.25241 0 0
3260 0.235744 0 -1.20905 0 0
3290 0.216983 0 -1.35272 0 0
3320 0.0809456 0 -1.13554 0 0
3350 0.219977 0 -1.18864 0 0
3380 0.34125 0 -1.23255 0 0
3410 0.210107 0 -1.06883 0 0
3440 0.136091 0 -1.10374 0 0
3470 0.22789 0 -1.15975 0 0
3500 0.0724275 0 -1.21774 0 0
3530 -0.027473 0 -1.0892 0 0
3560 0.0798922 0 -1.12992 0 0
3590 0.227247 0 -1.25555 0 0
3620 0.102555 0 -1.15271 0 0
3650 0.100779 0 -1.13062 0 0
3680 0.159431 0 -1.16252 0 0
3710 0.00194357 0 -1.22749 0 0
3740 -0.0896202 0 -1.12557 0 0
3770 0.0975954 0 -1.23648 0 0
3800 0.124083 0 -1.31804 0 0
3830 0.0164882 0 -1.13756 0 0
3860 0.0293531 0 -1.19556 0 0
3890 0.129673 0 -1.22912 0 0
3920 0.0316302 0 -1.2367 0 0
3950 -0.00239393 0 -1.20512 0 0
3980 0.10135 0 -1.27981 0 0
4010 0.128994 0 -1.31486 0 0
4040 0.0745453 0 -1.12168 0 0
4070 0.0398936 0 -1.15813 0 0
4100 0.0887963 0 -1.2243 0 0
4130 0.0417699 0 -1.19828 0 0
4160 -0.0212293 0 -1.08846 0 0
4190 0.145921 0 -1.18259 0 0
4220 0.23121 0 -1.27533 0 0
4250 0.100726 0 -1.14384 0 0
4280 0.119826 0 -1.12614 0 0
4310 0.177466 0 -1.1935 0 0
4340 0.0726188 0 -1.26034 0 0
4370 -0.0699858 0 -1.17581 0 0
4400 0.0256408 0 -1.13084 0 0
4430 0.160213 0 -1.19633 0 0
4460 0.158785 0 -1.13491 0 0
4490 0.175908 0 -1.10539 0 0
4520 0.223702 0 -1.17822 0 0
4550 0.117427 0 -1.23132 0 0
4580 -0.0237218 0 -1.10212 0 0
4610 0.0931712 0 -1.12463 0 0
4640 0.196372 0 -1.18921 0 0
4670 0.107957 0 -1.07605 0 0
4700 0.169668 0 -1.06541 0 0
4730 0.242153 0 -1.19647 0 0
4760 0.123629 0 -1.24872 0 0
4790 -0.0340246 0 -1.15659 0 0
4820 -0.0158543 0 -1.21877 0 0
4850 0.324033 0 -1.3011 0 0
4880 0.0571099 0 -1.26964 0 0
4910 -0.0371886 0 -1.1325 0 0
4940 0.0495459 0 -1.18081 0 0
4970 0.0412025 0 -1.29559 0 0
5000 -0.146756 0 -1.19073 0 0
5030 -0.00384608 0 -1.23604 0 0
5060 0.167733 0 -1.34229 0 0
5090 0.0425822 0 -1.22221 0 0
5120 -0.0449689 0 -1.2207 0 0
5150 0.13168 0 -1.29876 0 0
5180 -0.00146992 0 -1.31436 0 0
5210 -0.164824 0 -1.16351 0 0
5240 0.0120601 0 -1.13425 0 0
5270 0.133796 0 -1.25648 0 0
5300 0.0937695 0 -1.23353 0 0
5330 -0.00765189 0 -1.09761 0 0
5360 0.101557 0 -1.15907 0 0
5390 0.130217 0 -1.27687 0 0
5420 -0.00425329 0 -1.15682 0 0
5450 0.0294245 0 -1.11754 0 0
5480 0.187179 0 -1.15987 0 0
5510 0.222735 0 -1.22593 0 0
5540 0.0746858 0 -1.02092 0 0
5570 0.0789341 0 -1.00963 0 0
5600 0.0550698 0 -1.05208 0 0
5630 -0.114744 0 -1.09127 0 0
5660 -0.0757676 0 -0.935568 0 0
5690 0.0918036 0 -1.02068 0 0
5720 0.0701534 0 -1.12904 0 0
5750 0.0605746 0 -0.991634 0 0
5780 0.0520472 0 -1.01291 0 0
5810 0.1282 0 -1.16892 0 0
5840 0.150045 0 -1.19657 0 0
5870 0.0577483 0 -1.08247 0 0
5900 0.0738079 0 -1.01247 0 0
5930 0.240775 0 -1.04713 0 0
5960 0.261121 0 -1.16784 0 0
5990 0.0975648 0 -0.997645 0 0
6020 0.0885689 0 -1.0578 0 0
6050 0.0883346 0 -1.10034 0 0
6080 0.0483915 0 -1.24142 0 0
6110 0.0162534 0 -1.1001 0 0
6140 0.123088 0 -1.1352 0 0
6170 0.0773588 0 -1.21823 0 0
6200 -0.0345974 0 -1.10556 0 0
6230 0.0295068 0 -1.15649 0 0
6260 0.230895 0 -1.25345 0 0
6290 0.136309 0 -1.36903 0 0
6320 0.103659 0 -1.18406 0 0
6350 0.245337 0 -1.1659 0 0
6380 0.219693 0 -1.15825 0 0
6410 0.109211 0 -1.01067 0 0
6440 0.101103 0 -0.999424 0 0
6470 0.140962 0 -1.03103 0 0
6500 0.136188 0 -1.14841 0 0
6530 0.0884279 0 -1.10946 0 0
6560 0.148383 0 -1.18959 0 0
6590 0.100938 0 -1.2624 0 0
6620 0.0281847 0 -1.12492 0 0
6650 0.0708795 0 -1.10119 0 0
6680 0.0865547 0 -1.24414 0 0
6710 -0.0183698 0 -1.1427 0 0
6740 0.0106212 0 -1.12051 0 0
6770 0.109501 0 -1.15202 0 0
6800 -0.0225396 0 -1.1431 0 0
6830 -0.0430839 0 -1.03121 0 0
6860 -0.00760388 0 -1.13302 0 0
6890 -0.0674477 0 -1.14564 0 0
6920 -0.0507417 0 -1.02586 0 0
6950 -0.0482119 0 -1.14567 0 0
6980 0.101095 0 -1.21614 0 0
7010 -0.106334 0 -1.2474 0 0
7040 -0.0887172 0 -1.1663 0 0
7070 0.0281295 0 -1.21637 0 0
7100 0.00849068 0 -1.37582 0 0
7130 -0.150908 0 -1.39622 0 0
7160 0.164337 0 -1.38216 0 0
7190 0.292979 0 -1.36518 0 0
7220 0.0971354 0 -1.24037 0 0
7250 -0.0711641 0 -1.26599 0 0
7280 0.132683 0 -1.27195 0 0
7310 0.0330876 0 -1.26707 0 0
7340 -0.00884048 0 -1.21527 0 0
7370 0.0601294 0 -1.28978 0 0
7400 0.0626588 0 -1.37351 0 0
7430 -0.0302911 0 -1.2578 0 0
7460 -0.115853 0 -1.31474 0 0
7490 -0.0246723 0 -1.34951 0 0
7520 -0.0633648 0 -1.34697 0 0
7550 -0.046013 0 -1.25802 0 0
7580 0.0866923 0 -1.33926 0 0
7610 0.0668912 0 -1.43906 0 0
7640 -0.0506571 0 -1.21369 0 0
7670 -0.0768014 0 -1.23054 0 0
7700 -0.0144017 0 -1.20482 0 0
7730 -0.191481 0 -1.13323 0 0
7760 -0.136717 0 -1.06724 0 0
7790 -0.0741305 0 -1.1376 0 0
7820 -0.14577 0 -1.17894 0 0
7850 -0.0983269 0 -1.05692 0 0
7880 -0.0244879 0 -0.993275 0 0
7910 -3.52236e-05 0 -1.16255 0 0
7940 -0.0705391 0 -1.12076 0 0
7970 0.0364805 0 -1.14053 0 0
8000 0.20133 0 -1.2584 0 0
8030 0.0643645 0 -1.14095 0 0
8060 0.00474802 0 -1.06838 0 0
8090 0.0170256 0 -1.12575 0 0
8120 -0.0355858 0 -1.14541 0 0
8150 -0.127034 0 -1.09073 0 0
8180 0.0357801 0 -1.18041 0 0
8210 -0.03183 0 -1.40269 0 0
8240 -0.0784641 0 -1.30948 0 0
8270 0.0888531 0 -1.27388 0 0
8300 0.250019 0 -1.38265 0 0
8330 -0.0118252 0 -1.26185 0 0
8360 -0.00889206 0 -1.25941 0 0
8390 0.0850652 0 -1.3516 0 0
8420 0.00796253 0 -1.4426 0 0
8450 0.0289824 0 -1.33273 0 0
8480 0.0109878 0 -1.43329 0 0
8510 0.0520091 0 -1.45461 0 0
8540 -0.114223 0 -1.324 0 0
8570 0.047173 0 -1.38715 0 0
8600 0.237503 0 -1.54565 0 0
8630 0.0231966 0 -1.44835 0 0
8660 0.0667651 0 -1.33702 0 0
8690 0.102758 0 -1.4215 0 0
8720 -0.0389341 0 -1.18868 0 0
8750 -0.0281994 0 -1.14411 0 0
8780 0.0231774 0 -1.30488 0 0
8810 -0.0163854 0 -1.2762 0 0
8840 -0.00970989 0 -1.2415 0 0
8870 0.067955 0 -1.2452 0 0
8900 0.086283 0 -1.3342 0 0
8930 -0.168061 0 -1.24171 0 0
8960 -0.0948469 0 -1.29423 0 0
8990 0.102576 0 -1.46684 0 0
9020 0.0182548 0 -1.40389 0 0
9050 -0.0163397 0 -1.27741 0 0
9080 0.036043 0 -1.38737 0 0
9110 -0.0662517 0 -1.36209 0 0
9140 -0.11279 0 -1.37194 0 0
9170 0.162866 0 -1.36416 0 0
9200 0.20268 0 -1.50859 0 0
9230 0.114781 0 -1.35499 0 0
9260 -0.0335533 0 -1.35287 0 0
9290 0.0493052 0 -1.45066 0 0
9320 -0.111155 0 -1.37725 0 0
9350 -0.0402637 0 -1.25193 0 0
9380 0.0572947 0 -1.32845 0 0
9410 0.0723451 0 -1.24599 0 0
9440 0.0428277 0 -1.20295 0 0
9470 -0.0308397 0 -1.28227 0 0
9500 0.0211437 0 -1.33223 0 0
9530 -0.0946269 0 -1.30607 0 0
9560 -0.00756198 0 -1.33048 0 0
9590 0.0475788 0 -1.46191 0 0
9620 -0.00756745 0 -1.3705 0 0
9650 -0.0168291 0 -1.27216 0 0
9680 -0.00667298 0 -1.27781 0 0
9710 -0.0929295 0 -1.35803 0 0
9740 -0.134854 0 -1.16733 0 0
9770 0.00549126 0 -1.23645 0 0
9800 0.10836 0 -1.38472 0 0
9830 0.01117 0 -1.34168 0 0
9860 0.128421 0 -1.12968 0 0
9890 0.293577 0 -1.32117 0 0
9920 0.0539577 0 -1.23344 0 0
9950 -0.0286403 0 -1.1518 0 0
9980 0.0940854 0 -1.20193 0 0
10010 0.00690518 0 -1.34576 0 0
10040 -0.00977649 0 -1.28875 0 0
10070 0.0185932 0 -1.41163 0 0
10100 -0.012016 0 -1.52581 0 0
10130 -0.0750752 0 -1.39989 0 0
10160 0.102694 0 -1.33929 0 0
10190 0.244688 0 -1.47593 0 0
10220 0.16319 0 -1.26549 0 0
10250 0.0787492 0 -1.20819 0 0
10280 0.170341 0 -1.27657 0 0
10310 -0.0769954 0 -1.25533 0 0
10340 -0.0463247 0 -1.20649 0 0
10370 0.0563685 0 -1.23938 0 0
10400 0.0533651 0 -1.32391 0 0
10430 0.0047451 0 -1.13613 0 0
10460 -0.0515083 0 -1.13259 0 0
10490 -0.0904917 0 -1.08783 0 0
10520 -0.108561 0 -1.15443 0 0
10550 -0.0798113 0 -1.03008 0 0
10580 0.0685874 0 -0.999906 0 0
10610 0.0414403 0 -0.997608 0 0
10640 -0.0362008 0 -0.840111 0 0
10670 -0.0392241 0 -0.900832 0 0
10700 0.00983473 0 -0.827276 0 0
10730 -0.11849 0 -0.907813 0 0
10760 -0.1536 0 -0.831837 0 0
10790 0.0159105 0 -0.770545 0 1
10820 0.0553175 0 -0.851538 0 2
10850 0.115816 0 -0.730804 0 2
10880 0.194662 0 -0.545473 0 2
10910 0 0 0 0 3
10940 0 0 0 0 3
10970 0 0 0 0 3
11000 0 0 0 2 3
11030 0 0 0 0 3
11060 0 0 0 0 3
11090 0 0 0 0 3
