200 0.0583856 0 -0.0342335
250 0.0983931 0 -0.15944
300 -0.00558157 0 -0.311315
350 0.109855 0 -0.531426
400 0.0734315 0 -0.773912
450 -0.0793659 0 -0.741638
500 0.203331 0 -1.11393
550 0.328454 0 -1.52973
600 0.303982 0 -1.53806
650 0.102928 0 -1.63584
700 -0.185474 0 -1.40282
750 -0.0920348 0 -1.39197
800 0.119328 0 -1.44985
850 0.310171 0 -1.64349
900 0.24083 0 -1.41542
950 -0.0622762 0 -1.176
1000 -0.0213896 0 -1.34902
1050 0.010031 0 -1.54075
1100 0.249267 0 -1.66368
1150 0.280414 0 -1.77822
1200 0.141983 0 -1.59797
1250 0.0702309 0 -1.60296
1300 0.19581 0 -1.60735
1350 0.00180268 0 -1.7502
1400 0.0879914 0 -1.48875
1450 0.0816168 0 -1.37868
1500 0.0247264 0 -1.16316
1550 0.184828 0 -1.25434
1600 0.215728 0 -1.37273
1650 0.274272 0 -1.34659
1700 0.297268 0 -1.44143
1750 0.153332 0 -1.47297
1800 -0.127967 0 -1.57065
1850 0.0210357 0 -1.47781
1900 0.100026 0 -1.43994
1950 0.0855648 0 -1.31164
2000 0.0554674 0 -1.33877
2050 0.0503503 0 -1.27825
2100 -0.022167 0 -1.27161
2150 0.0426382 0 -1.28399
2200 0.0698754 0 -1.3702
2250 -0.0591253 0 -1.43539
2300 -0.14459 0 -1.42284
2350 -0.188297 0 -1.14042
2400 -0.184922 0 -1.13351
2450 0.0721098 0 -1.38762
2500 -0.121104 0 -1.21622
2550 -0.262015 0 -1.36569
2600 -0.141009 0 -1.27543
2650 -0.0419002 0 -1.26427
2700 0.124633 0 -1.42799
2750 0.217822 0 -1.45618
2800 0.0792018 0 -1.18838
2850 0.0255475 0 -1.12177
2900 -0.0555834 0 -1.13074
2950 -0.0932499 0 -1.03745
3000 -0.135019 0 -1.14458
3050 -0.232527 0 -0.973993
3100 -0.0802379 0 -1.0285
3150 -0.0361381 0 -1.11329
3200 0.256124 0 -1.09834
3250 -0.0771318 0 -1.2178
3300 -0.0168313 0 -1.08986
3350 -0.0472235 0 -1.10983
3400 0.141217 0 -1.26801
3450 0.0977708 0 -1.30818
3500 -0.13622 0 -1.28703
3550 -0.179077 0 -1.21686
3600 -0.270012 0 -1.67423
3650 -0.224019 0 -1.49734
3700 -0.061753 0 -1.33116
3750 -0.0152591 0 -1.22019
3800 0.0216544 0 -1.32868
3850 0.0667969 0 -1.31284
3900 0.0993458 0 -1.36896
3950 0.0403358 0 -1.24616
4000 0.0253436 0 -1.09924
4050 -0.0173713 0 -1.39621
4100 0.127126 0 -1.49196
4150 -0.0119697 0 -1.46759
4200 -0.086043 0 -1.39504
4250 0.0147258 0 -1.21673
4300 0.0479701 0 -1.28855
4350 -0.0872515 0 -1.30291
4400 -0.0362579 0 -1.3338
4450 -0.0642626 0 -1.13595
4500 0.127267 0 -1.22971
4550 0.351873 0 -1.16389
4600 0.502332 0 -1.15073
4650 0.12794 0 -0.865251
4700 0.0642734 0 -0.958504
4750 -0.00280821 0 -1.14114
4800 0.0913139 0 -1.1104
4850 -0.0668366 0 -1.05588
4900 -0.288256 0 -0.940388
4950 -0.20223 0 -1.03737
5000 -0.180954 0 -1.33996
5050 -0.0966327 0 -1.5507
5100 -0.19893 0 -1.34407
5150 -0.0966395 0 -1.28355
5200 0.0367488 0 -1.53528
5250 -0.0210819 0 -1.72534
5300 -0.035402 0 -1.5974
5350 -0.0154626 0 -1.49377
5400 0.0347139 0 -1.30566
5450 0.145766 0 -1.46399
5500 0.39002 0 -1.17179
5550 0.160713 0 -1.43338
5600 0.194809 0 -1.30865
5650 -0.0566489 0 -1.30331
5700 -0.0291799 0 -1.45084
5750 0.125864 0 -1.45895
5800 0.134261 0 -1.36257
5850 0.0960828 0 -1.23204
5900 0.230339 0 -1.49373
5950 0.101485 0 -1.44968
6000 0.104983 0 -1.58328
6050 -0.0417897 0 -1.61763
6100 0.299002 0 -1.44241
6150 0.293571 0 -1.46309
6200 0.236375 0 -1.28395
6250 -0.0557319 0 -1.23524
6300 0.0553188 0 -1.22373
6350 0.0140665 0 -0.923594
6400 -0.017092 0 -0.861521
6450 -0.0147837 0 -1.3223
6500 -0.141021 0 -1.47582
6550 -0.0671412 0 -1.22143
6600 0.117193 0 -1.48359
6650 0.278301 0 -1.3014
6700 -0.0478343 0 -1.20648
6750 0.0100875 0 -1.27894
6800 -0.0209187 0 -1.24283
6850 -0.0543517 0 -1.44433
6900 0.0793084 0 -1.38034
6950 0.107086 0 -1.37237
7000 -0.000529801 0 -1.30178
7050 0.133649 0 -1.48642
7100 0.188801 0 -1.4646
7150 0.315582 0 -1.41056
7200 0.258495 0 -1.44303
7250 0.145532 0 -1.27961
7300 0.271811 0 -1.44831
7350 0.166166 0 -1.54546
7400 -0.0340728 0 -1.47137
7450 0.0534154 0 -1.46962
7500 -0.052505 0 -1.52129
7550 0.00459555 0 -1.4999
7600 -0.0368251 0 -1.41447
7650 -0.000615613 0 -1.38666
7700 -0.18307 0 -1.29624
7750 -0.0247065 0 -1.41172
7800 0.245142 0 -1.21562
7850 0.0154224 0 -1.40229
7900 0.080965 0 -1.17388
7950 -0.0313605 0 -1.16595
8000 -0.133489 0 -1.41059
8050 0.181452 0 -1.28229
8100 0.050914 0 -1.27919
8150 0.0444475 0 -1.17979
8200 0.255052 0 -1.40948
8250 0.171445 0 -1.48046
8300 0.107597 0 -1.49556
8350 0.107446 0 -1.56434
8400 0.0369409 0 -1.41867
8450 0.241507 0 -1.32281
8500 0.455582 0 -1.32395
8550 0.142254 0 -1.29068
8600 0.127324 0 -1.21774
8650 -0.164529 0 -0.947068
8700 -0.121607 0 -0.92603
8750 -0.175638 0 -0.853294
8800 -0.479636 0 -0.878411
8850 -0.523806 0 -0.900785
8900 -0.347617 0 -0.989962
8950 0.0372254 0 -0.878699
9000 0.314216 0 -0.78845
9050 0.235874 0 -0.962517
9100 0.22122 0 -0.907985
9150 0.0645483 0 -1.02877
9200 0.27853 0 -1.13477
9250 0.40216 0 -1.18248
9300 0.126208 0 -1.25941
9350 0.134962 0 -1.41978
9400 0.19559 0 -1.44791
9450 0.138157 0 -1.44092
9500 0.104974 0 -1.43811
9550 0.0642541 0 -1.54302
9600 0.136653 0 -1.49243
9650 0.246112 0 -1.62599
9700 0.452978 0 -1.49382
9750 0.183836 0 -1.74832
9800 0.119583 0 -1.60587
9850 0.0455201 0 -1.3006
9900 0.144002 0 -1.40711
9950 0.318629 0 -1.43821
10000 0.00184145 0 -1.39447
10050 0.217479 0 -1.51967
10100 0.105433 0 -1.46623
10150 0.121327 0 -1.46688
10200 0.0451394 0 -1.46064
10250 0.0416833 0 -1.43544
10300 -0.129489 0 -1.43555
10350 0.141908 0 -1.56314
10400 0.234119 0 -1.36683
10450 0.0250086 0 -1.4665
10500 0.0111452 0 -1.22786
10550 -0.214552 0 -1.19613
10600 -0.201884 0 -1.43078
10650 -0.163449 0 -1.43357
10700 -0.0761176 0 -1.38591
10750 0.0173647 0 -1.30216
10800 0.11935 0 -1.48148
10850 0.102806 0 -1.52553
10900 -0.0908845 0 -1.5775
10950 -0.079907 0 -1.4463
11000 0.0699038 0 -1.34569
11050 0.0993787 0 -1.35367
11100 0.108582 0 -1.36953
11150 0.0786511 0 -1.20103
11200 -0.0272521 0 -1.15232
11250 0.201007 0 -1.49233
11300 0.154235 0 -1.34773
11350 -0.0792052 0 -1.47045
11400 -0.0723151 0 -1.34995
11450 -0.184008 0 -1.28294
11500 -0.155391 0 -1.2783
11550 -0.214626 0 -1.33289
11600 -0.248673 0 -1.31432
11650 -0.166555 0 -1.18826
11700 -0.145913 0 -1.53454
11750 0.0400513 0 -1.72122
11800 -0.156267 0 -1.52525
11850 -0.177375 0 -1.40997
11900 -0.226685 0 -1.44284
11950 0.012479 0 -1.70039
12000 0.442901 0 -1.54492
12050 0.0642502 0 -1.69333
12100 -0.0518788 0 -1.43396
12150 -0.177265 0 -1.35136
12200 -0.15557 0 -1.39637
12250 -0.0356638 0 -1.41939
12300 -0.0639908 0 -1.26463
12350 -0.0285343 0 -1.10285
12400 0.0496721 0 -1.42707
12450 0.178545 0 -1.4125
12500 -0.141902 0 -1.49137
12550 -0.141912 0 -1.444
12600 -0.32127 0 -1.34698
12650 -0.168694 0 -1.48963
12700 0.0226411 0 -1.33615
12750 -0.0464597 0 -1.15938
12800 -0.0917361 0 -0.954819
12850 -0.0730422 0 -1.29644
12900 0.00104771 0 -1.53691
12950 -0.0563747 0 -1.40094
13000 -0.204189 0 -1.30709
13050 -0.0742776 0 -1.1077
13100 -0.0413333 0 -1.3022
13150 0.269553 0 -1.36742
13200 -0.0927303 0 -1.44887
13250 -0.0670465 0 -1.36508
13300 -0.16634 0 -1.13242
13350 -0.0485292 0 -1.20711
13400 0.185512 0 -1.21707
13450 0.154423 0 -1.18941
13500 0.246435 0 -1.15759
13550 0.234162 0 -1.32201
13600 0.469706 0 -1.30019
13650 0.284339 0 -1.30985
13700 0.0480343 0 -1.18525
13750 -0.0446545 0 -1.12559
13800 0.120464 0 -1.3231
13850 -0.0275584 0 -1.38595
13900 -0.185253 0 -1.13419
13950 -0.179956 0 -1.21685
14000 -0.299153 0 -1.46057
14050 -0.155785 0 -1.59485
14100 0.212975 0 -1.29861
14150 0.173624 0 -1.22726
14200 0.212606 0 -1.20848
14250 0.0738524 0 -1.24745
14300 0.175563 0 -1.4572
14350 -0.0789067 0 -1.27461
14400 0.0355511 0 -1.29765
14450 0.0258306 0 -1.20596
14500 0.0903994 0 -1.38803
14550 0.369358 0 -1.2613
14600 0.0597289 0 -1.11837
14650 -0.0440093 0 -1.08142
14700 -0.024987 0 -1.0169
14750 -0.0479022 0 -0.919679
14800 0.134529 0 -0.736732
14850 -0.663659 0 0.238432
14900 -0.0545267 0 -1.00207
14950 -0.166266 0 -0.364839
15000 -0.00451449 0 -0.636133
15050 0.0235151 0 -0.858764
15100 0.0809999 0 -0.767862
15150 -0.00815024 0 -1.02194
15200 0.063816 0 -1.04448
15250 0.550561 0 -0.841692
15300 0.106727 0 -1.24281
15350 0.0439134 0 -1.25875
15400 0.177291 0 -1.26154
15450 0.0941996 0 -1.39172
15500 0.222262 0 -1.30135
15550 0.0862651 0 -1.06382
15600 0.0436551 0 -1.19049
15650 0.0103904 0 -1.06114
15700 0.243279 0 -1.24168
15750 0.497861 0 -1.45605
15800 0.198145 0 -1.35524
15850 0.136647 0 -1.43329
15900 0.161105 0 -1.27657
15950 0.419833 0 -1.13492
16000 0.511542 0 -1.12873
16050 0.132175 0 -1.20057
16100 0.183732 0 -1.26773
16150 0.227516 0 -1.31075
16200 0.312924 0 -1.19887
16250 0.302391 0 -1.20854
16300 0.0123847 0 -1.03079
16350 0.0369443 0 -1.11566
16400 -0.0253723 0 -1.2502
16450 0.234794 0 -1.19897
16500 0.141442 0 -1.34554
16550 -0.0699409 0 -1.29058
16600 0.0161591 0 -1.33943
16650 0.121164 0 -1.44993
16700 0.167201 0 -1.47414
16750 0.224226 0 -1.3469
16800 0.17954 0 -1.26161
16850 0.110776 0 -1.17287
16900 0.211308 0 -1.48059
16950 0.404736 0 -1.58757
17000 0.179092 0 -1.69595
17050 -0.00898354 0 -1.63751
17100 0.0942219 0 -1.54027
17150 0.226684 0 -1.25897
17200 -0.00184978 0 -1.1349
17250 -0.0697606 0 -1.10777
17300 -0.0313222 0 -0.95143
17350 0.0520396 0 -1.16781
17400 -0.0308789 0 -1.24568
17450 -0.0581214 0 -1.19289
17500 0.0370074 0 -0.676094
17550 0.0976543 0 -0.684513
17600 -0.0668706 0 -1.20669
17650 0.0612023 0 -1.15785
17700 0.0779938 0 -1.33166
17750 0.105537 0 -1.23861
17800 0.101203 0 -1.46579
17850 0.0770381 0 -1.59492
17900 0.0827381 0 -1.44582
17950 0.155283 0 -1.28825
18000 0.196157 0 -1.50921
18050 0.0690885 0 -1.50517
18100 0.237559 0 -1.37098
18150 0.168173 0 -1.51112
18200 0.192379 0 -1.32154
18250 0.246025 0 -1.28967
18300 0.024708 0 -1.3804
18350 0.0338219 0 -1.29545
18400 0.175398 0 -1.2245
18450 0.218703 0 -1.50126
18500 0.289224 0 -1.51637
18550 0.261283 0 -1.60862
18600 0.199536 0 -1.53258
18650 0.150102 0 -1.36055
18700 0.0470001 0 -1.39445
18750 0.120974 0 -1.3419
18800 0.177925 0 -1.3651
18850 0.0974497 0 -1.24422
18900 0.387865 0 -1.28768
18950 0.571514 0 -1.19839
19000 0.244489 0 -1.44135
19050 0.290159 0 -1.48614
19100 0.128382 0 -1.37292
19150 0.229171 0 -1.34251
19200 0.301981 0 -1.30154
19250 0.237678 0 -1.31375
19300 0.108004 0 -1.24382
19350 0.171373 0 -1.45306
19400 0.195513 0 -1.40765
19450 -0.00147387 0 -1.50124
19500 0.0794155 0 -1.46174
19550 0.19742 0 -1.33558
19600 0.156835 0 -1.33157
19650 0.183891 0 -1.31002
19700 0.165626 0 -1.35035
19750 -0.0334182 0 -0.980845
19800 0.173185 0 -1.45833
19850 0.0722909 0 -1.42651
19900 0.0589202 0 -1.30552
19950 0.0972296 0 -1.27134
20000 0.0753306 0 -1.30407
20050 -0.0402746 0 -1.3443
20100 0.0377104 0 -1.29954
20150 0.0740775 0 -1.25772
20200 0.179508 0 -1.31625
20250 0.0294316 0 -1.37403
20300 0.182413 0 -1.25848
20350 0.1788 0 -1.29546
20400 0.114299 0 -1.3084
20450 0.0170188 0 -1.17959
20500 0.140313 0 -1.1179
20550 0.288969 0 -0.953279
20600 0.28944 0 -0.904783
20650 0.243703 0 -0.988628
20700 0.00829032 0 -0.797251
20750 -0.313914 0 -0.844553
20800 -0.308883 0 -0.88385
20850 -0.288165 0 -0.865212
20900 -0.0185932 0 -1.23048
20950 0.406525 0 -1.32228
21000 0.250678 0 -1.26763
21050 0.312209 0 -1.40545
21100 0.135811 0 -1.60233
21150 0.0150679 0 -1.69526
21200 0.13177 0 -1.59044
21250 0.0237539 0 -1.6577
21300 0.0976098 0 -1.41582
21350 -0.0401985 0 -1.37167
21400 -0.0895375 0 -0.823215
21450 0.0294683 0 -0.723376
21500 -0.00687964 0 -0.742757
21550 0.0222019 0 -1.1613
21600 -0.051358 0 -0.903006
21650 0.0699843 0 -1.03756
21700 0.142203 0 -0.911276
21750 0.0748767 0 -1.12432
21800 0.0552979 0 -1.18962
21850 -0.085148 0 -1.27453
21900 0.0431713 0 -1.1105
21950 0.132583 0 -1.50773
22000 0.103678 0 -1.635
22050 0.145444 0 -1.58883
22100 0.172852 0 -1.34955
22150 -0.0362037 0 -1.40015
22200 0.11434 0 -1.41646
22250 0.232412 0 -1.35399
22300 0.0675168 0 -1.34278
22350 0.197905 0 -1.23855
22400 0.0837722 0 -1.3379
22450 0.0292554 0 -1.43944
22500 0.212323 0 -1.33989
22550 0.0110303 0 -1.12936
22600 -0.0187646 0 -1.16714
22650 0.0132272 0 -1.09848
22700 0.105479 0 -0.998544
22750 0.0587229 0 -0.799269
22800 -0.357392 0 0.222166
22850 -0.261168 0 0.170724
22900 -0.0454678 0 0.197871
22950 0.0760511 0 -0.142224
23000 0.157657 0 -0.162524
