200 -0.00668663 0 0.0226011
250 -0.0110056 0 0.0192831
300 -0.0130571 0 0.0230762
350 -0.0116681 0 0.0185549
400 -0.0139688 0 0.0307558
450 -0.0250694 0 0.071819
500 -0.05228 0 0.0830382
550 -0.0360219 0 0.0176338
600 -0.0163539 0 -0.00526615
650 0.0283059 0 -0.0984974
700 -0.409429 0 -0.0704299
750 -0.425884 0 -0.0230272
800 -0.557435 0 0.0823431
850 -0.698513 0 0.311521
900 -0.794371 0 0.362874
950 -0.883169 0 0.305377
1000 -0.932668 0 0.219163
1050 -0.841945 0 0.314364
1100 -0.789236 0 0.458462
1150 -0.912177 0 0.371063
1200 -0.981455 0 0.27632
1250 -1.08091 0 0.233385
1300 -1.06151 0 0.360098
1350 -1.06089 0 0.322791
1400 -1.17601 0 0.346472
1450 -1.20205 0 0.268118
1500 -1.17457 0 0.420986
1550 -1.16241 0 0.443413
1600 -1.22853 0 0.411042
1650 -1.27971 0 0.335434
1700 -1.27844 0 0.551595
1750 -1.23845 0 0.507771
1800 -1.23496 0 0.434379
1850 -1.18663 0 0.388854
1900 -1.2099 0 0.543795
1950 -1.2391 0 0.477705
2000 -1.3548 0 0.443457
2050 -1.31465 0 0.439348
2100 -1.26082 0 0.635047
2150 -1.24188 0 0.534184
2200 -1.30849 0 0.455792
2250 -1.29819 0 0.425671
2300 -1.25576 0 0.564381
2350 -1.13203 0 0.465198
2400 -1.23386 0 0.423976
2450 -1.24379 0 0.387714
2500 -1.32506 0 0.525479
2550 -1.20081 0 0.470654
2600 -1.31538 0 0.397114
2650 -1.27676 0 0.414559
2700 -1.2572 0 0.53481
2750 -1.15896 0 0.486399
2800 -1.31338 0 0.412713
2850 -1.28288 0 0.410095
2900 -1.2908 0 0.540032
2950 -1.22629 0 0.459509
3000 -1.22766 0 0.4097
3050 -1.15291 0 0.428985
3100 -1.27406 0 0.49633
3150 -1.15923 0 0.457667
3200 -1.25763 0 0.337229
3250 -1.2178 0 0.422277
3300 -1.33054 0 0.515806
3350 -1.28582 0 0.438319
3400 -1.23223 0 0.343604
3450 -1.17249 0 0.427835
3500 -1.32956 0 0.496934
3550 -1.29543 0 0.412843
3600 -1.24121 0 0.309218
3650 -1.18409 0 0.353417
3700 -1.27546 0 0.474307
3750 -1.24283 0 0.453385
3800 -1.16249 0 0.332377
3850 -1.11145 0 0.360413
3900 -1.20242 0 0.51541
3950 -1.13213 0 0.447461
4000 -1.17775 0 0.361485
4050 -1.1618 0 0.421583
4100 -1.23171 0 0.550914
4150 -1.11377 0 0.44074
4200 -1.10502 0 0.32857
4250 -1.08981 0 0.407078
4300 -1.18219 0 0.550819
4350 -1.07142 0 0.479515
4400 -1.07203 0 0.395291
4450 -0.988895 0 0.418921
4500 -1.03663 0 0.507785
4550 -1.01476 0 0.446571
4600 -1.08553 0 0.29733
4650 -1.03256 0 0.299495
4700 -1.04105 0 0.531757
4750 -0.997755 0 0.42726
4800 -1.07054 0 0.314443
4850 -1.09238 0 0.293666
4900 -1.08435 0 0.430244
4950 -1.1409 0 0.431024
5000 -1.1182 0 0.415527
5050 -1.21113 0 0.3085
5100 -1.20791 0 0.46808
5150 -1.2312 0 0.459268
5200 -1.22584 0 0.402209
5250 -1.2 0 0.34391
5300 -1.15088 0 0.445955
5350 -1.26544 0 0.455421
5400 -1.19702 0 0.43036
5450 -1.17432 0 0.317111
5500 -1.19567 0 0.421346
5550 -1.27383 0 0.485453
5600 -1.21688 0 0.37851
5650 -1.23908 0 0.230584
5700 -1.22923 0 0.390082
5750 -1.38623 0 0.501083
5800 -1.32974 0 0.441899
5850 -1.29813 0 0.286279
5900 -1.26942 0 0.4304
5950 -1.30339 0 0.49864
6000 -1.23207 0 0.430244
6050 -1.2294 0 0.305526
6100 -1.22352 0 0.374756
6150 -1.2745 0 0.459418
6200 -1.16859 0 0.385643
6250 -1.14095 0 0.28449
6300 -1.07542 0 0.377543
6350 -1.13728 0 0.535292
6400 -1.05844 0 0.448762
6450 -1.11081 0 0.397909
6500 -1.01108 0 0.384404
6550 -1.07783 0 0.487479
6600 -1.00748 0 0.435565
6650 -1.07955 0 0.349254
6700 -1.02353 0 0.325453
6750 -1.01139 0 0.472027
6800 -0.846621 0 0.374249
6850 -0.893523 0 0.29929
6900 -0.905352 0 0.193639
6950 -0.852146 0 0.370598
7000 -1.03274 0 0.460316
7050 -1.09953 0 0.405429
7100 -1.23987 0 0.284685
7150 -1.06943 0 0.404641
7200 -1.12351 0 0.557289
7250 -1.13021 0 0.448425
7300 -1.14623 0 0.382117
7350 -1.21446 0 0.382981
7400 -1.25484 0 0.482743
7450 -1.27015 0 0.417398
7500 -1.23324 0 0.318142
7550 -1.20127 0 0.391004
7600 -1.30984 0 0.519354
7650 -1.22494 0 0.426793
7700 -1.20887 0 0.33196
7750 -1.17648 0 0.394278
7800 -1.24177 0 0.550524
7850 -1.25836 0 0.449006
7900 -1.29181 0 0.359992
7950 -1.2326 0 0.374584
8000 -1.21471 0 0.514645
8050 -1.23992 0 0.511532
8100 -1.28526 0 0.427876
8150 -1.19155 0 0.38381
8200 -1.21779 0 0.526186
8250 -1.15045 0 0.458597
8300 -1.26497 0 0.373071
8350 -1.24517 0 0.351341
8400 -1.2685 0 0.523195
8450 -1.20448 0 0.454793
8500 -1.23385 0 0.39821
8550 -1.19764 0 0.382229
8600 -1.17661 0 0.55957
8650 -1.12348 0 0.430665
8700 -1.28034 0 0.35525
8750 -1.24256 0 0.317211
8800 -1.23813 0 0.482991
8850 -1.20983 0 0.436472
8900 -1.3117 0 0.310634
8950 -1.25009 0 0.33139
9000 -1.256 0 0.50153
9050 -1.23665 0 0.432628
9100 -1.27242 0 0.248419
9150 -1.21398 0 0.284269
9200 -1.3064 0 0.47908
9250 -1.29575 0 0.437641
9300 -1.30707 0 0.386474
9350 -1.23421 0 0.355287
9400 -1.22049 0 0.548301
9450 -1.14599 0 0.454745
9500 -1.24907 0 0.373218
9550 -1.17861 0 0.350806
9600 -1.22637 0 0.53808
9650 -1.23291 0 0.463193
9700 -1.29005 0 0.367578
9750 -1.27075 0 0.349684
9800 -1.25607 0 0.532657
9850 -1.26472 0 0.466745
9900 -1.31321 0 0.398294
9950 -1.22134 0 0.421959
10000 -1.12728 0 0.60216
10050 -1.08068 0 0.488261
10100 -1.21302 0 0.425775
10150 -1.14584 0 0.340976
10200 -1.02272 0 0.51672
10250 -0.842643 0 0.402233
10300 -0.881297 0 0.425222
10350 -0.952375 0 0.33844
10400 -0.998111 0 0.494402
10450 -0.906078 0 0.422572
10500 -0.921961 0 0.409456
10550 -0.947974 0 0.31287
10600 -0.947392 0 0.474395
10650 -0.985977 0 0.431781
10700 -0.937945 0 0.317806
10750 -1.12165 0 0.201678
10800 -1.10416 0 0.345408
10850 -1.00278 0 0.398552
10900 -1.02214 0 0.390052
10950 -1.12144 0 0.317865
11000 -1.14941 0 0.325267
11050 -1.17615 0 0.48035
11100 -1.15117 0 0.416999
11150 -1.15411 0 0.359414
11200 -1.18181 0 0.309707
11250 -1.21473 0 0.477021
11300 -1.18916 0 0.368826
11350 -1.26892 0 0.335473
11400 -1.25431 0 0.246541
11450 -1.21801 0 0.471685
11500 -1.13866 0 0.400344
11550 -1.2087 0 0.309292
11600 -1.24593 0 0.237621
11650 -1.24017 0 0.431738
11700 -1.23072 0 0.413681
11750 -1.23783 0 0.369087
11800 -1.2864 0 0.272809
11850 -1.24497 0 0.42578
11900 -1.26738 0 0.431216
11950 -1.22355 0 0.378937
12000 -1.25716 0 0.280896
12050 -1.17002 0 0.405385
12100 -1.28082 0 0.420283
12150 -1.26377 0 0.381705
12200 -1.20385 0 0.275329
12250 -1.16907 0 0.35217
12300 -1.24135 0 0.386467
12350 -1.11081 0 0.360314
12400 -1.18806 0 0.226279
12450 -1.15794 0 0.307276
12500 -1.20843 0 0.419419
12550 -1.06755 0 0.344717
12600 -1.09394 0 0.284829
12650 -1.05453 0 0.268942
12700 -1.02866 0 0.394577
12750 -0.694306 0 0.277859
12800 -0.5642 0 0.129404
12850 -0.200668 0 0.0289239
12900 -0.128779 0 0.179958
12950 -0.180323 0 0.181576
13000 0.01508 0 0.0840643
13050 -0.0352936 0 0.0382306
13100 -0.0254849 0 0.0649403
13150 -0.0704069 0 0.0737539
13200 -0.0287973 0 0.0405929
13250 -0.0292552 0 0.0399576
13300 -0.016213 0 0.0215804
13350 0.0128125 0 0.00781186
13400 0.0119112 0 0.010966
13450 0.00179688 0 0.0276766
13500 -0.0170199 0 0.0191364
13550 -0.00251384 0 0.0262865
13600 0.00100433 0 0.0379045
13650 -0.0113034 0 0.0298009
