# Created at Thu Nov 09 16:38:46 CST 2017
106485915270802 1
106486251055714 2
106486981785993 3
106487317540388 4
106488068059186 5
106488403905134 6
106489134587507 7
106489490086774 8
106490201115827 9
106490556615095 10
106491267644147 11
106491603398542 12
106492334202985 13
106492669957380 14
106493380955915 15
106493894475202 16
106494427739362 17
106494763524274 18
106495435002546 19
106495770756940 20
106496442265729 21
106496778050641 22
106497489087725 23
106497824811602 24
106498516095782 25
106498851911212 26
106499543164874 27
106499898664141 28
106500589948321 29
106500925672198 30
106501616956378 31
106502130445147 32
106502683515215 33
106503196973467 34
106503750043536 35
106504263532305 36
106504816541338 37
106505310315753 38
106505863324786 39
106506218854571 40
106506929862262 41
106507463126422 42
106508016135455 43
106508529654742 44
106509082663775 45
106509615927935 46
106510149283648 47
106510484977008 48
106511196006060 49
106511709525348 50
106512302024127 51
106512815543414 52
106513368613482 53
106513882132769 54
106514474662066 55
106514988150836 56
106515600394488 57
106516133719684 58
106516726218463 59
106517259482623 60
106517871795724 61
106518424774240 62
106519017303537 63
106519570404123 64
106520143158029 65
106527431182932 66
106527944672469 67
106528635956649 68
106529169281844 69
106530512329940 70
106531282593612 71
106531815918807 72
106532546692733 73
106533099671248 74
106533790985946 75
106534324219588 76
106534897034530 77
106535311829451 78
106536042572860 79
106536437561873 80
106537168366317 81
106537681885604 82
106538254627387 83
106538610187690 84
106539360767524 85
106539913715522 86
106540486530463 87
106540842060248 88
106541592579047 89
106542145557563 90
106542738117377 91
106543073902289 92
106543844196479 93
106544219471137 94
106544969989936 95
106545483509223 96
106546115528266 97
106546648853461 98
106547241352241 99
106547754903913 100
106548386953474 101
106548762197614 102
106549512716413 103
106550026266218 104
106550638570905 105
106551033590437 106
106551764364362 107
106552119863630 108
106552890188337 109
106553403707624 110
106553996206403 111
106554549245954 112
106555161550642 113
106555694845320 114
106556287374616 115
106556840383650 116
106557413137556 117
106557966190895 118
106558539005836 119
106559072269996 120
106559724064430 121
106560217808326 122
106560849857887 123
106561363407691 124
106561936192115 125
106562271946510 126
106563042271217 127
106563397770484 128
106564128574928 129
106564681583961 130
106565254429420 131
106565629704078 132
106566380192359 133
106566893742164 134
106567525791725 135
106568059066411 136
106568631820318 137
106569145339605 138
106569737899419 139
106570073684331 140
106570824203130 141
106571159988042 142
106571930251714 143
106572463546392 144
106573056075689 145
106573589370367 146
106574142409917 147
106574655929204 148
106575169479009 149
106575505263921 150
106576216292974 151
106576729842779 152
106577263106939 153
106578290180136 154
106579317218710 155
106579633289266 156
106580344287802 157
106580838092733 158
106581331867147 159
106581647907186 160
106582339160848 161
106582655200888 162
106583346454550 163
106583840320516 164
106584393329550 165
106584926624227 166
106585479663778 167
106586012927938 168
106586625263143 169
106586961048055 170
106587751050685 171
106588106641505 172
106588916425441 173
106589291669581 174
106590022474025 175
106590555768702 176
106591148297999 177
106591484082911 178
106592254377101 179
106592807416652 180
106593400037501 181
106593933301661 182
106594525830958 183
106595039350245 184
106595651654933 185
106596184949611 186
106596777478907 187
106597310743068 188
106597903246225 189
106598258776010 190
106598989610971 191
106599522875131 192
106600075914682 193
106600589433969 194
106601181993783 195
106601715318978 196
106602288072885 197
106602801622689 198
106603374407113 199
106603907701791 200
106604500261605 201
106605033556283 202
106605665605844 203
106606021166146 204
106606771684945 205
106607107439340 206
106607917265729 207
106608292570905 208
106609003569440 209
106609576384381 210
