200 0 0 -0.016699
250 0 0 -0.0343579
300 0 0 -0.038843
350 0 0 -0.0385884
400 0 0 -0.0149391
450 0 0 -0.0246784
500 0 0 -0.140773
550 0 0 -0.0477723
600 0 0 -0.095452
650 0 0 -0.0791221
700 0 0 -0.0842762
750 0 0 -0.117369
800 0 0 -0.203297
850 0 0 -0.187258
900 0 0 -0.448345
950 0 0 -0.920801
1000 0 0 -1.12594
1050 0 0 -1.09231
1100 0 0 -0.864766
1150 0 0 -0.879845
1200 0 0 -1.26424
1250 0 0 -1.26505
1300 0 0 -1.2953
1350 0 0 -1.04684
1400 0 0 -1.26168
1450 0 0 -1.34085
1500 0 0 -1.25275
1550 0 0 -1.12948
1600 0 0 -1.1313
1650 0 0 -1.38718
1700 0 0 -1.29009
1750 0 0 -1.26922
1800 0 0 -1.03623
1850 0 0 -1.27548
1900 0 0 -1.39647
1950 0 0 -1.35036
2000 0 0 -1.25109
2050 0 0 -1.1538
2100 0 0 -1.4041
2150 0 0 -1.3161
2200 0 0 -1.23635
2250 0 0 -1.02409
2300 0 0 -1.29065
2350 0 0 -1.37949
2400 0 0 -1.23839
2450 0 0 -1.13412
2500 0 0 -1.09399
2550 0 0 -1.38098
2600 0 0 -1.25203
2650 0 0 -1.25422
2700 0 0 -1.05203
2750 0 0 -1.36639
2800 0 0 -1.43092
2850 0 0 -1.3399
2900 0 0 -1.17963
2950 0 0 -1.13685
3000 0 0 -1.38714
3050 0 0 -1.29912
3100 0 0 -1.28469
3150 0 0 -1.09244
3200 0 0 -1.43904
3250 0 0 -1.37153
3300 0 0 -1.35608
3350 0 0 -1.1303
3400 0 0 -1.31396
3450 0 0 -1.42945
3500 0 0 -1.34529
3550 0 0 -1.25427
3600 0 0 -1.11856
3650 0 0 -1.36273
3700 0 0 -1.30678
3750 0 0 -1.30036
3800 0 0 -1.05496
3850 0 0 -1.18699
3900 0 0 -1.41797
3950 0 0 -1.31467
4000 0 0 -1.2268
4050 0 0 -1.08516
4100 0 0 -1.42332
4150 0 0 -1.31508
4200 0 0 -1.31096
4250 0 0 -1.10916
4300 0 0 -1.30097
4350 0 0 -1.45752
4400 0 0 -1.27635
4450 0 0 -1.14132
4500 0 0 -1.11041
4550 0 0 -1.42907
4600 0 0 -1.25713
4650 0 0 -1.23579
4700 0 0 -1.00158
4750 0 0 -1.26727
4800 0 0 -1.37754
4850 0 0 -1.3123
4900 0 0 -1.18625
4950 0 0 -1.13445
5000 0 0 -1.39643
5050 0 0 -1.33447
5100 0 0 -1.343
5150 0 0 -1.14705
5200 0 0 -1.47633
5250 0 0 -1.40455
5300 0 0 -1.35039
5350 0 0 -1.12375
5400 0 0 -1.30653
5450 0 0 -1.49229
5500 0 0 -1.33935
5550 0 0 -1.18905
5600 0 0 -1.04337
5650 0 0 -1.39735
5700 0 0 -1.30664
5750 0 0 -1.19946
5800 0 0 -1.03404
5850 0 0 -1.11757
5900 0 0 -1.34391
5950 0 0 -1.2457
6000 0 0 -1.20347
6050 0 0 -0.980204
6100 0 0 -1.35536
6150 0 0 -1.31571
6200 0 0 -1.28418
6250 0 0 -1.07118
6300 0 0 -1.11769
6350 0 0 -1.3958
6400 0 0 -1.228
6450 0 0 -1.19098
6500 0 0 -0.980025
6550 0 0 -1.36528
6600 0 0 -1.36099
6650 0 0 -1.24261
6700 0 0 -1.04247
6750 0 0 -1.15901
6800 0 0 -1.30809
6850 0 0 -1.23913
6900 0 0 -1.26554
6950 0 0 -1.10825
7000 0 0 -1.42799
7050 0 0 -1.35883
7100 0 0 -1.25907
7150 0 0 -1.03365
7200 0 0 -1.23244
7250 0 0 -1.38851
7300 0 0 -1.31635
7350 0 0 -1.20761
7400 0 0 -1.08437
7450 0 0 -1.3765
7500 0 0 -1.35997
7550 0 0 -1.31016
7600 0 0 -1.07381
7650 0 0 -1.17845
7700 0 0 -1.47444
7750 0 0 -1.24397
7800 0 0 -1.14322
7850 0 0 -1.09558
7900 0 0 -1.39122
7950 0 0 -1.29571
8000 0 0 -1.23045
8050 0 0 -1.02259
8100 0 0 -1.16165
8150 0 0 -1.42433
8200 0 0 -1.29399
8250 0 0 -1.25498
8300 0 0 -1.05981
8350 0 0 -1.34662
8400 0 0 -1.23534
8450 0 0 -1.22151
8500 0 0 -0.994794
8550 0 0 -0.98468
8600 0 0 -1.30519
8650 0 0 -1.20054
8700 0 0 -1.09395
8750 0 0 -0.929998
8800 0 0 -0.870771
8850 0 0 -0.618956
8900 0 0 -0.278881
8950 0 0 -0.0789081
9000 0 0 -0.0343506
9050 0 0 -0.0198235
9100 0 0 -0.170587
9150 0 0 -0.468421
9200 0 0 -0.991661
9250 0 0 -1.18085
9300 0 0 -1.07611
9350 0 0 -1.05091
9400 0 0 -0.876309
9450 0 0 -1.178
9500 0 0 -1.25041
9550 0 0 -1.12498
9600 0 0 -1.04629
9650 0 0 -1.01549
9700 0 0 -1.24986
9750 0 0 -1.18265
9800 0 0 -1.2398
9850 0 0 -1.02284
9900 0 0 -1.22589
9950 0 0 -1.35227
10000 0 0 -1.32927
10050 0 0 -1.19615
10100 0 0 -1.33552
10150 0 0 -1.51036
10200 0 0 -1.35465
10250 0 0 -1.25337
10300 0 0 -1.09355
10350 0 0 -1.28023
10400 0 0 -1.23806
10450 0 0 -1.28447
10500 0 0 -1.06293
10550 0 0 -1.11824
10600 0 0 -1.28762
10650 0 0 -1.25684
10700 0 0 -1.20908
10750 0 0 -1.05894
10800 0 0 -1.36666
10850 0 0 -1.25092
10900 0 0 -1.25174
10950 0 0 -1.03257
11000 0 0 -1.23164
11050 0 0 -1.36145
11100 0 0 -1.24902
11150 0 0 -1.09782
11200 0 0 -1.03316
11250 0 0 -1.4242
11300 0 0 -1.34969
11350 0 0 -1.26301
11400 0 0 -1.05908
11450 0 0 -1.30327
11500 0 0 -1.45033
11550 0 0 -1.34385
11600 0 0 -1.1856
11650 0 0 -1.15806
11700 0 0 -1.41782
11750 0 0 -1.31149
11800 0 0 -1.21411
11850 0 0 -0.998834
11900 0 0 -1.47118
11950 0 0 -1.30009
12000 0 0 -1.22857
12050 0 0 -1.02104
12100 0 0 -1.13055
12150 0 0 -1.44896
12200 0 0 -1.32661
12250 0 0 -1.2179
12300 0 0 -1.06583
12350 0 0 -1.40094
12400 0 0 -1.24317
12450 0 0 -1.23392
12500 0 0 -1.04027
12550 0 0 -1.26632
12600 0 0 -1.38568
12650 0 0 -1.26081
12700 0 0 -1.16385
12750 0 0 -1.1358
12800 0 0 -1.40285
12850 0 0 -1.37603
12900 0 0 -1.29585
12950 0 0 -0.990097
13000 0 0 -1.38151
13050 0 0 -1.43915
13100 0 0 -1.37497
13150 0 0 -1.09398
13200 0 0 -1.23748
13250 0 0 -1.47637
13300 0 0 -1.34617
13350 0 0 -1.22376
13400 0 0 -1.13361
13450 0 0 -1.44927
13500 0 0 -1.36689
13550 0 0 -1.22611
13600 0 0 -1.00078
13650 0 0 -1.23714
13700 0 0 -1.32231
13750 0 0 -1.24312
13800 0 0 -1.13303
13850 0 0 -1.09093
13900 0 0 -1.37452
13950 0 0 -1.23764
14000 0 0 -1.29191
14050 0 0 -0.994717
14100 0 0 -1.25435
14150 0 0 -1.43854
14200 0 0 -1.35862
14250 0 0 -1.18044
14300 0 0 -1.1043
14350 0 0 -1.4022
14400 0 0 -1.25199
14450 0 0 -1.28858
14500 0 0 -1.10472
14550 0 0 -1.42834
14600 0 0 -1.41811
14650 0 0 -1.32685
14700 0 0 -1.12824
14750 0 0 -1.17682
14800 0 0 -1.41194
14850 0 0 -1.26116
14900 0 0 -1.14564
14950 0 0 -0.950272
15000 0 0 -1.24764
15050 0 0 -1.27102
15100 0 0 -1.15702
15150 0 0 -1.07264
15200 0 0 -1.04843
15250 0 0 -1.48001
15300 0 0 -1.39153
15350 0 0 -1.32233
15400 0 0 -1.09492
15450 0 0 -1.38949
15500 0 0 -1.35355
15550 0 0 -1.39419
15600 0 0 -1.12057
15650 0 0 -1.24033
15700 0 0 -1.45111
15750 0 0 -1.32788
15800 0 0 -1.13983
15850 0 0 -0.972167
15900 0 0 -1.41708
15950 0 0 -1.33627
16000 0 0 -1.22437
16050 0 0 -0.916998
16100 0 0 -1.34878
16150 0 0 -1.4897
16200 0 0 -1.33578
16250 0 0 -1.12869
16300 0 0 -1.16471
16350 0 0 -1.42814
16400 0 0 -1.23948
16450 0 0 -1.15327
16500 0 0 -0.928618
16550 0 0 -1.36479
16600 0 0 -1.37252
16650 0 0 -1.23917
16700 0 0 -1.11073
16750 0 0 -1.06939
16800 0 0 -1.3656
16850 0 0 -1.24611
16900 0 0 -1.22309
16950 0 0 -0.987622
17000 0 0 -1.33732
17050 0 0 -1.43399
17100 0 0 -1.31428
17150 0 0 -1.14873
17200 0 0 -1.11267
17250 0 0 -1.44138
17300 0 0 -1.35403
17350 0 0 -1.29519
17400 0 0 -1.09251
17450 0 0 -1.42017
17500 0 0 -1.48291
17550 0 0 -1.42675
17600 0 0 -1.17164
17650 0 0 -1.22364
17700 0 0 -1.4875
17750 0 0 -1.39053
17800 0 0 -1.29535
17850 0 0 -1.11695
17900 0 0 -1.46167
17950 0 0 -1.39476
18000 0 0 -1.34875
18050 0 0 -1.06745
18100 0 0 -1.23256
18150 0 0 -1.40443
18200 0 0 -1.28776
18250 0 0 -1.16842
18300 0 0 -1.00205
18350 0 0 -1.38207
18400 0 0 -1.25249
18450 0 0 -1.16746
18500 0 0 -0.951624
18550 0 0 -1.02809
18600 0 0 -1.29561
18650 0 0 -1.16675
18700 0 0 -1.08121
18750 0 0 -0.815744
18800 0 0 -1.18477
18850 0 0 -1.2059
18900 0 0 -1.24325
18950 0 0 -0.969497
19000 0 0 -0.985129
19050 0 0 -1.35509
19100 0 0 -1.3314
19150 0 0 -1.30074
19200 0 0 -1.07015
19250 0 0 -1.34482
19300 0 0 -1.32597
19350 0 0 -1.25638
19400 0 0 -1.11746
19450 0 0 -1.16695
19500 0 0 -1.462
19550 0 0 -1.35117
19600 0 0 -1.2411
19650 0 0 -1.12707
19700 0 0 -1.51594
19750 0 0 -1.47494
19800 0 0 -1.41446
19850 0 0 -1.14115
19900 0 0 -1.4089
19950 0 0 -1.43402
20000 0 0 -1.34219
20050 0 0 -1.13554
20100 0 0 -1.12265
20150 0 0 -1.52722
20200 0 0 -1.3464
20250 0 0 -1.2011
20300 0 0 -1.07675
20350 0 0 -1.33874
20400 0 0 -1.29063
20450 0 0 -1.26698
20500 0 0 -1.0327
20550 0 0 -1.09626
20600 0 0 -1.28399
20650 0 0 -1.23891
20700 0 0 -1.12834
20750 0 0 -0.9435
20800 0 0 -1.23796
20850 0 0 -1.22712
20900 0 0 -1.24108
20950 0 0 -0.973842
21000 0 0 -1.04612
21050 0 0 -1.33077
21100 0 0 -1.2922
21150 0 0 -1.16786
21200 0 0 -1.04515
21250 0 0 -1.38629
21300 0 0 -1.38349
21350 0 0 -1.3234
21400 0 0 -1.06871
21450 0 0 -1.3406
21500 0 0 -1.44227
21550 0 0 -1.33466
21600 0 0 -1.19387
21650 0 0 -1.15823
21700 0 0 -1.46672
21750 0 0 -1.35932
21800 0 0 -1.33484
21850 0 0 -1.11145
21900 0 0 -1.42751
21950 0 0 -1.36506
22000 0 0 -1.29475
22050 0 0 -1.07811
22100 0 0 -1.2941
22150 0 0 -1.47012
22200 0 0 -1.33616
22250 0 0 -1.18275
22300 0 0 -1.23459
22350 0 0 -1.49429
22400 0 0 -1.33655
22450 0 0 -1.2264
22500 0 0 -0.963628
22550 0 0 -1.36083
22600 0 0 -1.26165
22650 0 0 -1.23308
22700 0 0 -1.12223
22750 0 0 -1.14783
22800 0 0 -1.42628
22850 0 0 -1.29235
22900 0 0 -1.19585
22950 0 0 -1.0639
23000 0 0 -1.38783
23050 0 0 -1.36764
23100 0 0 -1.33895
23150 0 0 -1.09658
23200 0 0 -1.23673
23250 0 0 -1.42835
23300 0 0 -1.28953
23350 0 0 -1.23847
23400 0 0 -1.07871
23450 0 0 -1.32747
23500 0 0 -1.33669
23550 0 0 -1.3206
23600 0 0 -1.01253
23650 0 0 -1.19496
23700 0 0 -1.41096
23750 0 0 -1.21679
23800 0 0 -1.2108
23850 0 0 -1.02521
23900 0 0 -1.34297
23950 0 0 -1.31092
24000 0 0 -1.22984
24050 0 0 -1.01214
24100 0 0 -1.15451
24150 0 0 -1.39346
24200 0 0 -1.21291
24250 0 0 -1.13391
24300 0 0 -1.01475
24350 0 0 -1.2817
24400 0 0 -1.15234
24450 0 0 -1.09818
24500 0 0 -0.830803
24550 0 0 -0.778623
24600 0 0 -0.700623
24650 0 0 -0.513636
24700 0 0 -0.791185
24750 0 0 -0.545573
24800 0 0 -0.389078
24850 0 0 -0.112481
24900 0 0 -0.0876988
24950 0 0 -0.0888133
25000 0 0 -0.0551114
25050 0 0 -0.0309806
25100 0 0 -0.0231433
25150 0 0 -0.0307024
25200 0 0 -0.00307591
25250 0 0 -0.0428198
25300 0 0 -0.0382068
25350 0 0 -0.0336269
25400 0 0 -0.0187485
25450 0 0 -0.0374077
25500 0 0 -0.0222765
25550 0 0 -0.00477449
