200 -0.283698 0 0.958914
250 -0.495686 0 0.868502
300 -0.492459 0 0.870336
350 -0.532337 0 0.846532
400 -0.413531 0 0.91049
450 -0.329563 0 0.944134
500 -0.532789 0 0.846248
550 -0.898157 0 0.439675
600 -0.951867 0 -0.306512
650 0.276199 0 -0.961101
700 -0.985525 0 -0.16953
750 -0.998541 0 -0.0539903
800 -0.989265 0 0.146132
850 -0.913291 0 0.407307
900 -0.90959 0 0.415507
950 -0.945097 0 0.32679
1000 -0.973484 0 0.228754
1050 -0.936828 0 0.349792
1100 -0.864696 0 0.502296
1150 -0.926292 0 0.376805
1200 -0.958844 0 0.283933
1250 -0.975967 0 0.217919
1300 -0.945179 0 0.326552
1350 -0.956063 0 0.293162
1400 -0.959579 0 0.281441
1450 -0.975458 0 0.220187
1500 -0.94003 0 0.341092
1550 -0.933728 0 0.357984
1600 -0.948838 0 0.315764
1650 -0.967421 0 0.253174
1700 -0.918677 0 0.395009
1750 -0.925127 0 0.379657
1800 -0.944698 0 0.327941
1850 -0.950729 0 0.310022
1900 -0.912029 0 0.410126
1950 -0.93308 0 0.359669
2000 -0.950901 0 0.309496
2050 -0.947995 0 0.318285
2100 -0.892622 0 0.450807
2150 -0.918388 0 0.395682
2200 -0.944798 0 0.327654
2250 -0.949287 0 0.314412
2300 -0.910773 0 0.412907
2350 -0.924454 0 0.381294
2400 -0.945264 0 0.326306
2450 -0.953287 0 0.302067
2500 -0.92847 0 0.371407
2550 -0.930699 0 0.365786
2600 -0.956512 0 0.291692
2650 -0.949091 0 0.315003
2700 -0.919497 0 0.393098
2750 -0.921774 0 0.387727
2800 -0.95277 0 0.303693
2850 -0.951015 0 0.309144
2900 -0.921353 0 0.388728
2950 -0.936264 0 0.351298
3000 -0.947678 0 0.319228
3050 -0.935643 0 0.352947
3100 -0.931311 0 0.364224
3150 -0.930098 0 0.367313
3200 -0.96506 0 0.262031
3250 -0.943944 0 0.330105
3300 -0.93191 0 0.362689
3350 -0.946509 0 0.322677
3400 -0.962728 0 0.270472
3450 -0.938996 0 0.343929
3500 -0.936241 0 0.351358
3550 -0.95274 0 0.303788
3600 -0.969753 0 0.244088
3650 -0.957308 0 0.28907
3700 -0.936769 0 0.349949
3750 -0.93931 0 0.343068
3800 -0.960451 0 0.278451
3850 -0.949975 0 0.312325
3900 -0.918654 0 0.395062
3950 -0.929814 0 0.36803
4000 -0.955875 0 0.293773
4050 -0.938385 0 0.34559
4100 -0.911862 0 0.410496
4150 -0.92954 0 0.36872
4200 -0.958019 0 0.286705
4250 -0.934438 0 0.356126
4300 -0.904815 0 0.425805
4350 -0.912379 0 0.409347
4400 -0.93787 0 0.346986
4450 -0.916241 0 0.400627
4500 -0.893559 0 0.448946
4550 -0.914232 0 0.405192
4600 -0.96571 0 0.259623
4650 -0.959203 0 0.282717
4700 -0.88784 0 0.460153
4750 -0.918478 0 0.395472
4800 -0.96031 0 0.278936
4850 -0.966267 0 0.257542
4900 -0.928849 0 0.370459
4950 -0.935077 0 0.354444
5000 -0.940426 0 0.339999
5050 -0.969874 0 0.243607
5100 -0.932151 0 0.36207
5150 -0.936799 0 0.349869
5200 -0.949406 0 0.31405
5250 -0.962291 0 0.272021
5300 -0.933086 0 0.359652
5350 -0.940958 0 0.338523
5400 -0.94407 0 0.329745
5450 -0.966286 0 0.257471
5500 -0.943188 0 0.33226
5550 -0.934182 0 0.356796
5600 -0.956333 0 0.292279
5650 -0.983047 0 0.183355
5700 -0.952636 0 0.304114
5750 -0.940262 0 0.340452
5800 -0.949081 0 0.315032
5850 -0.976532 0 0.215371
5900 -0.94721 0 0.320614
5950 -0.933742 0 0.357946
6000 -0.943733 0 0.330709
6050 -0.97056 0 0.24086
6100 -0.956482 0 0.291791
6150 -0.940451 0 0.33993
6200 -0.951568 0 0.307438
6250 -0.970401 0 0.241499
6300 -0.943052 0 0.332646
6350 -0.904215 0 0.427078
6400 -0.926096 0 0.377287
6450 -0.941858 0 0.336012
6500 -0.933394 0 0.358853
6550 -0.910385 0 0.413762
6600 -0.928487 0 0.371365
6650 -0.954386 0 0.298576
6700 -0.951298 0 0.308272
6750 -0.904299 0 0.426899
6800 -0.926802 0 0.375549
6850 -0.952346 0 0.305021
6900 -0.978218 0 0.20758
6950 -0.915195 0 0.403012
7000 -0.915652 0 0.401972
7050 -0.940644 0 0.339394
7100 -0.975006 0 0.222177
7150 -0.935117 0 0.354339
7200 -0.897328 0 0.441364
7250 -0.932072 0 0.362274
7300 -0.949702 0 0.313154
7350 -0.953718 0 0.300704
7400 -0.935295 0 0.353869
7450 -0.952235 0 0.305367
7500 -0.968874 0 0.247554
7550 -0.95084 0 0.309683
7600 -0.930906 0 0.365259
7650 -0.945789 0 0.32478
7700 -0.965115 0 0.261827
7750 -0.948427 0 0.316995
7800 -0.916529 0 0.399969
7850 -0.943821 0 0.330456
7900 -0.964334 0 0.264687
7950 -0.957034 0 0.289976
8000 -0.9232 0 0.384321
8050 -0.927122 0 0.374759
8100 -0.949827 0 0.312777
8150 -0.951981 0 0.306157
8200 -0.920288 0 0.391241
8250 -0.931568 0 0.363568
8300 -0.960005 0 0.279984
8350 -0.962456 0 0.271437
8400 -0.926361 0 0.376636
8450 -0.937519 0 0.347933
8500 -0.952477 0 0.304609
8550 -0.952736 0 0.303799
8600 -0.906933 0 0.421276
8650 -0.935626 0 0.352992
8700 -0.964509 0 0.264051
8750 -0.968977 0 0.247151
8800 -0.933699 0 0.358058
8850 -0.943562 0 0.331197
8900 -0.973689 0 0.22788
8950 -0.966623 0 0.256203
9000 -0.929592 0 0.36859
9050 -0.945208 0 0.32647
9100 -0.981639 0 0.190746
9150 -0.973706 0 0.227809
9200 -0.940475 0 0.339863
9250 -0.948993 0 0.315298
9300 -0.959489 0 0.281746
9350 -0.961046 0 0.27639
9400 -0.913726 0 0.40633
9450 -0.931099 0 0.364767
9500 -0.958476 0 0.285174
9550 -0.958491 0 0.285124
9600 -0.918535 0 0.39534
9650 -0.938436 0 0.345453
9700 -0.9628 0 0.270213
9750 -0.964257 0 0.26497
9800 -0.92213 0 0.386881
9850 -0.939733 0 0.34191
9900 -0.957579 0 0.288172
9950 -0.945272 0 0.326284
10000 -0.885953 0 0.463776
10050 -0.914364 0 0.404893
10100 -0.944398 0 0.328803
10150 -0.958592 0 0.284783
10200 -0.897086 0 0.441856
10250 -0.908782 0 0.417272
10300 -0.905304 0 0.424765
10350 -0.942303 0 0.33476
10400 -0.901215 0 0.433373
10450 -0.905715 0 0.423887
10500 -0.913972 0 0.405777
10550 -0.949573 0 0.313545
10600 -0.900162 0 0.435556
10650 -0.915667 0 0.401939
10700 -0.947662 0 0.319276
10750 -0.984194 0 0.177096
10800 -0.957834 0 0.287323
10850 -0.924829 0 0.380384
10900 -0.934443 0 0.356112
10950 -0.962191 0 0.272376
11000 -0.960134 0 0.279541
11050 -0.924042 0 0.38229
11100 -0.939828 0 0.341649
11150 -0.954514 0 0.298167
11200 -0.966315 0 0.257361
11250 -0.929668 0 0.368399
11300 -0.95452 0 0.298147
11350 -0.966876 0 0.255245
11400 -0.981624 0 0.190826
11450 -0.931721 0 0.363176
11500 -0.942322 0 0.334708
11550 -0.968296 0 0.249806
11600 -0.982942 0 0.183914
11650 -0.944989 0 0.327102
11700 -0.947266 0 0.320447
11750 -0.957969 0 0.286871
11800 -0.979068 0 0.203533
11850 -0.947084 0 0.320985
11900 -0.945727 0 0.324963
11950 -0.95481 0 0.297218
12000 -0.976696 0 0.214626
12050 -0.946053 0 0.324013
12100 -0.949922 0 0.312487
12150 -0.957014 0 0.290043
12200 -0.976545 0 0.215314
12250 -0.959142 0 0.282925
12300 -0.953571 0 0.30117
12350 -0.950893 0 0.309521
12400 -0.981367 0 0.192143
12450 -0.966583 0 0.256352
12500 -0.943105 0 0.332496
12550 -0.951583 0 0.307391
12600 -0.96607 0 0.258281
12650 -0.968013 0 0.250899
12700 -0.93169 0 0.363253
12750 -0.926747 0 0.375686
12800 -0.966012 0 0.258497
12850 -0.967785 0 0.251778
12900 -0.537942 0 0.842982
12950 -0.699067 0 0.715056
13000 0.202758 0 0.979229
13050 -0.435864 0 0.900013
13100 -0.416445 0 0.909161
13150 -0.701543 0 0.712627
13200 -0.990873 0 0.134799
13250 -0.941189 0 0.33788
13300 -0.999979 0 -0.00652108
13350 0.937116 0 0.349019
13400 0.754123 0 -0.656734
13450 0.219808 0 -0.975543
13500 -0.811857 0 0.583856
13550 0.360621 0 0.932712
13600 -0.869414 0 0.494084
13650 -0.331397 0 0.943491
