# Created at Fri Mar 09 11:36:57 CST 2018
2315517083651143 1
2315517557711201 2
2315518110842305 3
2315518683718282 4
2315519236818867 5
2315519730654317 6
2315520303499776 7
2315520836855489 8
2315521409700948 9
2315521943054261 10
2315522476348939 11
2315523009704652 12
2315523562835756 13
2315524076416078 14
2315524649261537 15
2315525162872377 16
2315525696228090 17
2315526209777894 18
2315526802398744 19
2315527355560365 20
2315527908599916 21
2315528382721009 22
2315528995086732 23
2315529488891664 24
2315530081512513 25
2315530634613099 26
2315531167999330 27
2315531681549134 28
2315532254468606 29
2315532787763283 30
2315533360608742 31
2315533893994973 32
2315534466870949 33
2315534980420754 34
2315535533551858 35
2315536066877053 36
2315536758252785 37
2315537232373879 38
2315537844739602 39
2315538358289406 40
2315538891645119 41
2315539464521096 42
2315540017591164 43
2315540570691750 44
2315541123822854 45
2315541676892922 46
2315542249765044 47
2315542802926665 48
2315543375741606 49
2315543909066801 50
2315544481912260 51
2315545015298491 52
2315545568399077 53
2315546121530180 54
2315546694375639 55
2315547227700835 56
2315547780831938 57
2315548314187651 58
2315548867288237 59
2315549420327788 60
2315549993234282 61
2315550526589995 62
2315551099435454 63
2315551632821684 64
2315552166151011 65
2315552679761850 66
2315553252576792 67
2315553785963022 68
2315554358808481 69
2315554892194712 70
2315555484785044 71
2315555998334848 72
2315556669965708 73
2315557163831675 74
2315557815717661 75
2315558349042856 76
2315558961408579 77
2315559514509165 78
2315560126935923 79
2315560660230600 80
2315561272626841 81
2315561805930467 82
2315562398551317 83
2315562931937547 84
2315563524558397 85
2315564038138719 86
2315564650473924 87
2315565164084764 88
2315565815940233 89
2315566349326463 90
2315566961661668 91
2315567514762254 92
2315568146872850 93
2315568700003953 94
2315569292594285 95
2315569865470262 96
2315570477897020 97
2315571070456834 98
2315571663047166 99
2315572295200810 100
2315572868046269 101
2315573401432500 102
2315574013767705 103
2315574566898808 104
2315575179264531 105
2315575732334599 106
2315576384220586 107
2315576897831426 108
2315577628727422 109
2315578142338262 110
