# Created at Sun Oct 15 16:10:26 CDT 2017
3389468716116190 1
3389469249471903 2
3389469763082743 3
3389470237142802 4
3389470711208683 5
3389471185329777 6
3389471718685489 7
3389472212520939 8
3389472745876652 9
3389473259426456 10
3389473792843204 11
3389474306393009 12
3389474800289493 13
3389475333614689 14
3389475847195011 15
3389476321316105 16
3389476854732853 17
3389477328762394 18
3389477822597843 19
3389478454708439 20
3389478988125187 21
3389479501674991 22
3389480035061222 23
3389480528938562 24
3389481042518884 25
3389481536354334 26
3389482049965173 27
3389482543800623 28
3389483057411462 29
3389483551246912 30
3389484064918787 31
3389484578468591 32
3389485092048914 33
3389485467415125 34
3389486020546228 35
3389486573585779 36
3389487067543298 37
3389487581062585 38
3389488114448816 39
3389488608253748 40
3389489102150232 41
3389489576240808 42
3389490109566003 43
3389490642932725 44
3389491136768174 45
3389491650379014 46
3389492164020371 47
3389492677539659 48
3389493210956407 49
3389493724567246 50
3389494218372178 51
3389494475177598 52
3389495364124131 53
3389495936969590 54
3389496430866075 55
3389496944476914 56
3389497458118272 57
3389497971698594 58
3389498485248399 59
3389498979083848 60
3389499512470078 61
3389500006336045 62
3389500539669955 63
3389501053280794 64
3389501566922152 65
3389502060788119 66
3389502594082796 67
3389503087979281 68
3389503621304476 69
3389504115139925 70
3389504648526156 71
3389505162136996 72
3389505695492708 73
3389506209073031 74
3389506762204134 75
3389507256100619 76
3389507710446322 77
3389508243740999 78
3389508737606966 79
3389509231442415 80
3389509745114290 81
3389510238937203 82
3389510772262398 83
3389511285873238 84
3389511779769722 85
3389512273574654 86
3389512767410103 87
3389513261276070 88
3389513794631783 89
3389514446578804 90
3389514960128609 91
3389515473739449 92
3389515987380806 93
3389516520736519 94
3389517054122750 95
3389517547958199 96
3389518061569039 97
3389518575149361 98
3389519108505074 99
3389519622115914 100
3389520175247017 101
3389520649340591 102
3389521143206558 103
3389521656756363 104
3389522170428238 105
3389522684069595 106
3389523197619400 107
3389523711260757 108
3389524224841080 109
3389524679186783 110
3389525192797623 111
3389525666918716 112
3389526160723648 113
3389526654589615 114
3389527148486099 115
3389527642352066 116
3389528116412125 117
3389528590533218 118
3389529123858414 119
3389529597948990 120
3389530151115509 121
3389530723991485 122
3389531257316681 123
3389531790702911 124
3389532324028107 125
3389532916679474 126
3389533588340851 127
3389534220481964 128
3389534714317413 129
3389535227958771 130
3389535741539093 131
3389536255149933 132
3389536768730255 133
3389537262565704 134
3389537776268097 135
3389538289817901 136
3389538783683868 137
3389539317100616 138
3389539810875030 139
3389540324485870 140
3389540838127228 141
3389541371502787 142
3389541904858500 143
3389542418438822 144
3389543011120707 145
3389543425946146 146
