200 -0.0174554 0 0.028536
250 -0.0148584 0 0.0283864
300 -0.0223868 0 0.0410768
350 -0.000191681 0 0.0169255
400 -0.0115357 0 0.015498
450 -0.0142582 0 0.0191291
500 -0.0129398 0 0.00547381
550 -0.00948319 0 0.0133763
600 -0.0132205 0 0.0215662
650 -0.014579 0 0.0309872
700 -0.00688222 0 0.0175847
750 -0.012399 0 0.0272657
800 -0.0123229 0 0.0306457
850 -0.0149386 0 0.0179223
900 -0.00929133 0 0.0210649
950 -0.016424 0 0.0275781
1000 -0.0103369 0 0.024664
1050 -0.00852718 0 0.0147603
1100 0.0187804 0 -0.00714167
1150 0.0425359 0 -0.0788977
1200 -0.0765812 0 -0.149952
1250 -0.136799 0 -0.295131
1300 -0.16249 0 -0.29582
1350 0.0830788 0 -0.506142
1400 0.137041 0 -0.621056
1450 0.0800927 0 -0.625661
1500 0.0363466 0 -0.513176
1550 -0.0889127 0 -0.610417
1600 -0.156261 0 -0.645659
1650 0.0515918 0 -0.736822
1700 0.0314765 0 -0.755784
1750 0.0977312 0 -0.83522
1800 -0.0486231 0 -0.704519
1850 -0.182827 0 -0.689041
1900 -0.204368 0 -0.701294
1950 -0.0494637 0 -0.735222
2000 0.0101801 0 -0.761437
2050 -0.0298185 0 -0.589863
2100 0.00513804 0 -0.580146
2150 -0.116558 0 -0.515093
2200 -0.143014 0 -0.412025
2250 -0.0271666 0 -0.502523
2300 -0.00227847 0 -0.520748
2350 0.0369351 0 -0.531074
2400 0.0150995 0 -0.533723
2450 -0.114808 0 -0.55253
2500 -0.0784485 0 -0.485754
2550 -0.0836127 0 -0.509606
2600 0.0588544 0 -0.549314
2650 0.0841989 0 -0.530591
2700 0.0426746 0 -0.461223
2750 -0.0438601 0 -0.641037
2800 -0.130565 0 -0.632255
2850 -0.0134487 0 -0.743769
2900 0.12092 0 -1.02406
2950 0.136076 0 -0.994315
3000 0.0648056 0 -1.10983
3050 -0.102894 0 -1.04277
3100 -0.0281793 0 -0.969804
3150 0.0118299 0 -1.02825
3200 0.00826231 0 -1.0461
3250 -0.0953597 0 -1.3901
3300 -0.0505135 0 -1.36472
3350 -0.00450929 0 -1.30852
3400 0.0873923 0 -1.29298
3450 -0.0462515 0 -1.2254
3500 0.0385941 0 -1.26063
3550 0.0564426 0 -1.27923
3600 -0.0490472 0 -1.45399
3650 0.0491476 0 -1.44799
3700 0.23514 0 -1.39526
3750 0.14883 0 -1.30682
3800 0.152073 0 -1.33646
3850 -0.0740694 0 -1.42238
3900 0.0153198 0 -1.41202
3950 -0.00592969 0 -1.36807
4000 0.0870221 0 -1.44268
4050 -0.0588766 0 -1.55258
4100 0.0818215 0 -1.4445
4150 -0.0596399 0 -1.45724
4200 0.118457 0 -1.42889
4250 0.0365847 0 -1.47345
4300 0.01975 0 -1.50564
4350 -0.0704239 0 -1.5657
4400 0.187161 0 -1.47806
4450 0.0431193 0 -1.50309
4500 0.0710029 0 -1.32137
4550 0.0931478 0 -1.20197
4600 0.212953 0 -1.25987
4650 0.0748345 0 -1.34437
4700 0.197468 0 -1.23081
4750 0.206636 0 -1.26688
4800 0.191614 0 -1.12802
4850 0.137823 0 -1.15054
4900 0.0683266 0 -1.1794
4950 0.273406 0 -1.06435
5000 0.2093 0 -1.16476
5050 0.18025 0 -1.05695
5100 0.10102 0 -1.23176
5150 0.0539207 0 -1.04587
5200 0.121173 0 -1.00335
5250 0.121386 0 -1.00681
5300 0.0634188 0 -0.904976
5350 0.0493524 0 -1.08236
5400 -0.0393289 0 -0.919277
5450 0.103394 0 -0.997723
5500 0.176287 0 -0.912553
5550 0.09531 0 -0.797117
5600 0.0320324 0 -0.866752
5650 0.1218 0 -0.666149
5700 0.357428 0 -0.776821
5750 0.335148 0 -0.685736
5800 0.0274306 0 -0.777963
5850 0.0660013 0 -0.740673
5900 -0.0618631 0 -0.744034
5950 0.0355417 0 -0.671979
6000 0.169163 0 -0.833812
6050 0.133839 0 -0.641453
6100 0.11697 0 -0.570015
6150 -0.0244583 0 -0.649519
6200 0.037051 0 -0.535318
6250 0.132146 0 -0.517823
6300 0.0664331 0 -0.514091
6350 -0.0949907 0 -0.508752
6400 -0.0387188 0 -0.577709
6450 -0.113597 0 -0.661763
6500 0.0253081 0 -0.617773
6550 0.0461016 0 -0.723876
6600 -0.0306641 0 -0.642466
6650 0.0435188 0 -0.636823
6700 -0.0759687 0 -0.695314
6750 -0.0987363 0 -0.587907
6800 0.0637292 0 -0.597168
6850 0.0192507 0 -0.54181
6900 -0.0522338 0 -0.505213
6950 -0.455595 0 0.269205
7000 -0.362259 0 0.196197
7050 -0.22317 0 -0.174278
7100 -0.0837155 0 -0.103857
7150 0.0256635 0 0.0122007
7200 -0.00542523 0 -0.0212963
7250 -0.0181965 0 -0.0120798
7300 -0.0188334 0 0.0156929
7350 -0.0188562 0 0.00241029
7400 -0.0232133 0 0.0228798
7450 -0.0157497 0 0.0478181
7500 -0.0173745 0 0.0408185
7550 -0.0208084 0 0.0271521
7600 -0.0204219 0 0.00881809
7650 -0.0236207 0 -0.00940328
7700 -0.0117808 0 -0.111936
7750 0.0781733 0 -0.22331
7800 0.139356 0 -0.402178
7850 0.0810556 0 -0.331753
7900 -0.0108273 0 -0.428546
7950 -0.147222 0 -0.677332
8000 -0.288431 0 -0.0384101
8050 -0.0642492 0 -0.763871
8100 0.011734 0 -0.737913
8150 0.0395 0 -0.727663
8200 -0.0211518 0 -0.855983
8250 0.00715353 0 -0.843029
8300 -0.0922373 0 -0.816011
8350 -0.0354702 0 -0.998599
8400 0.0339358 0 -0.957398
8450 -0.106756 0 -1.12333
8500 -0.0928868 0 -1.24397
8550 0.0451677 0 -1.21325
8600 0.148266 0 -1.15899
8650 0.169806 0 -1.16316
8700 0.035255 0 -1.15319
8750 0.0206267 0 -1.12824
8800 0.0818835 0 -1.31526
8850 0.0212514 0 -1.23081
8900 0.146214 0 -1.38678
8950 0.129071 0 -1.28195
9000 0.159818 0 -1.38489
9050 0.199431 0 -1.26935
9100 0.187991 0 -1.43192
9150 0.183418 0 -1.26842
9200 0.247754 0 -1.34691
9250 0.432162 0 -1.13495
9300 0.231554 0 -1.27014
9350 0.248997 0 -1.30672
9400 0.114154 0 -1.38273
9450 0.21345 0 -1.3766
9500 0.181573 0 -1.40121
9550 0.213819 0 -1.32283
9600 0.0698631 0 -1.33827
9650 0.0672689 0 -1.25582
9700 -0.0410778 0 -1.31423
9750 -0.0652974 0 -1.27425
9800 0.103036 0 -1.21689
9850 0.112941 0 -1.19601
9900 0.164298 0 -1.22506
9950 0.181571 0 -1.26768
10000 0.258278 0 -1.33367
10050 0.146459 0 -1.407
10100 0.0793055 0 -1.43757
10150 0.0537719 0 -1.42679
10200 0.237572 0 -1.40835
10250 -0.0398932 0 -1.37595
10300 0.0878997 0 -1.43169
10350 -0.0499646 0 -1.45886
10400 0.0935768 0 -1.53564
10450 0.00830044 0 -1.48796
10500 0.114295 0 -1.36344
10550 -0.0617548 0 -1.47756
10600 0.062124 0 -1.37224
10650 0.0852359 0 -1.51771
10700 0.129096 0 -1.43513
10750 0.0286439 0 -1.54259
10800 0.0367723 0 -1.53821
10850 -0.060875 0 -1.52857
10900 -0.0111482 0 -1.21135
10950 -0.0262245 0 -1.44533
11000 -0.0203753 0 -1.50664
11050 -0.118327 0 -1.30867
11100 0.120294 0 -1.22633
11150 -0.18765 0 -1.24471
11200 -0.101117 0 -1.23984
11250 -0.184068 0 -1.31189
11300 0.0181867 0 -1.32259
11350 0.0172375 0 -1.1875
11400 -0.0546534 0 -1.00879
11450 -0.0330976 0 -0.940255
11500 -0.0467508 0 -0.95667
11550 0.0684831 0 -1.17994
11600 0.101088 0 -1.0524
11650 0.112251 0 -1.13958
11700 0.0600979 0 -0.931964
11750 0.00317768 0 -1.02114
11800 0.0263622 0 -0.975266
11850 0.0492535 0 -0.906598
11900 -0.0428263 0 -1.00439
11950 -0.0691124 0 -0.825375
12000 0.0355744 0 -1.03169
12050 -0.0261798 0 -0.930485
12100 0.00402876 0 -0.871147
12150 -0.028008 0 -1.12217
12200 -0.000812281 0 -0.920597
12250 0.168522 0 -1.06385
12300 0.2688 0 -0.937324
12350 0.258168 0 -0.986745
12400 0.0645154 0 -1.12065
12450 -0.0127283 0 -1.22761
12500 0.110901 0 -1.22646
12550 0.0802139 0 -0.997991
12600 0.0728409 0 -0.973243
12650 -0.09263 0 -0.917244
12700 -0.0446352 0 -0.750427
12750 0.0884372 0 -0.963994
12800 0.125561 0 -0.858254
12850 0.129331 0 -0.821838
12900 -0.109496 0 -0.990761
12950 -0.0773073 0 -0.778447
13000 0.0269258 0 -0.914326
13050 -0.0388334 0 -0.825611
13100 0.0717705 0 -0.752576
13150 -0.0627396 0 -0.957432
13200 -0.109148 0 -0.895721
13250 -0.0286781 0 -0.953196
13300 0.0948473 0 -0.93778
13350 0.00216963 0 -0.883977
13400 0.0393211 0 -0.934638
13450 -0.0930569 0 -0.866157
13500 -0.000587719 0 -0.682597
13550 -0.0208448 0 -0.886188
13600 -0.109334 0 -0.702646
13650 -0.0221979 0 -0.671372
13700 -0.0861013 0 -0.81639
13750 0.0889148 0 -0.738628
13800 0.0888663 0 -0.724082
13850 0.183543 0 -0.723084
13900 0.177137 0 -0.664551
13950 0.160724 0 -0.812935
14000 0.110326 0 -0.852176
14050 0.207493 0 -0.699146
14100 0.330246 0 -0.867683
14150 0.191834 0 -0.819555
14200 0.160657 0 -0.721446
14250 0.114478 0 -0.762789
14300 0.0152357 0 -0.572257
14350 0.172571 0 -0.613738
14400 0.214366 0 -0.557955
14450 0.0295388 0 -0.612474
14500 0.14287 0 -0.756417
14550 0.0764922 0 -0.797685
14600 0.235148 0 -0.582641
14650 0.236283 0 -0.720965
14700 0.0840971 0 -0.753719
14750 0.197421 0 -0.629024
14800 0.0868611 0 -0.763544
14850 -0.0160675 0 -0.779188
14900 0.11562 0 -0.673603
14950 0.237318 0 -0.737078
15000 0.0718124 0 -0.739476
15050 -0.0978641 0 -0.702409
15100 -0.0380507 0 -0.91569
15150 0.000126192 0 -0.940828
15200 0.0839902 0 -0.951809
15250 0.0654355 0 -1.09994
15300 -0.0241807 0 -1.07444
15350 0.0161708 0 -1.14449
15400 0.0200918 0 -1.06281
15450 -0.00553311 0 -1.0716
15500 0.117911 0 -1.12276
15550 0.192778 0 -1.06608
15600 0.254822 0 -1.27189
15650 0.145298 0 -1.19709
15700 0.362413 0 -1.30873
15750 0.225387 0 -1.21024
15800 -0.0536885 0 -1.28044
15850 -0.0664316 0 -1.34768
15900 0.0142024 0 -1.37638
15950 0.0970212 0 -1.29243
16000 0.185132 0 -1.36932
16050 0.158373 0 -1.30283
16100 0.0588099 0 -1.23997
16150 0.023572 0 -1.27565
16200 0.0284665 0 -1.26751
16250 -0.151502 0 -1.38419
16300 -0.106949 0 -1.41058
16350 -0.0388177 0 -1.48058
16400 -0.0151059 0 -1.30729
16450 -0.0226967 0 -1.3033
16500 0.00323574 0 -1.27385
16550 -0.027042 0 -1.38859
16600 0.0357979 0 -1.28007
16650 -0.00841251 0 -1.36094
16700 0.0405 0 -1.22037
16750 0.05726 0 -1.2752
16800 0.164724 0 -1.1886
16850 0.117246 0 -1.32678
16900 0.16006 0 -1.35308
16950 0.0473266 0 -1.51642
17000 0.0388475 0 -1.30652
17050 -0.0703402 0 -1.35407
17100 0.2335 0 -1.31189
17150 -0.0296969 0 -1.39571
17200 0.0461582 0 -1.2676
17250 -0.0138727 0 -1.28679
17300 0.259615 0 -1.22217
17350 0.174972 0 -1.28167
17400 0.109568 0 -1.23853
17450 0.164182 0 -1.18976
17500 0.13811 0 -1.14307
17550 0.14544 0 -1.07773
17600 0.185374 0 -0.948967
17650 0.173121 0 -0.968226
17700 0.0421732 0 -0.981455
17750 0.0547112 0 -0.832726
17800 0.168855 0 -1.02711
17850 0.146003 0 -0.879157
17900 0.0289626 0 -0.934256
17950 0.0331127 0 -0.830852
18000 0.0291838 0 -0.94887
18050 0.156285 0 -0.933646
18100 0.0844849 0 -0.932366
18150 0.0810006 0 -1.00625
18200 0.0848763 0 -0.854492
18250 0.0376473 0 -0.860803
18300 0.073866 0 -0.856977
18350 0.041873 0 -1.02691
18400 -0.0921432 0 -0.90975
18450 -0.0641224 0 -0.767828
18500 -0.0791853 0 -0.907189
18550 -0.0270837 0 -0.715562
18600 -0.134253 0 -0.916363
18650 -0.13788 0 -0.83197
18700 0.101158 0 -0.878898
18750 0.14465 0 -0.887107
18800 0.206074 0 -0.844864
18850 0.0869676 0 -0.991912
18900 0.0438457 0 -0.851979
18950 0.156261 0 -0.977396
19000 0.122854 0 -0.919393
19050 0.085072 0 -0.850432
19100 0.0115477 0 -1.04247
19150 -0.0487371 0 -0.883688
19200 0.0152115 0 -1.05654
19250 0.0630698 0 -0.898236
19300 0.0884548 0 -0.889408
19350 0.0228732 0 -1.10119
19400 0.0141949 0 -0.858263
19450 0.0717008 0 -0.91979
19500 0.159315 0 -0.81998
19550 0.00599054 0 -0.728338
19600 0.126822 0 -0.841076
19650 0.0140063 0 -0.881737
19700 0.0972132 0 -0.776585
19750 0.152669 0 -1.01966
19800 0.143852 0 -0.729918
19850 0.212408 0 -0.747798
19900 -0.0876056 0 -0.741346
19950 -0.00665942 0 -0.685099
20000 0.100677 0 -0.728469
20050 0.0721423 0 -0.669349
20100 0.0749417 0 -0.739142
20150 0.0140454 0 -0.723231
20200 0.000664631 0 -0.742028
20250 0.065738 0 -0.632097
20300 0.141811 0 -0.775189
20350 0.109538 0 -0.729254
20400 0.0293214 0 -0.716384
20450 -0.0242334 0 -0.739484
20500 0.00209266 0 -0.683617
20550 0.127778 0 -0.553735
20600 0.182372 0 -0.510663
20650 0.206178 0 -0.590601
20700 0.0382143 0 -0.435045
20750 0.00316574 0 -0.544792
20800 -0.0351074 0 -0.598803
20850 -0.0187774 0 -0.533455
20900 0.146914 0 -0.395825
20950 0.271064 0 -0.577222
21000 0.0784477 0 -0.438638
21050 -0.0160291 0 -0.42917
21100 -0.059509 0 -0.581889
21150 -0.0130623 0 -0.4959
21200 0.121339 0 -0.454802
21250 0.270552 0 -0.396065
21300 0.308721 0 -0.49474
21350 0.114273 0 -0.369922
21400 0.0787124 0 -0.383592
21450 -0.0656196 0 -0.354009
21500 -0.0573399 0 -0.324665
21550 0.0108177 0 0.0886776
21600 0.138186 0 -0.389626
21650 0.185348 0 -0.437214
21700 0.00128194 0 -0.378069
21750 -0.0241579 0 -0.497844
21800 -0.0769167 0 -0.57656
21850 -0.0362155 0 -0.647486
21900 0.0635867 0 -0.649603
21950 0.0901756 0 -0.761651
22000 0.108979 0 -0.771804
22050 0.088838 0 -0.75089
22100 0.225862 0 -0.930999
22150 0.257103 0 -0.984629
22200 0.42519 0 -1.11044
22250 0.451392 0 -1.1396
22300 0.373404 0 -1.07907
22350 0.151849 0 -1.2282
22400 0.226816 0 -1.05085
22450 0.275494 0 -1.22091
22500 0.299402 0 -1.09764
22550 0.307676 0 -1.16308
22600 0.325826 0 -1.31148
22650 0.448973 0 -1.19215
22700 0.538295 0 -1.12259
22750 0.531724 0 -1.06124
22800 0.37303 0 -1.18421
22850 0.253208 0 -1.1403
22900 -0.101201 0 -1.24214
22950 0.0496066 0 -1.05992
23000 0.101542 0 -1.36723
23050 0.19068 0 -1.16558
23100 0.00993394 0 -1.21686
23150 0.0988451 0 -1.20854
23200 -0.0296691 0 -1.24281
23250 0.166788 0 -1.06928
23300 0.228185 0 -1.14073
23350 0.299451 0 -1.07636
23400 0.287753 0 -1.22577
23450 0.242042 0 -1.13288
23500 0.241378 0 -1.13527
23550 0.346819 0 -0.974728
23600 0.0539045 0 -1.22609
23650 0.104401 0 -1.18572
23700 0.213878 0 -1.26415
23750 0.204598 0 -1.20912
23800 0.314566 0 -1.15117
23850 0.107896 0 -1.3491
23900 0.122568 0 -1.17685
23950 0.00634777 0 -1.20831
24000 0.0999414 0 -1.03507
24050 0.219674 0 -1.25763
24100 0.119018 0 -1.18626
24150 0.162173 0 -1.26502
24200 0.110548 0 -1.25508
24250 0.145213 0 -1.39256
24300 0.237861 0 -1.2494
24350 0.201938 0 -1.37075
24400 0.168666 0 -1.26992
24450 0.138128 0 -1.42138
24500 0.225131 0 -1.36175
24550 0.265592 0 -1.32233
24600 0.186079 0 -1.27069
24650 0.0614168 0 -1.40924
24700 0.0649347 0 -1.40422
24750 -0.0525477 0 -1.47228
24800 0.0454634 0 -1.45495
24850 0.0488565 0 -1.52531
24900 0.28069 0 -1.46616
24950 0.279515 0 -1.398
25000 0.338399 0 -1.35176
25050 0.247667 0 -1.38229
25100 0.278092 0 -1.43358
25150 0.181482 0 -1.39767
25200 0.226991 0 -1.31119
25250 0.095873 0 -1.40968
25300 0.245875 0 -1.41993
25350 0.264937 0 -1.26918
25400 0.229085 0 -1.40826
25450 0.114598 0 -1.35802
25500 0.0916714 0 -1.30954
25550 0.101878 0 -1.37416
25600 0.186085 0 -1.30686
25650 0.0164209 0 -1.47396
25700 0.0934046 0 -1.40838
25750 0.107925 0 -1.43553
25800 0.131468 0 -1.40026
25850 0.224756 0 -1.32797
25900 0.338738 0 -1.25642
25950 0.0845452 0 -1.40793
26000 0.098396 0 -1.35977
26050 0.0642405 0 -1.49568
26100 0.233548 0 -1.39857
26150 0.345286 0 -1.42115
26200 0.302796 0 -1.41901
26250 0.0725772 0 -1.47586
26300 0.137874 0 -1.32703
26350 0.0938011 0 -1.42398
26400 0.133275 0 -1.30288
26450 -0.0451691 0 -1.4122
26500 0.115035 0 -1.4028
26550 -0.00920794 0 -1.51402
26600 -0.013505 0 -1.49391
26650 -0.0161457 0 -1.50302
26700 0.158198 0 -1.48507
26750 0.124462 0 -1.51191
26800 0.127156 0 -1.4307
26850 -0.0389918 0 -1.61577
26900 0.1739 0 -1.5037
26950 0.194272 0 -1.57185
27000 0.333306 0 -1.41587
27050 0.248857 0 -1.60489
27100 0.249454 0 -1.53728
27150 0.145374 0 -1.6375
27200 0.169356 0 -1.44767
27250 0.18587 0 -1.49727
27300 0.186756 0 -1.35029
27350 0.115175 0 -1.50947
27400 0.047444 0 -1.52879
27450 0.11534 0 -1.53389
27500 0.171733 0 -1.57814
27550 0.283048 0 -1.51314
27600 -0.0436355 0 -1.44658
27650 -0.0461503 0 -1.5238
27700 0.196394 0 -1.45184
27750 0.252317 0 -1.43942
27800 0.140902 0 -1.45695
27850 0.215194 0 -1.45666
27900 -0.0507747 0 -1.47755
27950 0.110996 0 -1.57637
28000 0.118512 0 -1.54642
28050 0.22469 0 -1.42736
28100 0.0650577 0 -1.53607
28150 0.106348 0 -1.62703
28200 0.0605986 0 -1.59296
28250 0.140487 0 -1.53404
28300 -0.048039 0 -1.38033
28350 -0.079533 0 -1.27531
28400 -0.115424 0 -1.29548
28450 -0.063956 0 -1.26475
28500 -0.0331518 0 -1.28618
28550 -0.0451666 0 -1.35238
28600 0.0665154 0 -1.2982
28650 0.0914523 0 -1.33729
28700 0.114192 0 -1.28669
28750 0.141719 0 -1.13594
28800 -0.00724576 0 -1.19144
28850 0.0875024 0 -1.07101
28900 0.216765 0 -1.20382
28950 0.182347 0 -1.0455
29000 0.165956 0 -1.26706
29050 0.083488 0 -1.0703
29100 0.184615 0 -1.16035
29150 0.189869 0 -1.08013
29200 -0.0468555 0 -1.1808
29250 -0.21894 0 -1.25723
29300 -0.115003 0 -1.1294
29350 0.0376199 0 -1.17411
29400 0.0871837 0 -1.03501
29450 -0.0122378 0 -1.25236
29500 0.0741643 0 -0.982232
29550 0.0820125 0 -1.12849
29600 0.126445 0 -1.00237
29650 0.00352501 0 -0.97698
29700 -0.0807707 0 -0.968835
29750 -0.0681161 0 -0.774022
29800 -0.0509509 0 -0.967256
29850 0.0860924 0 -0.758856
29900 0.0822998 0 -0.850143
29950 0.0050922 0 -0.989409
30000 -0.0146849 0 -0.830505
30050 0.0374399 0 -1.02628
30100 -0.0114817 0 -0.807235
30150 -0.0469495 0 -0.897677
30200 -0.0552672 0 -0.826813
30250 0.0240797 0 -0.834085
30300 0.174264 0 -0.811612
30350 0.0743025 0 -0.688825
30400 0.0762004 0 -0.718692
30450 0.055763 0 -0.517247
30500 0.142704 0 -0.593978
30550 0.179434 0 -0.702062
30600 -0.0231796 0 -0.513561
30650 -0.0800499 0 -0.589232
30700 -0.106393 0 -0.499862
30750 0.0609422 0 -0.356356
30800 0.152983 0 -0.396831
30850 0.0902698 0 -0.332735
30900 -0.0899545 0 -0.353044
30950 -0.20169 0 -0.227452
31000 -0.313805 0 0.164715
31050 -0.202291 0 0.0626317
31100 -0.168428 0 0.0639697
31150 -0.00257061 0 0.0549532
31200 -0.00598515 0 0.0416799
31250 0.00144662 0 0.0720563
31300 -0.00433316 0 0.0568719
31350 0.00522618 0 0.00587602
31400 -0.000859244 0 0.0391372
31450 -0.00480611 0 0.0366354
31500 -0.0176477 0 0.0261831
31550 -0.0196462 0 0.0183576
31600 -0.0162088 0 0.0249161
31650 -0.0154428 0 0.0132033
31700 -0.0179651 0 0.0201886
31750 -0.0136656 0 0.0343452
31800 -0.014745 0 0.0317499
31850 -0.0218262 0 0.0164258
31900 -0.0189743 0 0.0207371
31950 -0.0124252 0 0.0265173
