200 0.0496559 0 -0.0507196
250 0.0768889 0 -0.091701
300 -0.0224341 0 -0.239436
350 -0.118212 0 -0.475521
400 0.0138951 0 -0.780826
450 0.0348973 0 -0.753811
500 0.245866 0 -1.1629
550 0.227915 0 -1.38075
600 0.183396 0 -1.37759
650 0.0082113 0 -1.43383
700 -0.222257 0 -1.33127
750 0.0357999 0 -1.20486
800 0.0784351 0 -1.27533
850 0.141226 0 -1.36963
900 0.0710721 0 -1.29229
950 -0.0329308 0 -1.27522
1000 0.00698694 0 -1.2641
1050 0.0474642 0 -1.34412
1100 0.26862 0 -1.35115
1150 0.222422 0 -1.66168
1200 0.0129335 0 -1.44589
1250 0.0679056 0 -1.45939
1300 0.275821 0 -1.5433
1350 0.10815 0 -1.48816
1400 0.0840809 0 -1.38607
1450 0.102406 0 -1.44664
1500 0.037096 0 -1.25753
1550 0.244461 0 -1.20333
1600 0.340509 0 -1.17307
1650 0.224409 0 -1.272
1700 0.290481 0 -1.25582
1750 0.16205 0 -1.43468
1800 -0.011181 0 -1.33547
1850 0.0622003 0 -1.36133
1900 0.20171 0 -1.37827
1950 0.146814 0 -1.31157
2000 0.174911 0 -1.28802
2050 0.0790605 0 -1.14779
2100 0.0509507 0 -1.2337
2150 0.0561518 0 -1.27888
2200 0.209899 0 -1.45459
2250 0.0220081 0 -1.50394
2300 -0.0195845 0 -1.31477
2350 -0.033416 0 -1.31647
2400 -0.0149007 0 -1.33034
2450 0.181867 0 -1.31374
2500 -0.0128447 0 -1.19981
2550 -0.0890421 0 -1.20008
2600 -0.116707 0 -1.22272
2650 0.106768 0 -1.27732
2700 0.214747 0 -1.32456
2750 0.284104 0 -1.33361
2800 0.0433393 0 -1.26151
2850 0.0154962 0 -1.06682
2900 0.0268265 0 -1.22021
2950 -0.121983 0 -0.98877
3000 -0.114684 0 -1.0819
3050 -0.137438 0 -0.982327
3100 -0.00548933 0 -1.12034
3150 0.00651719 0 -1.01538
3200 0.275675 0 -1.11244
3250 0.11318 0 -1.16422
3300 0.0389445 0 -1.12076
3350 0.0573576 0 -1.16104
3400 0.177672 0 -1.08672
3450 0.0763904 0 -1.27039
3500 -0.0333173 0 -1.27188
3550 -0.0963422 0 -1.22677
3600 0.040066 0 -1.50095
3650 0.033132 0 -1.22291
3700 0.00632675 0 -1.21424
3750 0.0608801 0 -1.2794
3800 -0.00828953 0 -1.33288
3850 0.14909 0 -1.27148
3900 0.124428 0 -1.1792
3950 0.104637 0 -1.13704
4000 0.0442342 0 -1.20488
4050 0.114199 0 -1.38963
4100 0.151321 0 -1.33504
4150 0.0330922 0 -1.35795
4200 0.0862179 0 -1.33936
4250 0.0870204 0 -1.23913
4300 0.184495 0 -1.19474
4350 -0.0643802 0 -1.21535
4400 -0.0586395 0 -1.25714
4450 -0.049249 0 -1.11071
4500 0.159876 0 -1.19583
4550 0.329993 0 -1.00527
4600 0.330203 0 -1.07294
4650 0.151143 0 -0.966416
4700 0.137472 0 -0.98416
4750 0.0575168 0 -1.10369
4800 0.12155 0 -1.00409
4850 -0.011862 0 -0.946006
4900 -0.0716666 0 -0.928605
4950 -0.0140824 0 -1.04663
5000 -0.0650494 0 -1.24692
5050 -0.0150217 0 -1.35207
5100 -0.0783678 0 -1.40533
5150 0.00606382 0 -1.11951
5200 0.242197 0 -1.44174
5250 0.105985 0 -1.51397
5300 0.017149 0 -1.42681
5350 0.0570226 0 -1.30786
5400 0.199338 0 -1.3211
5450 0.130492 0 -1.29058
5500 0.316155 0 -1.2428
5550 0.0953009 0 -1.28453
5600 0.0770668 0 -1.2595
5650 0.139905 0 -1.13811
5700 0.141259 0 -1.30415
5750 0.171699 0 -1.37871
5800 0.126763 0 -1.33054
5850 0.0833637 0 -1.16196
5900 0.201737 0 -1.29151
5950 0.22596 0 -1.37135
6000 0.0866978 0 -1.4329
6050 0.0956775 0 -1.57346
6100 0.311805 0 -1.44699
6150 0.227796 0 -1.33143
6200 0.280812 0 -1.23704
6250 0.0576374 0 -1.1984
6300 0.123995 0 -1.28424
6350 0.0843396 0 -1.58282
6400 0.0745022 0 -1.40907
6450 0.0238424 0 -1.19808
6500 -0.00346742 0 -1.19435
6550 0.15795 0 -1.20857
6600 0.24184 0 -1.30807
6650 0.2664 0 -1.25504
6700 -0.0253577 0 -1.18014
6750 0.0632587 0 -0.983416
6800 0.119029 0 -1.29009
6850 0.0163447 0 -1.326
6900 0.102946 0 -1.34799
6950 0.0486412 0 -1.36358
7000 0.00024679 0 -1.25807
7050 0.220521 0 -1.41303
7100 0.297103 0 -1.24351
7150 0.0315911 0 -1.23111
7200 0.210327 0 -1.27286
7250 0.258354 0 -1.27273
7300 0.252156 0 -1.38982
7350 0.111403 0 -1.41432
7400 0.0359115 0 -1.45324
7450 0.091705 0 -1.33054
7500 0.123176 0 -1.58305
7550 0.0787942 0 -1.37942
7600 0.0776689 0 -1.25539
7650 0.0764793 0 -1.26743
7700 0.119068 0 -1.34167
7750 0.0463408 0 -1.24923
7800 0.194894 0 -1.13587
7850 0.0224115 0 -1.34362
7900 0.122934 0 -1.02645
7950 0.178689 0 -1.15459
8000 0.086594 0 -1.20175
8050 0.100193 0 -1.15205
8100 -0.0156853 0 -1.32268
8150 0.0399437 0 -1.11101
8200 0.264321 0 -1.4392
8250 0.220151 0 -1.25175
8300 0.0534988 0 -1.33616
8350 0.192564 0 -1.45688
8400 0.205336 0 -1.32967
8450 0.212594 0 -1.34769
8500 0.307825 0 -1.22559
8550 0.149997 0 -1.25205
8600 0.198279 0 -1.17686
8650 -0.0607393 0 -0.955731
8700 -0.0200742 0 -0.937741
8750 -0.0881539 0 -0.934386
8800 -0.468626 0 -1.01521
8850 -0.491172 0 -0.830895
8900 -0.192999 0 -1.08543
8950 0.00496947 0 -1.10169
9000 0.405884 0 -0.828207
9050 0.21379 0 -0.994125
9100 0.234643 0 -1.02755
9150 0.17298 0 -1.04289
9200 0.352339 0 -1.24029
9250 0.398256 0 -1.11074
9300 0.135891 0 -1.34
9350 0.164171 0 -1.33233
9400 0.261678 0 -1.51433
9450 0.216778 0 -1.34228
9500 0.0689048 0 -1.28328
9550 0.134219 0 -1.33269
9600 0.220014 0 -1.38982
9650 0.17731 0 -1.4473
9700 0.307524 0 -1.36537
9750 0.0216535 0 -1.61555
9800 0.18769 0 -1.43775
9850 0.202562 0 -1.25757
9900 0.317572 0 -1.33068
9950 0.324181 0 -1.41175
10000 0.104499 0 -1.35854
10050 0.2802 0 -1.4523
10100 0.164841 0 -1.5402
10150 0.110846 0 -1.54038
10200 0.137838 0 -1.29528
10250 0.0131476 0 -1.37854
10300 0.0130078 0 -1.39055
10350 0.223111 0 -1.44326
10400 0.197991 0 -1.2287
10450 -0.0448602 0 -1.36858
10500 0.0247603 0 -1.23829
10550 0.0584707 0 -1.221
10600 -0.00983775 0 -1.29716
10650 -0.182869 0 -1.28746
10700 -0.0472296 0 -1.34696
10750 -0.00984515 0 -1.28656
10800 0.167909 0 -1.43384
10850 0.133112 0 -1.4421
10900 -0.00951938 0 -1.38629
10950 0.0218715 0 -1.40069
11000 0.20542 0 -1.29549
11050 0.220529 0 -1.28725
11100 0.111804 0 -1.30663
11150 -0.0183585 0 -1.28357
11200 -0.0475102 0 -1.20109
11250 0.223213 0 -1.39596
11300 0.188531 0 -1.22205
11350 -0.0774752 0 -1.17492
11400 -0.0476969 0 -1.19168
11450 0.103523 0 -1.3228
11500 0.0679779 0 -1.29733
11550 -0.00390023 0 -1.28983
11600 -0.140193 0 -1.28066
11650 -0.048738 0 -1.33776
11700 -0.0243014 0 -1.55853
11750 0.150369 0 -1.37125
11800 -0.0547613 0 -1.29132
11850 -0.0503004 0 -1.34038
11900 0.0236863 0 -1.42177
11950 0.0238462 0 -1.48361
12000 0.293137 0 -1.34067
12050 0.0310164 0 -1.469
12100 -0.00602892 0 -1.30453
12150 0.0534082 0 -1.3582
12200 0.000494983 0 -1.30792
12250 -0.0729083 0 -1.30896
12300 -0.0852018 0 -1.30396
12350 -0.00388314 0 -1.21391
12400 0.116495 0 -1.34853
12450 0.290578 0 -1.28544
12500 -0.118761 0 -1.32436
12550 -0.0401942 0 -1.34397
12600 0.0270212 0 -1.25873
12650 0.098208 0 -1.28598
12700 0.0642238 0 -1.26458
12750 -0.0208121 0 -1.23449
12800 -0.0224504 0 -1.10866
12850 0.0686 0 -1.27128
12900 0.14541 0 -1.24715
12950 -0.13945 0 -1.27671
13000 -0.0563162 0 -1.26959
13050 0.0886961 0 -1.1628
13100 0.120268 0 -1.2367
13150 0.163629 0 -1.24935
13200 -0.0611559 0 -1.25092
13250 -0.0425325 0 -1.22289
13300 0.075818 0 -1.24022
13350 0.097245 0 -1.25189
13400 0.122965 0 -1.14983
13450 0.0746383 0 -1.22542
13500 0.12148 0 -1.20185
13550 0.262776 0 -1.21264
13600 0.465494 0 -1.15742
13650 0.206038 0 -1.26599
13700 0.0974155 0 -1.12867
13750 0.179285 0 -1.15238
13800 0.266866 0 -1.22881
13850 0.0651412 0 -1.15132
13900 -0.0996092 0 -1.30081
13950 -0.0912894 0 -1.15753
14000 -0.0720779 0 -1.32329
14050 0.104857 0 -1.38532
14100 0.164158 0 -1.27463
14150 0.126351 0 -1.26687
14200 0.180213 0 -1.18873
14250 0.205697 0 -1.23386
14300 0.164144 0 -1.37939
14350 -0.103954 0 -1.24889
14400 0.0889498 0 -1.12476
14450 0.163584 0 -1.2306
14500 0.139311 0 -1.37066
14550 0.171743 0 -1.27785
14600 0.0511599 0 -1.2403
14650 -0.00397065 0 -1.02271
14700 0.0417547 0 -1.04745
14750 0.0450455 0 -0.965289
14800 -0.0917729 0 -0.749088
14850 0.00784978 0 -0.87054
14900 0.101295 0 -0.991954
14950 -0.199166 0 -0.290848
15000 0.0427846 0 -0.761292
15050 -0.190468 0 -0.930731
15100 0.085362 0 -0.784077
15150 0.0752042 0 -0.957135
15200 0.0933952 0 -0.992904
15250 0.421911 0 -0.901292
15300 0.0337742 0 -1.09934
15350 0.0636185 0 -1.19469
15400 0.252532 0 -1.24578
15450 0.12789 0 -1.22862
15500 0.214475 0 -1.08652
15550 0.108378 0 -0.999634
15600 0.0294692 0 -1.16143
15650 0.0805983 0 -1.10734
15700 0.244423 0 -1.19264
15750 0.251583 0 -1.27294
15800 0.140963 0 -1.20919
15850 0.0411396 0 -1.25246
15900 0.222698 0 -1.13679
15950 0.320196 0 -1.06144
16000 0.311604 0 -1.14546
16050 0.225176 0 -1.19711
16100 0.17405 0 -1.24006
16150 0.26011 0 -1.38884
16200 0.263397 0 -1.26175
16250 0.199528 0 -1.07855
16300 0.130663 0 -1.08058
16350 0.0689343 0 -1.10836
16400 0.0141711 0 -1.15457
16450 0.228799 0 -1.11151
16500 0.204177 0 -1.08855
16550 -0.0779991 0 -1.23367
16600 0.032177 0 -1.28128
16650 0.193968 0 -1.37749
16700 0.24434 0 -1.24229
16750 0.124404 0 -1.23429
16800 0.101088 0 -1.20495
16850 0.235207 0 -1.08583
16900 0.159911 0 -1.39331
16950 0.281708 0 -1.43996
17000 0.115286 0 -1.52202
17050 0.0604821 0 -1.58651
17100 0.272302 0 -1.44886
17150 0.258469 0 -1.29072
17200 0.0718144 0 -1.07048
17250 -0.0426736 0 -0.988482
17300 -0.038923 0 -1.09185
17350 0.195877 0 -1.09742
17400 0.246979 0 -1.00459
17450 -0.0683713 0 -1.07445
17500 0.0410891 0 -1.0597
17550 0.149676 0 -1.28647
17600 0.0280203 0 -1.1205
17650 0.0798284 0 -1.06318
17700 0.184319 0 -1.28223
17750 0.199973 0 -1.30395
17800 0.259262 0 -1.43751
17850 0.0216854 0 -1.41698
17900 0.0467136 0 -1.37116
17950 0.0706067 0 -1.29071
18000 0.260793 0 -1.40893
18050 0.223493 0 -1.28321
18100 0.0218516 0 -1.25376
18150 0.112016 0 -1.42292
18200 0.238492 0 -1.25154
18250 0.28126 0 -1.16829
18300 -0.028085 0 -1.35688
18350 0.0755845 0 -1.32437
18400 0.136842 0 -1.23632
18450 0.30215 0 -1.37815
18500 0.352482 0 -1.26829
18550 0.110666 0 -1.46523
18600 0.174908 0 -1.38264
18650 0.304266 0 -1.35103
18700 0.207366 0 -1.31789
18750 0.123788 0 -1.22825
18800 0.139864 0 -1.34211
18850 0.090823 0 -1.21057
18900 0.233293 0 -1.22046
18950 0.473557 0 -1.147
19000 0.142308 0 -1.24483
19050 0.175423 0 -1.28131
19100 0.23448 0 -1.23077
19150 0.233406 0 -1.27405
19200 0.235395 0 -1.33613
19250 0.182568 0 -1.44615
19300 0.0940481 0 -1.2326
19350 0.178951 0 -1.37684
19400 0.288265 0 -1.29176
19450 -0.00149583 0 -1.23626
19500 0.0242809 0 -1.2998
19550 0.26747 0 -1.31377
19600 0.267354 0 -1.30204
19650 0.0903659 0 -1.29249
19700 0.183629 0 -1.24406
19750 0.142787 0 -1.30473
19800 0.188804 0 -1.51258
19850 0.10294 0 -1.38004
19900 0.0274449 0 -1.2421
19950 0.020147 0 -1.32943
20000 0.143526 0 -1.18985
20050 0.215649 0 -1.13017
20100 0.13225 0 -1.28804
20150 0.0274179 0 -1.24729
20200 0.224063 0 -1.34068
20250 0.0837736 0 -1.29157
20300 0.129756 0 -1.25409
20350 0.21577 0 -1.32421
20400 0.214493 0 -1.38691
20450 0.159447 0 -1.19152
20500 0.0329658 0 -1.20338
20550 0.208434 0 -1.14622
20600 0.342025 0 -1.17786
20650 0.210731 0 -1.08057
20700 0.0662719 0 -0.822781
20750 -0.239073 0 -0.805257
20800 -0.263808 0 -0.805144
20850 -0.214332 0 -0.996511
20900 0.113738 0 -1.16372
20950 0.145874 0 -1.11825
21000 0.151207 0 -1.29596
21050 0.239041 0 -1.29484
21100 0.230955 0 -1.44852
21150 0.1405 0 -1.42404
21200 0.0164838 0 -1.40518
21250 0.080159 0 -1.49355
21300 0.247925 0 -1.22587
21350 0.226268 0 -1.1896
21400 0.0669236 0 -1.12102
21450 0.0511534 0 -0.833746
21500 -0.0308187 0 -0.841623
21550 0.191212 0 -1.22204
21600 0.0758878 0 -1.11335
21650 0.104063 0 -1.14454
21700 0.083878 0 -0.975774
21750 0.17165 0 -1.21213
21800 0.0981539 0 -1.20976
21850 -0.0571924 0 -1.20632
21900 0.147526 0 -1.32994
21950 0.201096 0 -1.43638
22000 0.194286 0 -1.47184
22050 0.151183 0 -1.39239
22100 0.0269788 0 -1.33683
22150 0.132306 0 -1.29656
22200 0.208892 0 -1.37948
22250 0.161452 0 -1.44563
22300 0.0633151 0 -1.30868
22350 0.186169 0 -1.22394
22400 0.213593 0 -1.45184
22450 0.0545385 0 -1.33434
22500 0.161578 0 -1.3007
22550 -0.00249872 0 -1.25613
22600 0.110142 0 -1.10044
22650 0.119056 0 -1.07978
22700 0.121196 0 -0.919854
22750 0.0997849 0 -0.726658
22800 -0.0761976 0 -0.481959
22850 -0.0479897 0 -0.310598
22900 -0.0441774 0 -0.298888
22950 0.0822623 0 -0.0952182
23000 0.151374 0 -0.198589
