200 0.0106981 0 -0.00463983
250 -0.0441353 0 -0.00907774
300 -0.113706 0 -0.0194244
350 -0.101076 0 0.0300481
400 -0.225965 0 0.126769
450 -0.390383 0 0.261551
500 -0.414473 0 -0.339359
550 -0.481884 0 -0.344438
600 -0.563793 0 0.367766
650 -0.622719 0 0.331932
700 -0.462713 0 0.0614411
750 -0.632539 0 0.18127
800 -0.707479 0 0.281975
850 -0.4219 0 -0.645691
900 -0.70074 0 0.324512
950 -0.651408 0 0.209905
1000 -0.719665 0 0.203719
1050 -0.764081 0 0.26528
1100 -0.870751 0 0.199666
1150 -0.863956 0 0.130338
1200 -0.568322 0 -1.48848
1250 -0.972455 0 0.134852
1300 -0.641414 0 -1.33781
1350 -0.584267 0 -1.25298
1400 -0.781698 0 -1.27683
1450 -0.900986 0 0.21039
1500 -0.875106 0 0.267798
1550 -0.984359 0 0.301137
1600 -1.04044 0 0.364563
1650 -0.159262 0 -0.0203166
1700 -1.01734 0 0.242713
1750 -0.269893 0 -0.434217
1800 -1.00229 0 0.214411
1850 -0.915776 0 0.245838
1900 -0.665456 0 -1.43917
1950 -0.890979 0 0.150702
2000 -0.534364 0 -1.47553
2050 -0.643219 0 -1.2646
2100 -0.84111 0 0.186798
2150 -0.86249 0 0.168093
2200 -0.51211 0 -1.35604
2250 -0.617359 0 -1.34284
2300 -1.06055 0 0.303651
2350 -0.67566 0 -1.52288
2400 -0.97665 0 0.215841
2450 -0.564241 0 -1.45898
2500 -0.964175 0 0.198279
2550 -0.733522 0 -1.22105
2600 -0.748476 0 -1.46166
2650 -0.427296 0 -1.60824
2700 -0.639899 0 -1.51483
2750 -0.909725 0 0.233284
2800 -0.758774 0 -1.25982
2850 -0.602007 0 -1.31728
2900 -1.03563 0 0.33273
2950 -0.524298 0 -1.32609
3000 -1.15443 0 0.35598
3050 -0.770946 0 -1.27655
3100 -1.0063 0 0.28722
3150 -1.0065 0 0.361207
3200 -1.08432 0 0.35211
3250 -0.288011 0 -0.132475
3300 -0.538073 0 -1.4366
3350 -1.02039 0 0.254863
3400 -0.407819 0 -1.44507
3450 -0.987029 0 0.305684
3500 -0.946392 0 0.33416
3550 -0.604011 0 -1.34046
3600 -1.0629 0 0.195011
3650 -0.0689095 0 -0.082038
3700 -1.1474 0 0.326217
3750 -0.910975 0 0.234694
3800 -0.942586 0 0.235381
3850 -0.923927 0 0.326827
3900 -0.996116 0 0.297207
3950 -1.05 0 0.399539
4000 -1.04749 0 0.281746
4050 -1.05581 0 0.338957
4100 -1.03186 0 0.35535
4150 -1.08947 0 0.25896
4200 -1.04849 0 0.293285
4250 -1.02596 0 0.270946
4300 -1.02033 0 0.287776
4350 0.0451896 0 -0.222805
4400 -0.223182 0 -0.450146
4450 -0.9697 0 0.24108
4500 -1.03739 0 0.197984
4550 -0.961773 0 0.276468
4600 -0.981647 0 0.337864
4650 -0.142713 0 -0.388413
4700 -1.08789 0 0.298139
4750 -0.00569071 0 -0.170262
4800 -0.863519 0 0.320782
4850 -0.816064 0 0.350647
4900 -0.985704 0 0.414127
4950 -0.996235 0 0.225671
5000 -1.04136 0 0.320468
5050 -0.57916 0 -1.41162
5100 -0.947605 0 0.311783
5150 -0.889126 0 0.285944
5200 -0.644391 0 -1.37941
5250 -1.04785 0 0.312016
5300 -0.547341 0 -1.34109
5350 -0.609779 0 -1.25046
5400 -0.66299 0 -1.48529
5450 -1.06667 0 0.252081
5500 -0.404609 0 -1.47262
5550 -1.02283 0 0.269937
5600 -1.14441 0 0.266293
5650 -0.985453 0 0.287302
5700 -0.99299 0 0.378968
5750 -0.228105 0 -0.425517
5800 -0.199193 0 -0.166139
5850 -0.739934 0 -1.31649
5900 -0.909516 0 0.288857
5950 -0.604546 0 -1.41018
6000 -0.64421 0 -1.44306
6050 -0.558968 0 -1.35967
6100 0.0450002 0 -0.273373
6150 -1.09939 0 0.316471
6200 -0.0201571 0 -0.148316
6250 -1.18187 0 0.390584
6300 -1.03009 0 0.354624
6350 -1.03167 0 0.428905
6400 -0.0805325 0 -0.115698
6450 -1.0481 0 0.384697
6500 -1.03463 0 0.380855
6550 -0.986458 0 0.35528
6600 -0.884779 0 0.359914
6650 0.0242387 0 -0.102364
6700 -0.8995 0 0.38233
6750 -0.760873 0 0.239046
6800 -0.651871 0 0.245322
6850 -0.675482 0 0.371227
6900 -0.0147522 0 0.0771104
6950 -0.587308 0 0.307068
7000 -0.599285 0 0.142874
7050 -0.644196 0 0.252876
7100 -0.691747 0 0.248432
7150 -0.442349 0 -1.00462
7200 -0.112388 0 -0.377416
7250 -0.651083 0 -1.12445
7300 -0.791423 0 0.19966
7350 -0.789382 0 0.26149
7400 -0.431772 0 -1.23182
7450 -0.197778 0 -0.26063
7500 -0.802194 0 0.303026
7550 -0.812445 0 0.163197
7600 -0.86679 0 0.226343
7650 -0.52794 0 -1.3321
7700 -0.685123 0 -1.1291
7750 -0.807618 0 -1.08437
7800 -0.940127 0 0.224001
7850 -0.956585 0 0.196272
7900 -0.403018 0 -1.45711
7950 -1.02386 0 0.340392
8000 -0.926791 0 0.264977
8050 -0.984471 0 0.303267
8100 -0.912769 0 0.30579
8150 -0.508281 0 -1.31033
8200 -0.220938 0 -0.367061
8250 -0.883366 0 -1.28911
8300 -0.947987 0 0.274412
8350 -0.8378 0 0.374725
8400 -0.928608 0 0.365525
8450 -0.94799 0 0.416115
8500 -0.84466 0 0.206245
8550 -0.767245 0 0.243367
8600 -0.887807 0 0.380773
8650 -0.906311 0 0.336226
8700 -1.02235 0 0.302297
8750 -1.00229 0 0.188515
8800 -1.02143 0 0.241618
8850 -0.565107 0 -1.28652
8900 -1.07412 0 0.3667
8950 -0.963662 0 0.253283
9000 -0.98268 0 0.159867
9050 -1.02041 0 0.236832
9100 -1.0012 0 0.339015
9150 -1.08105 0 0.314208
9200 -0.999245 0 0.291011
9250 -0.956459 0 0.307237
9300 -0.475444 0 -1.46645
9350 -1.05089 0 0.274088
9400 -1.11718 0 0.314982
9450 -1.00418 0 0.307621
9500 -0.971533 0 0.328245
9550 0.0023503 0 -0.128006
9600 -0.444159 0 -1.19203
9650 -0.804623 0 0.21553
9700 -0.784994 0 0.212828
9750 -0.262671 0 -1.19468
9800 -0.574856 0 0.333618
9850 -0.0375963 0 -0.413027
9900 -0.357393 0 0.156805
9950 -0.41184 0 0.0520513
10000 -0.0249821 0 -0.0810092
10050 -0.238726 0 0.049167
10100 -0.194882 0 0.0418265
10150 0.000821898 0 -0.0732254
10200 -0.0720074 0 0.0723914
10250 -0.243475 0 0.201707
10300 -0.0782304 0 0.161394
10350 -0.0459476 0 0.102012
10400 -0.0536222 0 -0.00951488
10450 -0.156668 0 0.0245372
10500 -0.0706589 0 0.0826209
10550 0.0919833 0 -0.0834543
10600 0.0683294 0 0.153885
10650 -0.145197 0 0.141379
10700 -0.0980336 0 0.294336
10750 -0.13317 0 -0.0947173
10800 -0.286614 0 0.0285524
10850 -0.324024 0 -0.00302264
10900 0.0697543 0 -0.136431
10950 0.0405943 0 0.137601
11000 -0.331304 0 0.547856
11050 -0.0660555 0 -0.295872
11100 -0.33772 0 0.131994
11150 -0.341982 0 0.0126759
11200 -0.450719 0 0.126747
11250 -0.559282 0 0.192699
11300 -0.581506 0 0.447672
11350 -0.754652 0 0.431217
11400 -0.836464 0 0.238782
11450 -0.684779 0 0.123836
11500 -0.690377 0 0.179765
11550 -0.707493 0 -1.44362
11600 -0.720626 0 -1.36343
11650 -0.905379 0 0.257651
11700 -0.981935 0 0.199502
11750 -1.03086 0 0.276681
11800 -0.583406 0 -1.43742
11850 -1.1534 0 0.384092
11900 -0.707936 0 -1.4244
11950 -0.991322 0 0.265377
12000 -0.993972 0 0.303742
12050 -1.09767 0 0.304723
12100 -1.05204 0 0.372089
12150 -0.509183 0 -1.34496
12200 -0.854137 0 0.182754
12250 -0.195713 0 -0.302617
12300 -0.870027 0 0.238562
12350 -0.860119 0 0.197457
12400 -0.491413 0 -1.41871
12450 -0.995581 0 0.27594
12500 -0.248035 0 -0.290004
12550 -0.183899 0 -0.244528
12600 -0.623045 0 -1.17645
12650 -0.949041 0 0.27521
12700 -0.346985 0 -1.4304
12750 -0.475135 0 -1.40218
12800 -0.382484 0 -1.33233
12850 -0.529661 0 -1.52218
12900 -1.05769 0 0.319743
12950 -0.354839 0 -1.37675
13000 -1.07277 0 0.276301
13050 -1.11049 0 0.26143
13100 -0.97929 0 0.268246
13150 -0.9709 0 0.26196
13200 0.0570381 0 -0.293739
13250 -0.222571 0 -0.555542
13300 -0.600692 0 -1.48635
13350 -1.03214 0 0.265178
13400 -0.983156 0 0.248166
13450 -1.05938 0 0.292015
13500 -0.289522 0 -0.154948
13550 -0.0437362 0 -0.159338
13600 -1.01275 0 0.332966
13650 -0.109983 0 0.00642029
13700 -1.02959 0 0.411931
13750 -0.843362 0 0.300143
13800 -0.963407 0 0.352323
13850 -0.911 0 0.510348
13900 -1.03271 0 0.442991
13950 -1.06442 0 0.425746
14000 -0.13704 0 -0.0340756
14050 -1.0277 0 0.340018
14100 -0.437554 0 -1.41353
14150 -0.513403 0 -1.49031
14200 -0.532612 0 -1.26643
14250 -0.966144 0 0.177555
14300 -0.92247 0 0.19727
14350 -0.911002 0 0.254755
14400 -0.94065 0 0.285697
14450 -0.814607 0 0.204284
14500 -0.846816 0 0.210252
14550 -0.962885 0 0.269983
14600 -0.999364 0 0.342552
14650 -1.13984 0 0.341839
14700 -1.0533 0 0.251089
14750 -0.993702 0 0.238355
14800 -0.911995 0 0.273452
14850 -0.997092 0 0.316424
14900 -1.05797 0 0.347563
14950 -0.971677 0 0.25668
15000 -0.974488 0 0.316721
15050 -0.304176 0 -0.514732
15100 -1.05349 0 0.331002
15150 -0.594225 0 -1.17989
15200 -0.978616 0 0.327966
15250 -1.02171 0 0.347558
15300 -1.02818 0 0.348546
15350 -0.213532 0 -0.467593
15400 -1.04278 0 0.315306
15450 -1.03635 0 0.325335
15500 -0.0518717 0 -0.144376
15550 -1.08124 0 0.336266
15600 -1.09836 0 0.262024
15650 -1.04138 0 0.269074
15700 -1.01974 0 0.303237
15750 -0.996334 0 0.364304
15800 -0.386409 0 -1.32612
15850 -0.371485 0 -1.48045
15900 -0.151934 0 -0.630067
15950 -0.280617 0 -0.611202
16000 -1.02994 0 0.350784
16050 -0.543118 0 -1.27514
16100 -1.01066 0 0.289261
16150 -1.06686 0 0.290395
16200 -1.06889 0 0.291051
16250 -0.351348 0 -1.32433
16300 -0.028557 0 -0.214445
16350 -1.0598 0 0.395118
16400 0.0133564 0 -0.259765
16450 -1.07791 0 0.351468
16500 -0.403822 0 -1.27154
16550 -1.03504 0 0.33131
16600 -1.09066 0 0.373079
16650 -1.06813 0 0.377277
16700 -1.10525 0 0.391197
16750 -1.00621 0 0.351869
16800 -1.04377 0 0.379421
16850 -0.0191267 0 -0.236147
16900 0.0894266 0 -0.251549
16950 -0.431326 0 -1.259
17000 -1.02639 0 0.316189
17050 -1.08899 0 0.405737
17100 -1.0507 0 0.359722
17150 -0.348422 0 -1.25882
17200 -0.00787305 0 -0.222359
17250 -1.02947 0 0.403205
17300 -0.0556031 0 -0.186123
17350 -0.163785 0 -0.415382
17400 -0.559552 0 -1.17501
17450 -1.05164 0 0.334235
17500 -1.07752 0 0.374196
17550 -1.04774 0 0.349969
17600 -0.358647 0 -1.33902
17650 -0.00738355 0 -0.22625
17700 -1.02632 0 0.352405
17750 -0.0353321 0 -0.246867
17800 -0.158831 0 -0.573866
17850 -0.481199 0 -1.3869
17900 0.0936878 0 -0.318221
17950 -0.87211 0 0.221683
18000 -0.312825 0 -0.463223
18050 -0.444734 0 -1.15133
18100 -0.702425 0 0.37875
18150 -0.0343003 0 -0.0716362
18200 -0.723799 0 0.246777
18250 -0.486511 0 0.172169
18300 -0.102459 0 0.132042
18350 0.0172967 0 -0.0473329
18400 0.0648082 0 -0.248898
18450 -0.0494535 0 -0.150436
18500 0.025595 0 -0.132687
18550 0.0194474 0 -0.105302
18600 0.000795858 0 -0.0614399
18650 -0.00936276 0 -0.0139127
18700 -0.0092204 0 -0.00111211
18750 0.0198404 0 -0.03669
18800 0.0118737 0 -0.0194286
18850 0.0112566 0 -0.023772
18900 0.0225473 0 -0.0198112
