200 -0.0156226 0 0.0610939
250 -0.0652837 0 -0.000939019
300 -0.0371014 0 -0.061527
350 0.0185959 0 -0.0237183
400 0.0408873 0 0.00778046
450 0.103615 0 -0.158708
500 0.123918 0 -0.166592
550 -0.0399425 0 -0.345671
600 -0.454996 0 0.0597848
650 -0.124353 0 -0.985688
700 -0.703763 0 0.160799
750 -0.0754541 0 -1.35611
800 0.042491 0 -0.992638
850 0.228887 0 -1.51468
900 -0.19247 0 -1.14835
950 -0.169609 0 -0.988046
1000 -0.0696845 0 -1.10867
1050 0.0226264 0 -1.1547
1100 -0.107209 0 -1.1529
1150 -0.193816 0 -1.15043
1200 -0.0996221 0 -0.995804
1250 -0.0427616 0 -1.12502
1300 0.0570836 0 -1.06702
1350 -0.156321 0 -1.04594
1400 -0.146966 0 -1.05789
1450 -0.0433264 0 -1.04403
1500 -0.0324771 0 -1.1316
1550 -0.0250752 0 -1.06027
1600 -0.176456 0 -0.995962
1650 0.262756 0 -0.670267
1700 0.0314528 0 -1.40982
1750 0.0467664 0 -1.10658
1800 -0.0418604 0 -1.04846
1850 -0.131365 0 -1.23829
1900 -0.0707358 0 -1.171
1950 0.098051 0 -1.2322
2000 -0.00283763 0 -1.15166
2050 -0.109603 0 -1.05739
2100 -0.0803001 0 -1.07334
2150 0.030288 0 -1.13573
2200 0.0954588 0 -1.08958
2250 -0.0635849 0 -1.09026
2300 -0.137246 0 -1.13055
2350 0.0320589 0 -1.06209
2400 0.0589447 0 -1.10456
2450 -0.0397058 0 -1.04975
2500 -0.196598 0 -1.18273
2550 -0.119102 0 -1.05537
2600 -0.00564645 0 -1.1206
2650 0.0647619 0 -1.15618
2700 -0.154469 0 -1.0697
2750 -0.234023 0 -1.14858
2800 -0.00961674 0 -1.06927
2850 0.0895701 0 -1.03154
2900 -0.0852823 0 -0.988461
2950 -0.183453 0 -1.07652
3000 -0.147797 0 -0.960363
3050 -0.0377354 0 -1.07423
3100 0.0890096 0 -1.0206
3150 -0.0161984 0 -1.00093
3200 -0.158411 0 -0.982416
3250 -0.166215 0 -0.984532
3300 -0.0156972 0 -0.953212
3350 0.141652 0 -1.04762
3400 0.120012 0 -0.905996
3450 -0.0642592 0 -1.04435
3500 -0.0171326 0 -1.54289
3550 -0.157296 0 -0.909787
3600 0.0327112 0 -0.999575
3650 0.00657466 0 -1.53603
3700 0.0135244 0 -0.874195
3750 -0.0911843 0 -0.978323
3800 -0.106714 0 -0.827161
3850 -0.0784012 0 -0.945864
3900 0.108187 0 -1.00333
3950 0.130032 0 -0.97368
4000 0.0057949 0 -0.948919
4050 -0.103965 0 -0.966796
4100 -0.1256 0 -1.05569
4150 0.0571725 0 -1.07688
4200 0.099662 0 -0.93213
4250 -0.0323174 0 -0.958887
4300 -0.165171 0 -0.944878
4350 -0.152641 0 -0.801932
4400 -0.0383632 0 -1.76037
4450 0.111229 0 -1.00235
4500 0.00413985 0 -0.88724
4550 -0.16217 0 -1.05507
4600 -0.116662 0 -0.832868
4650 -0.102813 0 -1.05185
4700 0.0504333 0 -0.929095
4750 0.0353491 0 -0.889463
4800 -0.105555 0 -0.868139
4850 -0.154411 0 -0.816375
4900 -0.124869 0 -0.906452
4950 0.106499 0 -0.946228
5000 0.0890956 0 -0.927825
5050 -0.0612479 0 -0.959194
5100 0.00144953 0 -1.41785
5150 -0.0179947 0 -0.882265
5200 0.0983469 0 -1.3291
5250 0.140102 0 -1.38812
5300 0.087329 0 -0.656322
5350 0.0285744 0 -0.7177
5400 -0.0125869 0 -0.868633
5450 2.08494e-06 0 -1.00832
5500 0.0346686 0 -0.974823
5550 0.0171393 0 -0.720704
5600 -0.14861 0 -1.01468
5650 -0.130426 0 -0.908964
5700 -0.0840675 0 -1.64366
5750 0.0490293 0 -0.972026
5800 0.0748954 0 -0.917022
5850 -0.0464746 0 -0.908466
5900 0.267382 0 -0.605442
5950 0.0274742 0 -0.941846
6000 0.151084 0 -0.999755
6050 0.0585377 0 -0.866669
6100 -0.0658375 0 -0.874169
6150 -0.141928 0 -0.93572
6200 -0.0884024 0 -1.02288
6250 0.060213 0 -1.01979
6300 0.0353617 0 -0.899574
6350 -0.282819 0 -0.871583
6400 -0.17629 0 -0.961
6450 -0.119018 0 -1.02199
6500 0.0679863 0 -0.989712
6550 -0.00822741 0 -1.01312
6600 -0.160317 0 -0.999305
6650 -0.0314846 0 -0.912028
6700 0.00372235 0 -1.05891
6750 0.0837326 0 -0.989472
6800 -0.0629231 0 -1.03375
6850 -0.101766 0 -1.15115
6900 -0.0567489 0 -0.968268
6950 0.127595 0 -1.0834
7000 0.129333 0 -0.971363
7050 -0.0659962 0 -0.927596
7100 -0.194272 0 -1.05841
7150 -0.103105 0 -1.08438
7200 0.057972 0 -1.12721
7250 0.0209204 0 -1.00254
7300 -0.137933 0 -1.03196
7350 -0.171028 0 -1.02801
7400 -0.0421628 0 -1.11034
7450 0.0426301 0 -1.1008
7500 -0.036051 0 -1.13182
7550 -0.176769 0 -1.11983
7600 -0.116191 0 -1.11642
7650 0.00876122 0 -1.21239
7700 0.0234751 0 -1.0944
7750 -0.117883 0 -1.17039
7800 -0.0952622 0 -1.15941
7850 0.0186846 0 -1.17174
7900 0.0771182 0 -1.10421
7950 -0.0520726 0 -1.07101
8000 -0.112236 0 -1.13275
8050 -0.00109087 0 -1.161
8100 0.0575987 0 -1.06384
8150 -0.0145327 0 -1.06487
8200 -0.110301 0 -1.02937
8250 -0.0878506 0 -1.05182
8300 0.0689556 0 -1.2014
8350 0.0182506 0 -1.13546
8400 -0.153939 0 -1.13988
8450 -0.0884659 0 -1.04731
8500 0.0021079 0 -1.04923
8550 0.0969958 0 -1.06101
8600 -0.140578 0 -0.889139
8650 -0.23262 0 -0.936152
8700 -0.140849 0 -0.725252
8750 0.053933 0 -1.34006
8800 0.0526395 0 -0.494837
8850 -0.00245268 0 -0.0389326
8900 -0.159409 0 0.0976249
8950 -0.258723 0 0.0261139
9000 -0.042095 0 -0.0958754
9050 -0.180335 0 0.016549
9100 -0.0512974 0 -0.153598
9150 -0.0196747 0 -0.143575
9200 -0.00100316 0 -0.0360638
9250 -0.0351419 0 -0.004814
9300 -0.00279682 0 -0.0360283
