# Created at Mon Oct 16 14:04:16 CDT 2017
3468297991658415 1
3468298465748991 2
3468299018788542 3
3468299473073210 4
3468299769353689 5
3468300460729421 6
3468300776708425 7
3468301033513845 8
3468301487829030 9
3468301803838552 10
3468302514959157 11
3468302791448415 12
3468303502507985 13
3468303759343923 14
3468304114873708 15
3468311413334762 16
3468311887364303 17
3468312479924118 18
3468312914555465 19
3468313487309372 20
3468313961369430 21
3468314257695114 22
3468314988499557 23
3468315541539108 24
3468316015599166 25
3468316568730270 26
3468317022984420 27
3468317576085006 28
3468318030339157 29
3468318583470260 30
3468319057469284 31
3468319610521575 32
3468320025316497 33
3468320598161956 34
3468320953722259 35
3468328741136809 36
3468329234941741 37
3468329807739270 38
3468330242279065 39
3468330795379651 40
3468331229919446 41
3468331782958996 42
3468332217529309 43
3468332770599377 44
3468333244628918 45
3468333797760022 46
3468334252105725 47
3468334785339368 48
3468335239654553 49
3468335792724621 50
3468336227264416 51
3468336523590100 52
3468337214904797 53
3468337787719739 54
3468338182769787 55
3468346394946310 56
3468346869006368 57
3468347402270528 58
3468347856616231 59
3468348152880880 60
3468348429431173 61
3468348883776876 62
3468349417041036 63
3468349871351248 64
3468350424451834 65
3468350859022146 66
3468351412061697 67
3468351866376882 68
3468352439191824 69
3468352893476492 70
3468353189771658 71
3468353900861746 72
3468354473707205 73
3468354809492117 74
3468363115466990 75
3468363589496531 76
3468364122821726 77
3468364596881785 78
3468364873401560 79
3468365604267039 80
3468366157367624 81
3468366611652292 82
3468367184467234 83
3468367638812937 84
3468367954822458 85
3468368665912546 86
3468369199237742 87
3468369673303333 88
3468370226373402 89
3468370660943714 90
3468370957238880 91
3468371688073841 92
3468372221399036 93
3468372675714222 94
3468372932550159 95
3468373327569691 96
3468373643579212 97
3468380295330722 98
3468381283001620 99
3468381974316317 100
3468382290325839 101
3468382981701571 102
3468383534741122 103
3468383969372470 104
3468384522473056 105
3468384976727206 106
3468385549603183 107
3468386023632724 108
3468386596417147 109
3468387031017977 110
3468387623577792 111
3468388097637850 112
3468388354443270 113
3468389164318759 114
3468389737054589 115
3468390250665429 116
3468391356805565 117
