200 -0.0118402 0 0.0239304
250 -0.0103574 0 0.0163285
300 -0.00278548 0 0.0149238
350 -0.00335814 0 0.0176845
400 -0.00557697 0 0.0194495
450 -0.0141786 0 0.0202106
500 -0.014734 0 0.0184226
550 -0.0182951 0 0.0252739
600 -0.0237335 0 0.0295579
650 -0.0194308 0 0.0154904
700 -0.0165172 0 0.00590921
750 -0.0549131 0 -0.0317895
800 -0.0100451 0 -0.0680981
850 -0.20588 0 0.0763175
900 -0.304749 0 0.251501
950 -0.412125 0 0.47823
1000 -0.502429 0 0.347904
1050 -0.557745 0 0.245803
1100 -0.653326 0 0.149497
1150 -0.63103 0 0.187194
1200 -0.857435 0 0.17949
1250 -0.793021 0 0.392414
1300 -0.759841 0 0.308996
1350 -0.765605 0 0.302993
1400 0.211824 0 -0.478604
1450 -0.379276 0 0.212386
1500 -0.546855 0 0.372125
1550 -0.585269 0 0.392139
1600 0.367293 0 -1.00094
1650 0.335105 0 -0.908381
1700 0.27635 0 -0.72621
1750 -0.934127 0 0.329843
1800 0.401579 0 -1.05282
1850 0.401567 0 -1.05279
1900 0.401527 0 -1.05265
1950 0.399424 0 -1.04642
2000 0.40158 0 -1.05282
2050 0.40158 0 -1.05282
2100 0.401577 0 -1.0528
2150 0.399907 0 -1.04736
2200 0.401553 0 -1.05279
2250 0.400199 0 -1.04904
2300 0.375037 0 -0.96805
2350 -1.03039 0 0.43043
2400 0.401575 0 -1.05281
2450 0.401559 0 -1.05278
2500 0.40154 0 -1.05271
2550 0.400386 0 -1.04925
2600 0.40158 0 -1.05282
2650 0.401579 0 -1.05282
2700 0.401267 0 -1.05179
2750 0.379546 0 -0.995128
2800 0.398896 0 -1.045
2850 0.362548 0 -0.966593
2900 0.377266 0 -0.9778
2950 -1.25595 0 0.623788
3000 0.400718 0 -1.05044
3050 0.400449 0 -1.05024
3100 0.399816 0 -1.04863
3150 0.373626 0 -0.98043
3200 0.401545 0 -1.05271
3250 0.398259 0 -1.04639
3300 0.383377 0 -1.00907
3350 -1.14985 0 0.521932
3400 0.40075 0 -1.05146
3450 0.400665 0 -1.05105
3500 0.400269 0 -1.04943
3550 0.390073 0 -1.02076
3600 0.401578 0 -1.05281
3650 0.401524 0 -1.05262
3700 0.399406 0 -1.04378
3750 0.398471 0 -1.04027
3800 0.401117 0 -1.05104
3850 0.400428 0 -1.04846
3900 0.397946 0 -1.04015
3950 0.398433 0 -1.04142
4000 0.40153 0 -1.05267
4050 0.401436 0 -1.05228
4100 0.401307 0 -1.05135
4150 0.400804 0 -1.04912
4200 0.40158 0 -1.05282
4250 0.401572 0 -1.05278
4300 0.401564 0 -1.05257
4350 0.401173 0 -1.05044
4400 0.40158 0 -1.05282
4450 0.401577 0 -1.05281
4500 0.401575 0 -1.05271
4550 0.401294 0 -1.05121
4600 0.40158 0 -1.05282
4650 0.40155 0 -1.05274
4700 0.401428 0 -1.05183
4750 0.400735 0 -1.04656
4800 0.401571 0 -1.05278
4850 0.401226 0 -1.05195
4900 0.396062 0 -1.03579
4950 -0.881294 0 0.394772
5000 0.401568 0 -1.05279
5050 0.401509 0 -1.05262
5100 0.401357 0 -1.05198
5150 0.39083 0 -1.01665
5200 0.40158 0 -1.05282
5250 0.401578 0 -1.05281
5300 0.401488 0 -1.0525
5350 0.390065 0 -1.023
5400 0.399263 0 -1.0486
5450 0.39027 0 -1.02491
5500 0.365623 0 -0.933105
5550 -0.828534 0 0.417801
5600 0.401434 0 -1.0526
5650 0.401231 0 -1.05182
5700 0.4002 0 -1.04865
5750 0.385913 0 -0.993134
5800 0.40158 0 -1.05282
5850 0.401574 0 -1.05281
5900 0.400842 0 -1.05071
5950 0.384601 0 -0.994982
6000 0.401246 0 -1.05236
6050 0.39549 0 -1.03988
6100 0.364584 0 -0.946063
6150 -0.986777 0 0.376555
6200 0.401576 0 -1.05281
6250 0.401544 0 -1.05273
6300 0.401528 0 -1.05266
6350 0.399026 0 -1.04415
6400 0.40158 0 -1.05282
6450 0.40158 0 -1.05282
6500 0.401535 0 -1.05258
6550 0.394062 0 -1.02295
6600 0.401522 0 -1.0528
6650 0.397716 0 -1.04497
6700 0.344607 0 -0.912995
6750 -0.527025 0 -0.953471
6800 0.400528 0 -1.05189
6850 0.398986 0 -1.04692
6900 0.391216 0 -1.03031
6950 0.362157 0 -0.970315
7000 0.4011 0 -1.05244
7050 0.397044 0 -1.04439
7100 0.385256 0 -1.00716
7150 0.345307 0 -0.912025
7200 0.381115 0 -0.998451
7250 -1.17536 0 0.482693
7300 -1.21672 0 0.503544
7350 -1.27398 0 0.586095
7400 0.39854 0 -1.04688
7450 0.369273 0 -0.977161
7500 0.363715 0 -0.957613
7550 -1.14828 0 0.496582
7600 0.401578 0 -1.05282
7650 0.401561 0 -1.05277
7700 0.401558 0 -1.05276
7750 0.400753 0 -1.0504
7800 0.40158 0 -1.05282
7850 0.401534 0 -1.05273
7900 0.400768 0 -1.05054
7950 0.39802 0 -1.04357
8000 0.40004 0 -1.04821
8050 0.395561 0 -1.03385
8100 0.393327 0 -1.02906
8150 0.396173 0 -1.03739
8200 0.401004 0 -1.05087
8250 0.400874 0 -1.05018
8300 0.400301 0 -1.04841
8350 0.398565 0 -1.04325
8400 0.401574 0 -1.0528
8450 0.401552 0 -1.05269
8500 0.401201 0 -1.05148
8550 0.397383 0 -1.03774
8600 0.401539 0 -1.05261
8650 0.401217 0 -1.05164
8700 0.399978 0 -1.04877
8750 0.391955 0 -1.02881
8800 0.401446 0 -1.05216
8850 0.398101 0 -1.03991
8900 0.368076 0 -0.96576
8950 -0.980803 0 0.389114
9000 0.399712 0 -1.04755
9050 0.396996 0 -1.04101
9100 0.391927 0 -1.02507
9150 -0.985236 0 0.425166
9200 0.40158 0 -1.05282
9250 0.40158 0 -1.05282
9300 0.40158 0 -1.05282
9350 0.401125 0 -1.05138
9400 0.40158 0 -1.05282
9450 0.40158 0 -1.05282
9500 0.401579 0 -1.05281
9550 0.401119 0 -1.0516
9600 0.40158 0 -1.05282
9650 0.401574 0 -1.05281
9700 0.401274 0 -1.05166
9750 0.387974 0 -1.01183
9800 0.400944 0 -1.05212
9850 0.396226 0 -1.03939
9900 -1.03276 0 0.418168
9950 -0.982273 0 0.393906
10000 0.400553 0 -1.05006
10050 0.390334 0 -1.02537
10100 -0.808915 0 0.496224
10150 -0.784913 0 0.387399
10200 0.40101 0 -1.05074
10250 0.398916 0 -1.04496
10300 0.354201 0 -0.944357
10350 -0.853362 0 0.276419
10400 0.39732 0 -1.04268
10450 0.392578 0 -1.02904
10500 0.390255 0 -1.02227
10550 0.0696303 0 -0.700441
10600 0.40158 0 -1.05282
10650 0.401579 0 -1.05281
10700 0.401513 0 -1.05258
10750 0.390598 0 -1.02078
10800 0.401559 0 -1.05281
10850 0.401041 0 -1.05171
10900 0.391882 0 -1.02819
10950 0.341761 0 -0.917024
11000 0.400734 0 -1.05209
11050 0.389776 0 -1.02414
11100 0.369982 0 -0.954713
11150 0.278287 0 -0.746952
11200 0.337382 0 -0.961782
11250 -1.10985 0 0.347513
11300 -0.873371 0 0.401731
11350 -0.670721 0 0.406063
11400 0.401575 0 -1.05281
11450 0.401478 0 -1.05264
11500 0.3989 0 -1.04541
11550 0.360877 0 -0.943081
11600 0.40158 0 -1.05282
11650 0.401529 0 -1.05271
11700 0.400364 0 -1.0491
11750 0.375232 0 -0.984822
11800 0.401482 0 -1.05275
11850 0.398352 0 -1.04587
11900 0.386632 0 -1.00619
11950 0.346749 0 -0.899605
12000 0.368013 0 -0.968697
12050 -1.1524 0 0.392155
12100 -1.1473 0 0.514722
12150 -1.23061 0 0.537724
12200 0.401575 0 -1.05281
12250 0.401543 0 -1.05272
12300 0.400326 0 -1.04914
12350 0.394968 0 -1.03808
12400 0.40158 0 -1.05282
12450 0.40158 0 -1.05282
12500 0.401556 0 -1.05276
12550 0.40003 0 -1.04918
12600 0.401563 0 -1.0528
12650 0.401492 0 -1.05263
12700 0.401315 0 -1.0522
12750 0.40081 0 -1.05081
12800 0.401574 0 -1.05276
12850 0.401542 0 -1.05262
12900 0.400977 0 -1.05141
12950 0.398569 0 -1.04628
13000 0.401713 0 -1.05269
13050 0.401497 0 -1.05235
13100 0.400442 0 -1.05055
13150 0.396443 0 -1.043
13200 0.401548 0 -1.05273
13250 0.40151 0 -1.05264
13300 0.401151 0 -1.05193
13350 0.397225 0 -1.04357
13400 0.401571 0 -1.0528
13450 0.401525 0 -1.05268
13500 0.401131 0 -1.05149
13550 0.400389 0 -1.04917
13600 0.401579 0 -1.05281
13650 0.401572 0 -1.0528
13700 0.40152 0 -1.05252
13750 0.400864 0 -1.04952
13800 0.40158 0 -1.05282
13850 0.401578 0 -1.05281
13900 0.401551 0 -1.05269
13950 0.400047 0 -1.04726
14000 0.401579 0 -1.05282
14050 0.401556 0 -1.05277
14100 0.401266 0 -1.05204
14150 0.398813 0 -1.04575
14200 0.401573 0 -1.05281
14250 0.401472 0 -1.05266
14300 0.400861 0 -1.0514
14350 0.397894 0 -1.04463
14400 0.401443 0 -1.05268
14450 0.401193 0 -1.0522
14500 0.397475 0 -1.04535
14550 0.392044 0 -1.03246
14600 0.401535 0 -1.05278
14650 0.401282 0 -1.05239
14700 0.399275 0 -1.04887
14750 0.388157 0 -1.02592
14800 0.401576 0 -1.05282
14850 0.401569 0 -1.0528
14900 0.401477 0 -1.05263
14950 0.397984 0 -1.04566
15000 0.399858 0 -1.05025
15050 0.385173 0 -1.01544
15100 0.361403 0 -0.965238
15150 -1.06409 0 0.380951
15200 0.400927 0 -1.05143
15250 0.399981 0 -1.04906
15300 0.397757 0 -1.04414
15350 0.355754 0 -0.950482
15400 0.40158 0 -1.05282
15450 0.401579 0 -1.05282
15500 0.40152 0 -1.05261
15550 0.388795 0 -1.0172
15600 0.401255 0 -1.0527
15650 0.398631 0 -1.0467
15700 0.37222 0 -0.978855
15750 -1.02763 0 0.291106
15800 0.401579 0 -1.05282
15850 0.401576 0 -1.05281
15900 0.401575 0 -1.0528
15950 0.400315 0 -1.04959
16000 0.40158 0 -1.05282
16050 0.40158 0 -1.05282
16100 0.401558 0 -1.05274
16150 0.396566 0 -1.03789
16200 0.401576 0 -1.05282
16250 0.401125 0 -1.05195
16300 0.382519 0 -1.01046
16350 -0.92622 0 0.272475
16400 0.401576 0 -1.05281
16450 0.401563 0 -1.05278
16500 0.401505 0 -1.05265
16550 0.39846 0 -1.04582
16600 0.40158 0 -1.05282
16650 0.40158 0 -1.05282
16700 0.401533 0 -1.05257
16750 0.396861 0 -1.03609
16800 0.401506 0 -1.05272
16850 0.399399 0 -1.04721
16900 0.371089 0 -0.949081
16950 -0.921119 0 0.430977
17000 0.40157 0 -1.05281
17050 0.401508 0 -1.05269
17100 0.401449 0 -1.05251
17150 0.394007 0 -1.03185
17200 0.40158 0 -1.05282
17250 0.40158 0 -1.05282
17300 0.401559 0 -1.05276
17350 0.399376 0 -1.04744
17400 0.401578 0 -1.05282
17450 0.401457 0 -1.05253
17500 0.397995 0 -1.03891
17550 0.376691 0 -0.955378
17600 0.401027 0 -1.05194
17650 0.398805 0 -1.04385
17700 0.382548 0 -0.972549
17750 -0.880956 0 0.375234
17800 0.401555 0 -1.05279
17850 0.401523 0 -1.05268
17900 0.401457 0 -1.05241
17950 0.395896 0 -1.03564
18000 0.40158 0 -1.05282
18050 0.40158 0 -1.05282
18100 0.401523 0 -1.05256
18150 0.394848 0 -1.03047
18200 0.401574 0 -1.05281
18250 0.401491 0 -1.05258
18300 0.400211 0 -1.04668
18350 0.331204 0 -0.824059
18400 0.398985 0 -1.04989
18450 0.392471 0 -1.03132
18500 0.369569 0 -0.947531
18550 -0.99339 0 0.387005
18600 0.401578 0 -1.05282
18650 0.401566 0 -1.05279
18700 0.401563 0 -1.05276
18750 0.400407 0 -1.04879
18800 0.40158 0 -1.05282
18850 0.401579 0 -1.05281
18900 0.401402 0 -1.05206
18950 0.394116 0 -1.03378
19000 0.401564 0 -1.0528
19050 0.401512 0 -1.05266
19100 0.400565 0 -1.05004
19150 0.393614 0 -1.03502
19200 0.401578 0 -1.05282
19250 0.401562 0 -1.05278
19300 0.4015 0 -1.0526
19350 0.398778 0 -1.04603
19400 0.40158 0 -1.05282
19450 0.40158 0 -1.05282
19500 0.401568 0 -1.05278
19550 0.400261 0 -1.04968
19600 0.40158 0 -1.05282
19650 0.40158 0 -1.05282
19700 0.401577 0 -1.05281
19750 0.401182 0 -1.05192
19800 0.40158 0 -1.05282
19850 0.40158 0 -1.05282
19900 0.401576 0 -1.05281
19950 0.401108 0 -1.05182
20000 0.40158 0 -1.05282
20050 0.40158 0 -1.05282
20100 0.401573 0 -1.0528
20150 0.40126 0 -1.05218
20200 0.40158 0 -1.05282
20250 0.40158 0 -1.05282
20300 0.401576 0 -1.05281
20350 0.401419 0 -1.05249
20400 0.40158 0 -1.05282
20450 0.40158 0 -1.05282
20500 0.40158 0 -1.05282
20550 0.401495 0 -1.05265
20600 0.40158 0 -1.05282
20650 0.40158 0 -1.05282
20700 0.401566 0 -1.05279
20750 0.400927 0 -1.05141
20800 0.40158 0 -1.05282
20850 0.401576 0 -1.05281
20900 0.401512 0 -1.05266
20950 0.400443 0 -1.0503
21000 0.401578 0 -1.05282
21050 0.401568 0 -1.0528
21100 0.401461 0 -1.05253
21150 0.400595 0 -1.05034
21200 0.401571 0 -1.05281
21250 0.40154 0 -1.05275
21300 0.401265 0 -1.052
21350 0.399552 0 -1.04685
21400 0.401564 0 -1.05281
21450 0.401487 0 -1.05267
21500 0.4008 0 -1.05101
21550 0.397916 0 -1.04255
21600 0.401534 0 -1.05279
21650 0.401355 0 -1.05246
21700 0.400617 0 -1.05082
21750 0.398855 0 -1.04684
21800 0.401579 0 -1.05282
21850 0.401563 0 -1.05279
21900 0.401471 0 -1.05261
21950 0.400797 0 -1.05118
22000 0.40158 0 -1.05282
22050 0.40158 0 -1.05282
22100 0.401567 0 -1.05279
22150 0.401308 0 -1.05226
22200 0.40158 0 -1.05282
22250 0.40158 0 -1.05282
22300 0.40156 0 -1.05277
22350 0.401198 0 -1.05197
22400 0.40158 0 -1.05282
22450 0.401578 0 -1.05281
22500 0.401531 0 -1.05272
22550 0.400345 0 -1.04992
22600 0.401579 0 -1.05282
22650 0.401569 0 -1.05279
22700 0.401523 0 -1.05271
22750 0.40068 0 -1.05035
22800 0.40158 0 -1.05282
22850 0.401579 0 -1.05281
22900 0.401548 0 -1.05275
22950 0.399667 0 -1.04779
23000 0.401571 0 -1.05282
23050 0.401545 0 -1.05275
23100 0.401272 0 -1.05207
23150 0.39266 0 -1.02845
23200 0.400682 0 -1.05238
23250 0.396455 0 -1.04391
23300 0.386597 0 -1.01583
23350 -0.974539 0 0.459579
23400 0.401501 0 -1.05268
23450 0.401236 0 -1.05204
23500 0.398032 0 -1.04473
23550 0.368309 0 -0.962025
23600 0.40158 0 -1.05282
23650 0.401507 0 -1.05269
23700 0.394188 0 -1.03403
23750 0.34185 0 -0.888278
23800 0.391725 0 -1.03518
23850 0.35802 0 -0.949621
23900 -1.01177 0 0.415905
23950 -0.916414 0 0.343532
24000 0.389288 0 -1.02548
24050 0.379365 0 -1.00607
24100 -0.0418188 0 -0.872056
24150 -0.963777 0 0.295939
24200 0.400952 0 -1.05171
24250 0.399474 0 -1.04773
24300 0.399254 0 -1.04604
24350 0.380023 0 -0.981244
24400 0.40158 0 -1.05282
24450 0.401519 0 -1.05263
24500 0.397185 0 -1.03679
24550 0.365855 0 -0.945627
24600 0.399807 0 -1.05072
24650 0.383648 0 -1.01606
24700 0.340129 0 -0.893296
24750 0.21455 0 -0.519984
24800 0.364172 0 -0.961936
24850 -1.03701 0 0.554543
24900 -1.05297 0 0.446876
24950 -0.948344 0 0.338121
25000 0.40158 0 -1.05282
25050 0.401566 0 -1.05279
25100 0.400316 0 -1.04675
25150 0.375626 0 -0.953616
25200 0.40158 0 -1.05282
25250 0.40158 0 -1.05282
25300 0.401569 0 -1.05276
25350 0.394684 0 -1.02896
25400 0.401506 0 -1.05278
25450 0.401122 0 -1.05156
25500 0.396796 0 -1.03639
25550 0.363904 0 -0.940509
25600 0.401189 0 -1.05221
25650 0.400396 0 -1.05042
25700 0.397996 0 -1.0447
25750 0.392868 0 -1.03137
25800 0.40158 0 -1.05282
25850 0.40157 0 -1.0528
25900 0.401502 0 -1.05262
25950 0.400124 0 -1.0496
26000 0.40158 0 -1.05282
26050 0.40158 0 -1.05282
26100 0.401576 0 -1.05281
26150 0.401294 0 -1.05212
26200 0.40158 0 -1.05282
26250 0.40158 0 -1.05282
26300 0.40158 0 -1.05282
26350 0.401428 0 -1.05244
26400 0.40158 0 -1.05282
26450 0.40158 0 -1.05282
26500 0.40158 0 -1.05282
26550 0.401386 0 -1.05237
26600 0.40158 0 -1.05282
26650 0.40158 0 -1.05282
26700 0.401579 0 -1.05282
26750 0.401217 0 -1.05202
26800 0.40158 0 -1.05282
26850 0.40158 0 -1.05282
26900 0.401574 0 -1.0528
26950 0.400086 0 -1.04973
27000 0.40158 0 -1.05282
27050 0.40158 0 -1.05282
27100 0.401574 0 -1.0528
27150 0.400156 0 -1.04991
27200 0.40153 0 -1.05278
27250 0.400135 0 -1.04989
27300 0.39431 0 -1.03248
27350 0.34789 0 -0.933905
27400 0.319413 0 -0.894264
27450 -0.893084 0 0.389693
27500 -0.899301 0 0.438074
27550 -0.809964 0 0.373383
27600 0.40027 0 -1.05044
27650 0.396671 0 -1.0401
27700 -1.05346 0 0.410171
27750 -1.01969 0 0.380092
27800 0.401561 0 -1.05277
27850 0.397641 0 -1.04429
27900 -0.902947 0 0.442184
27950 -0.789835 0 0.489082
28000 0.399909 0 -1.04808
28050 0.376854 0 -0.978033
28100 -0.810459 0 0.000878616
28150 -0.372334 0 0.0846629
28200 0.353183 0 -0.898904
28250 -1.01157 0 0.30664
28300 -0.304936 0 -0.195869
28350 -0.102774 0 -0.138095
28400 0.401571 0 -1.05282
28450 0.401525 0 -1.05273
28500 0.400205 0 -1.04804
28550 0.342377 0 -0.884781
28600 0.401574 0 -1.05281
28650 0.401317 0 -1.05219
28700 0.395975 0 -1.03367
28750 0.315027 0 -0.799944
28800 0.40023 0 -1.05131
28850 0.390321 0 -1.02366
28900 0.347855 0 -0.884102
28950 -0.917908 0 0.322506
29000 0.401539 0 -1.05277
29050 0.401425 0 -1.05244
29100 0.401193 0 -1.05169
29150 0.384279 0 -1.00185
29200 0.40158 0 -1.05282
29250 0.40158 0 -1.05282
29300 0.401453 0 -1.05234
29350 0.383044 0 -0.999219
29400 0.401478 0 -1.05276
29450 0.399586 0 -1.04837
