# Created at Wed Mar 07 14:32:22 CST 2018
2153242837983017 1
2153243371308212 2
2153243825653915 3
2153244418244247 4
2153244951508408 5
2153245465149765 6
2153245978699570 7
2153246492249374 8
2153246986054306 9
2153247539154892 10
2153247973644530 11
2153248487224853 12
2153249020550048 13
2153249534099853 14
2153250087230956 15
2153250620586669 16
2153251173595702 17
2153251687176024 18
2153252161266601 19
2153252655041015 20
2153253148876464 21
2153253642681395 22
2153254176037108 23
2153254650097167 24
2153255124157226 25
2153255657512938 26
2153256151287353 27
2153256684643065 28
2153257178447997 29
2153257691967284 30
2153258185812570 31
2153258679648020 32
2153259173483469 33
2153259687002756 34
2153260220388986 35
2153260615469553 36
2153264546225168 37
2153265099325754 38
2153265612906076 39
2153266126455881 40
2153266620260813 41
2153267114096262 42
2153267607931711 43
2153268121493514 44
2153268615328963 45
2153269109133895 46
2153269622683699 47
2153270116519148 48
2153270610354598 49
2153271104159529 50
2153271598025496 51
2153272111605818 52
2153272605380232 53
2153273138705428 54
2153273612765486 55
2153274146090682 56
2153274620150740 57
2153275133731063 58
2153275686862166 59
2153276180606063 60
2153276812716658 61
2153277089266951 62
2153277523837264 63
2153278037432386 64
2153279499102307 65
2153280091723157 66
2153280763323499 67
2153281375628186 68
2153281908953382 69
2153282442278577 70
2153283015154554 71
2153283568163587 72
2153284042284680 73
2153284555834485 74
2153285089190198 75
2153285582964612 76
2153286076861096 77
2153286610155774 78
2153287143480970 79
2153287657030774 80
2153288190422761 81
2153288664421784 82
2153289118767487 83
2153289632347810 84
2153290165673005 85
2153290659477936 86
2153291133599030 87
2153291686669099 88
2153292160729157 89
2153292694054352 90
2153293227349030 91
2153293740959870 92
2153294234764802 93
2153294748345124 94
2153295281639802 95
2153295775475251 96
2153296289086091 97
2153296782860505 98
2153297256951081 99
2153297770561921 100
2153298264323303 101
2153298797679016 102
2153299291483947 103
2153299805094787 104
2153300279124328 105
2153300792735168 106
2153301286601135 107
2153301800120422 108
2153302293955871 109
2153302807536194 110
2153303321085998 111
2153303834635803 112
2153304269206115 113
2153304861826965 114
2153305454386779 115
2153305908701965 116
2153306402567932 117
2153306935862610 118
2153307469187805 119
2153307963049114 120
2153308496343791 121
2153309029668987 122
2153309503729045 123
2153309997564495 124
2153310550634563 125
2153311064184368 126
2153311518530071 127
2153312091375530 128
2153312604955852 129
2153313118566692 130
2153313592565715 131
2153314185156047 132
2153314698736370 133
2153315212316692 134
2153315686346233 135
2153316199957073 136
2153316693792522 137
2153317207403362 138
2153317701208293 139
2153318234526414 140
2153318669066209 141
2153319202391404 142
2153319696257371 143
2153320288817185 144
2153320861662644 145
2153321335783738 146
2153321869078416 147
2153322362852830 148
2153322876402634 149
2153323370299119 150
2153323864073533 151
2153324377684373 152
2153324891264695 153
2153325365324753 154
2153325898619431 155
2153326432036179 156
2153326985014695 157
2153327557860154 158
2153328130706352 159
2153328703612846 160
2153329197356742 161
2153329592437309 162
