200 -0.0118402 0 0.0239304
250 -0.0103574 0 0.0163285
300 -0.00278548 0 0.0149238
350 -0.00335814 0 0.0176845
400 -0.00557697 0 0.0194495
450 -0.0141786 0 0.0202106
500 -0.014734 0 0.0184226
550 -0.0182951 0 0.0252739
600 -0.0237335 0 0.0295579
650 -0.0194308 0 0.0154904
700 -0.0165172 0 0.00590921
750 -0.0549131 0 -0.0317895
800 -0.0100451 0 -0.0680981
850 -0.20588 0 0.0763175
900 -0.304749 0 0.251501
950 -0.412125 0 0.47823
1000 -0.502429 0 0.347904
1050 -0.557745 0 0.245803
1100 -0.653326 0 0.149497
1150 -0.63103 0 0.187194
1200 -0.602152 0 0.422647
1250 -0.602855 0 0.494068
1300 -0.686307 0 0.356029
1350 -0.755099 0 0.300904
1400 -0.68313 0 0.237247
1450 -0.500969 0 0.231963
1500 -0.581655 0 0.411042
1550 -0.581357 0 0.392392
1600 -0.636603 0 0.25775
1650 -0.866687 0 0.200793
1700 -0.685332 0 0.144223
1750 -0.643595 0 0.380538
1800 -0.650943 0 0.493983
1850 -0.629898 0 0.423656
1900 -0.75269 0 0.272999
1950 -0.741677 0 0.174306
2000 -0.588938 0 0.256246
2050 -0.742567 0 0.475381
2100 -0.716047 0 0.489569
2150 -0.844399 0 0.398126
2200 -0.971072 0 0.310707
2250 -0.738503 0 0.24517
2300 -0.768102 0 0.428711
2350 -0.902466 0 0.538746
2400 -1.04435 0 0.523676
2450 -1.0713 0 0.464128
2500 -1.06966 0 0.409653
2550 -1.0595 0 0.565699
2600 -1.09712 0 0.660108
2650 -1.19739 0 0.619061
2700 -1.1859 0 0.56198
2750 -1.24023 0 0.644611
2800 -1.2385 0 0.691366
2850 -1.32306 0 0.724051
2900 -1.28045 0 0.537703
2950 -1.285 0 0.717701
3000 -1.27835 0 0.677088
3050 -1.32147 0 0.652116
3100 -1.33117 0 0.564982
3150 -1.34883 0 0.756115
3200 -1.39414 0 0.655738
3250 -1.33429 0 0.636572
3300 -1.35923 0 0.530907
3350 -1.33251 0 0.631101
3400 -1.26255 0 0.615346
3450 -1.30272 0 0.554271
3500 -1.29859 0 0.565598
3550 -1.37938 0 0.65597
3600 -1.27637 0 0.650208
3650 -1.28596 0 0.58821
3700 -1.33142 0 0.626654
3750 -1.29623 0 0.680115
3800 -1.31589 0 0.637487
3850 -1.31337 0 0.611628
3900 -1.29634 0 0.723774
3950 -1.35443 0 0.765294
4000 -1.38215 0 0.701417
4050 -1.31374 0 0.604762
4100 -1.3357 0 0.750803
4150 -1.32489 0 0.72699
4200 -1.32506 0 0.701322
4250 -1.31621 0 0.589924
4300 -1.20495 0 0.827318
4350 -1.13287 0 0.773712
4400 -1.25456 0 0.738759
4450 -1.20105 0 0.566482
4500 -1.03617 0 0.704848
4550 -0.84782 0 0.742558
4600 -0.929637 0 0.604685
4650 -0.954318 0 0.476616
4700 -0.922776 0 0.528069
4750 -0.760955 0 0.61785
4800 -0.774181 0 0.556902
4850 -1.07601 0 0.397106
4900 -0.850976 0 0.266227
4950 -0.715188 0 0.410829
5000 -0.900409 0 0.606405
5050 -0.854656 0 0.54474
5100 -0.973629 0 0.381401
5150 -0.74611 0 0.223984
5200 -0.704527 0 0.458404
5250 -0.790204 0 0.581172
5300 -0.780271 0 0.470763
5350 -0.968388 0 0.405819
5400 -0.781052 0 0.276289
5450 -0.819244 0 0.426946
5500 -0.814905 0 0.536538
5550 -0.730093 0 0.431579
5600 -0.934443 0 0.302375
5650 -0.735356 0 0.23016
5700 -0.708043 0 0.473734
5750 -0.758099 0 0.564121
5800 -0.716692 0 0.463502
5850 -0.748586 0 0.320826
5900 -0.71464 0 0.174104
5950 -0.628383 0 0.332379
6000 -0.684559 0 0.525401
6050 -0.548052 0 0.390869
6100 -0.636974 0 0.268049
6150 -0.835251 0 0.151714
6200 -0.645105 0 0.186163
6250 -0.710121 0 0.482448
6300 -0.593971 0 0.47316
6350 -0.630638 0 0.328479
6400 -0.878345 0 0.285312
6450 -0.710119 0 0.170291
6500 -0.527831 0 0.348947
6550 -0.584583 0 0.459685
6600 -0.524851 0 0.391069
6650 -0.689041 0 0.298099
6700 -0.883695 0 0.202731
6750 -0.645397 0 0.199985
6800 -0.854894 0 0.507001
6850 -0.943046 0 0.516337
6900 -0.874956 0 0.437691
6950 -1.05611 0 0.374511
7000 -1.05654 0 0.40964
7050 -1.0534 0 0.558693
7100 -1.14139 0 0.657947
7150 -1.23267 0 0.590535
7200 -1.30058 0 0.50092
7250 -1.36542 0 0.697741
7300 -1.29384 0 0.698124
7350 -1.32007 0 0.680151
7400 -1.28289 0 0.528997
7450 -1.34051 0 0.712518
7500 -1.32131 0 0.672911
7550 -1.28551 0 0.671018
7600 -1.29524 0 0.55859
7650 -1.33477 0 0.744001
7700 -1.33125 0 0.663463
7750 -1.36147 0 0.608902
7800 -1.3747 0 0.548397
7850 -1.43755 0 0.698087
7900 -1.39002 0 0.717954
7950 -1.47271 0 0.550201
8000 -1.4394 0 0.532638
8050 -1.33446 0 0.724888
8100 -1.34217 0 0.730039
8150 -1.30517 0 0.565471
8200 -1.3124 0 0.529416
8250 -1.24266 0 0.616253
8300 -1.21078 0 0.606869
8350 -1.15679 0 0.549392
8400 -1.04459 0 0.610321
8450 -0.896778 0 0.708187
8500 -0.870412 0 0.673888
8550 -0.943386 0 0.596165
8600 -0.835268 0 0.586611
8650 -0.68391 0 0.725304
8700 -0.578642 0 0.688741
8750 -0.832659 0 0.515266
8800 -0.893329 0 0.336707
8850 -0.678547 0 0.424623
8900 -0.716358 0 0.486073
8950 -0.631848 0 0.422672
9000 -0.787706 0 0.289585
9050 -0.824384 0 0.195604
9100 -0.658336 0 0.386617
9150 -0.744715 0 0.422801
9200 -0.679348 0 0.317003
9250 -0.877271 0 0.285848
9300 -0.876276 0 0.193588
9350 -0.742533 0 0.298733
9400 -0.768447 0 0.550328
9450 -0.766827 0 0.418632
9500 -0.849908 0 0.350633
9550 -0.891345 0 0.225826
9600 -0.707032 0 0.300562
9650 -0.701945 0 0.476348
9700 -0.664836 0 0.437044
9750 -0.764045 0 0.360768
9800 -0.965394 0 0.265258
9850 -0.778134 0 0.187506
9900 -0.699326 0 0.348584
9950 -0.701853 0 0.386521
10000 -0.726224 0 0.305013
10050 -0.915402 0 0.311611
10100 -0.861692 0 0.192696
10150 -0.828963 0 0.181927
10200 -0.753779 0 0.325836
10250 -0.686235 0 0.343287
10300 -0.720167 0 0.359768
10350 -0.871677 0 0.215751
10400 -0.773523 0 0.201405
10450 -0.58815 0 0.205994
10500 -0.515526 0 0.267343
10550 -0.439417 0 0.218822
10600 -0.573038 0 0.123823
10650 0.0263945 0 -0.197023
10700 -0.561721 0 0.081418
10750 -0.417075 0 0.186684
10800 -0.60961 0 0.374251
10850 -0.667911 0 0.365887
10900 -0.859034 0 0.226975
10950 -0.805293 0 0.164896
11000 -0.708852 0 0.214979
11050 -0.725589 0 0.560202
11100 -0.621421 0 0.448621
11150 -0.748143 0 0.293302
11200 -0.752694 0 0.284876
11250 -0.575978 0 0.229421
11300 -0.5567 0 0.434831
11350 -0.523886 0 0.448073
11400 -0.616478 0 0.337417
11450 -0.913554 0 0.248705
11500 -0.83465 0 0.149619
11550 -0.639927 0 0.271921
11600 -0.577758 0 0.386476
11650 -0.542811 0 0.342924
11700 -0.651241 0 0.307927
11750 -0.693731 0 0.174429
11800 -0.791482 0 0.220884
11850 -1.06834 0 0.668353
11900 -1.05857 0 0.66907
11950 -1.20981 0 0.524422
12000 -1.16835 0 0.338584
12050 -1.19485 0 0.425826
12100 -1.21102 0 0.672674
12150 -1.30006 0 0.665617
12200 -1.36271 0 0.546107
12250 -1.36769 0 0.570433
12300 -1.2993 0 0.594218
12350 -1.27261 0 0.588418
12400 -1.32264 0 0.454357
12450 -1.39739 0 0.564618
12500 -1.41745 0 0.645259
12550 -1.38415 0 0.657382
12600 -1.32378 0 0.460811
12650 -1.35472 0 0.607598
12700 -1.2721 0 0.562712
12750 -1.25206 0 0.545518
12800 -1.29618 0 0.471238
12850 -1.36208 0 0.627656
12900 -1.33766 0 0.605485
12950 -1.28784 0 0.530336
13000 -1.34492 0 0.487461
13050 -1.38747 0 0.59766
13100 -1.31174 0 0.621075
13150 -1.43504 0 0.565151
13200 -1.48104 0 0.573796
13250 -1.42542 0 0.669242
13300 -1.35767 0 0.644134
13350 -1.389 0 0.524714
13400 -1.32182 0 0.644168
13450 0.394366 0 -1.03704
13500 -1.18942 0 0.55491
13550 -1.19642 0 0.460994
13600 -1.16931 0 0.551216
13650 -1.28769 0 0.603771
13700 -1.2804 0 0.583818
13750 -1.31146 0 0.45908
13800 -1.29001 0 0.571901
13850 -1.27773 0 0.566604
13900 -1.33377 0 0.521957
13950 -1.34431 0 0.530572
14000 -1.38696 0 0.686505
14050 -1.3945 0 0.690634
14100 -1.34098 0 0.62308
14150 -1.36281 0 0.62873
14200 -1.29065 0 0.69838
14250 -1.33849 0 0.667322
14300 -1.2985 0 0.512475
14350 -1.23645 0 0.572848
14400 -1.20615 0 0.632984
14450 -1.19517 0 0.587277
14500 -1.09337 0 0.479403
14550 -1.10892 0 0.517555
14600 -0.998232 0 0.565438
14650 -1.01293 0 0.482533
14700 -0.99672 0 0.389609
14750 -0.894915 0 0.397431
14800 -0.824216 0 0.518907
14850 -0.853122 0 0.563133
14900 -0.98145 0 0.456771
14950 -0.871843 0 0.335091
15000 -0.733801 0 0.373026
15050 -0.813456 0 0.536293
15100 -0.754514 0 0.522813
15150 -0.948041 0 0.328942
15200 -0.909424 0 0.239877
15250 -0.680114 0 0.379728
15300 -0.765285 0 0.503689
15350 -0.703626 0 0.422963
15400 -0.725992 0 0.318404
15450 -0.820673 0 0.268725
15500 -0.652796 0 0.22215
15550 -0.649283 0 0.47331
15600 -0.571572 0 0.440851
15650 -0.6965 0 0.298674
15700 -0.894331 0 0.223384
15750 -0.813754 0 0.110372
15800 -0.6013 0 0.251666
15850 -0.679149 0 0.408323
15900 -0.593073 0 0.374706
15950 -0.750508 0 0.244512
16000 -0.990041 0 0.154005
16050 -0.733363 0 0.101475
16100 -0.705846 0 0.29964
16150 -0.654836 0 0.375466
16200 -0.6479 0 0.373884
16250 -0.753575 0 0.289908
16300 -0.806258 0 0.207281
16350 -0.645046 0 0.264179
16400 -0.647036 0 0.460986
16450 -0.633549 0 0.459725
16500 -0.770689 0 0.350675
16550 -0.988857 0 0.322803
16600 -0.840032 0 0.290634
16650 -0.719716 0 0.483424
16700 -0.744731 0 0.468876
16750 -0.747321 0 0.3761
16800 -0.85193 0 0.287176
16850 -0.689623 0 0.228861
16900 -0.550838 0 0.39406
16950 -0.573634 0 0.439101
17000 -0.525169 0 0.277754
17050 -0.661993 0 0.222242
17100 -0.692977 0 0.133795
17150 -0.432163 0 0.257073
17200 -0.67073 0 0.465381
17250 -0.55096 0 0.386794
17300 -0.644211 0 0.299587
17350 -0.851349 0 0.215387
17400 -0.645737 0 0.175836
17450 -0.441043 0 0.439042
17500 -0.56643 0 0.429477
17550 -0.653111 0 0.34692
17600 -0.797096 0 0.259532
17650 -0.793364 0 0.156884
17700 -0.550721 0 0.230526
17750 -0.564047 0 0.464214
17800 -0.587007 0 0.445936
17850 -0.564515 0 0.29153
17900 -0.715822 0 0.218651
17950 -0.773231 0 0.139
18000 -0.573622 0 0.21878
18050 -0.436547 0 0.430105
18100 -0.562041 0 0.436947
18150 -0.494832 0 0.31523
18200 -0.677848 0 0.254553
18250 -0.859857 0 0.115769
18300 -0.638936 0 0.0907339
18350 -0.603708 0 0.305526
18400 -0.752369 0 0.418042
18450 -0.655052 0 0.332381
18500 -0.738092 0 0.288349
18550 -0.773301 0 0.171774
18600 -0.663741 0 0.210129
18650 -0.798262 0 0.60967
18700 -0.8928 0 0.574132
18750 -1.04309 0 0.557529
18800 -1.11272 0 0.409001
18850 -1.09904 0 0.500522
18900 -1.08816 0 0.733547
18950 -1.16207 0 0.679887
19000 -1.17516 0 0.561241
19050 -1.19465 0 0.515661
19100 -1.17961 0 0.676583
19150 -1.14927 0 0.803095
19200 -1.31814 0 0.711906
19250 -1.27195 0 0.550736
19300 -1.29177 0 0.630803
19350 -1.18716 0 0.599523
19400 -1.21204 0 0.549587
19450 -1.29286 0 0.507617
19500 -1.24862 0 0.659381
19550 -1.2903 0 0.647457
19600 -1.34503 0 0.625046
19650 -1.36628 0 0.5586
19700 -1.29195 0 0.754806
19750 -1.25688 0 0.725813
19800 -1.24513 0 0.627829
19850 -1.29104 0 0.565264
19900 -1.31216 0 0.722881
19950 -1.30933 0 0.710216
20000 -1.27215 0 0.637631
20050 -1.31154 0 0.610386
20100 -1.17345 0 0.796548
20150 -1.20816 0 0.761726
20200 -1.22131 0 0.645729
20250 -1.24346 0 0.565408
20300 -1.23362 0 0.589892
20350 -1.22028 0 0.593295
20400 -1.26673 0 0.525136
20450 -1.27683 0 0.571544
20500 -1.34578 0 0.733814
20550 -1.41581 0 0.691467
20600 -1.32687 0 0.577451
20650 -1.3116 0 0.642839
20700 -1.22765 0 0.760723
20750 -1.24446 0 0.700089
20800 -1.29608 0 0.624657
20850 -1.31892 0 0.620143
20900 -1.16456 0 0.698996
20950 -1.18941 0 0.662103
21000 -1.27405 0 0.5485
21050 -1.27741 0 0.494031
21100 -1.19752 0 0.579495
21150 -1.23557 0 0.511159
21200 -1.21922 0 0.403937
21250 -1.21812 0 0.40379
21300 -1.22364 0 0.424855
21350 -1.16818 0 0.367143
21400 -1.184 0 0.374042
21450 -1.22872 0 0.374337
21500 -1.17626 0 0.579665
21550 -1.20599 0 0.63405
21600 -1.33556 0 0.562648
21650 -1.31871 0 0.535345
21700 -1.26126 0 0.74607
21750 -1.29834 0 0.710171
21800 -1.28519 0 0.58769
21850 -1.26716 0 0.594336
21900 -1.28413 0 0.657472
21950 -1.26633 0 0.620069
22000 -1.30115 0 0.56137
22050 -1.36414 0 0.574907
22100 -1.33051 0 0.719652
22150 -1.35555 0 0.658916
22200 -1.33204 0 0.55225
22250 -1.3143 0 0.588641
22300 -1.25785 0 0.651534
22350 -1.27096 0 0.614507
22400 -1.2677 0 0.515931
22450 -1.32497 0 0.620306
22500 -1.31534 0 0.641871
22550 -1.33181 0 0.653285
22600 -1.38955 0 0.468988
22650 -1.37058 0 0.646973
22700 -1.29086 0 0.63807
22750 -1.25329 0 0.587177
22800 -1.1745 0 0.412752
22850 -1.14709 0 0.564027
22900 -1.10959 0 0.529317
22950 -1.10976 0 0.511882
23000 -1.17098 0 0.430706
23050 -1.0847 0 0.509446
23100 -0.906883 0 0.628856
23150 -1.01169 0 0.53509
23200 -1.14513 0 0.438582
23250 -1.09939 0 0.347072
23300 -0.872636 0 0.524784
23350 -1.01127 0 0.559
23400 -1.09104 0 0.451562
23450 -1.06865 0 0.325966
23500 -0.901538 0 0.408883
23550 -0.841493 0 0.58386
23600 -0.887729 0 0.491842
23650 -1.0219 0 0.352575
23700 -0.884457 0 0.282675
23750 -0.731774 0 0.42828
23800 -0.944677 0 0.499494
23850 -0.91598 0 0.34519
23900 -1.04712 0 0.267058
23950 -0.818154 0 0.268664
24000 -0.806351 0 0.424693
24050 -0.848157 0 0.487765
24100 -0.937633 0 0.374309
24150 -0.948227 0 0.236812
24200 -0.735044 0 0.301554
24250 -0.768883 0 0.366276
24300 -0.68189 0 0.344857
24350 -0.843707 0 0.288012
24400 -1.034 0 0.246344
24450 -0.703553 0 0.185529
24500 -0.754794 0 0.351553
24550 -0.679708 0 0.477443
24600 -0.782414 0 0.323543
24650 -1.06237 0 0.220148
24700 -0.715125 0 0.143344
24750 -0.53708 0 0.272775
24800 -0.693396 0 0.416738
24850 -0.669826 0 0.389
24900 -0.84329 0 0.263695
24950 -1.04726 0 0.17671
25000 -0.706492 0 0.15723
25050 -0.603874 0 0.29898
25100 -0.662952 0 0.386239
25150 -0.638484 0 0.342809
25200 -0.746851 0 0.230504
25250 -0.898624 0 0.155287
25300 -0.767304 0 0.183464
25350 -0.798153 0 0.473289
25400 -0.962587 0 0.536355
25450 -1.00848 0 0.445371
25500 -1.13974 0 0.406451
25550 -1.11011 0 0.431077
25600 -1.0659 0 0.662886
25650 -1.0757 0 0.791839
25700 -1.27814 0 0.670675
25750 -1.24421 0 0.515341
25800 -1.34401 0 0.632085
25850 -1.26679 0 0.583379
25900 -1.29583 0 0.626031
25950 -1.25168 0 0.522615
26000 -1.33323 0 0.708452
26050 -1.30003 0 0.696679
26100 -1.34317 0 0.699862
26150 -1.33899 0 0.537511
26200 -1.37047 0 0.682063
26250 -1.33652 0 0.635214
26300 -1.41002 0 0.575092
26350 -1.38077 0 0.515106
26400 -1.32658 0 0.680539
26450 -1.28625 0 0.683918
26500 -1.31004 0 0.640035
26550 -1.29695 0 0.590409
26600 -1.23035 0 0.778134
26650 -1.24236 0 0.731336
26700 -1.24286 0 0.666916
26750 -1.23439 0 0.569493
26800 -1.1863 0 0.755239
26850 -1.10732 0 0.733958
26900 -1.10712 0 0.658777
26950 -1.02163 0 0.524168
27000 -0.868229 0 0.667262
27050 -0.892813 0 0.628752
27100 -1.00807 0 0.469198
27150 -1.03768 0 0.315034
27200 -0.899022 0 0.37211
27250 -0.932328 0 0.48629
27300 -0.837989 0 0.393247
27350 -1.08539 0 0.320283
27400 -0.960461 0 0.228607
27450 -0.767288 0 0.413562
27500 -0.888949 0 0.507668
27550 -0.839696 0 0.44108
27600 -1.07518 0 0.30956
27650 -0.943776 0 0.201789
27700 -0.81973 0 0.284382
27750 -0.854848 0 0.288094
27800 -0.80814 0 0.333979
27850 -0.932619 0 0.211671
27900 -0.694595 0 0.184901
27950 -0.556951 0 0.305523
28000 -0.535261 0 0.401231
28050 -0.517756 0 0.257634
28100 -0.634366 0 0.0752046
28150 -0.295423 0 0.0526268
28200 -0.0838273 0 0.130542
28250 0.285116 0 -0.458084
28300 -0.233811 0 -0.10765
28350 -0.0117837 0 -0.149697
28400 0.0120454 0 0.0214636
28450 -0.0249535 0 -0.0499518
28500 -0.0301518 0 -0.045454
28550 -0.0114181 0 -0.0303515
28600 -0.0209641 0 -0.0190949
28650 -0.0212296 0 -0.0049254
28700 -0.0209478 0 0.0102505
28750 -0.0219704 0 0.0133004
28800 -0.0145294 0 0.0221158
28850 -0.00879313 0 0.0167067
28900 -0.00732838 0 0.0144627
28950 -0.00377821 0 0.00841698
29000 -0.00384356 0 0.00379371
29050 -0.00366745 0 0.0126721
29100 -0.00608482 0 0.012123
29150 -0.00947568 0 0.0174592
29200 -0.0104887 0 0.020737
29250 -0.0139039 0 0.0230104
29300 -0.0247188 0 0.0420988
29350 -0.0202674 0 0.0456558
29400 -0.027768 0 0.0584617
29450 0.0256524 0 -0.0486573
