200 -0.00668663 0 0.0226011
250 -0.0110056 0 0.0192831
300 -0.0130571 0 0.0230762
350 -0.0116681 0 0.0185549
400 -0.0139688 0 0.0307558
450 -0.0250694 0 0.071819
500 -0.05228 0 0.0830382
550 -0.0360219 0 0.0176338
600 -0.0163539 0 -0.00526615
650 0.0283059 0 -0.0984974
700 -0.409429 0 -0.0704299
750 -0.425884 0 -0.0230272
800 -0.557435 0 0.0823431
850 -0.698513 0 0.311521
900 -0.794371 0 0.362874
950 -0.883169 0 0.305377
1000 -0.932668 0 0.219163
1050 -0.841945 0 0.314364
1100 -0.789236 0 0.458462
1150 -0.912177 0 0.371063
1200 -1.03402 0 0.360606
1250 -1.11774 0 0.273567
1300 -1.06207 0 0.38483
1350 -1.05724 0 0.335115
1400 -1.17649 0 0.346202
1450 -1.20213 0 0.268031
1500 -1.17434 0 0.421032
1550 -1.16244 0 0.443376
1600 -1.25586 0 0.414227
1650 -1.29557 0 0.340523
1700 -1.25756 0 0.541983
1750 -1.2358 0 0.511982
1800 -1.23504 0 0.434491
1850 -1.1867 0 0.388908
1900 -1.21001 0 0.543684
1950 -1.23911 0 0.47771
2000 -1.3602 0 0.453091
2050 -1.30854 0 0.457403
2100 -1.24482 0 0.633587
2150 -1.23539 0 0.538007
2200 -1.30819 0 0.455438
2250 -1.29793 0 0.425362
2300 -1.25525 0 0.564501
2350 -1.13194 0 0.465167
2400 -1.23868 0 0.437274
2450 -1.22291 0 0.413174
2500 -1.3084 0 0.528815
2550 -1.19192 0 0.472546
2600 -1.31515 0 0.396902
2650 -1.2763 0 0.414363
2700 -1.25685 0 0.53463
2750 -1.15865 0 0.4863
2800 -1.32389 0 0.428823
2850 -1.27663 0 0.432636
2900 -1.28844 0 0.544026
2950 -1.22646 0 0.460036
3000 -1.2274 0 0.409282
3050 -1.15248 0 0.428817
3100 -1.27368 0 0.495947
3150 -1.15879 0 0.45759
3200 -1.24923 0 0.354358
3250 -1.20437 0 0.443159
3300 -1.32834 0 0.51688
3350 -1.29097 0 0.439276
3400 -1.23168 0 0.343111
3450 -1.17192 0 0.427817
3500 -1.32888 0 0.496244
3550 -1.29507 0 0.412883
3600 -1.25366 0 0.346874
3650 -1.18032 0 0.380941
3700 -1.26978 0 0.48096
3750 -1.23871 0 0.454252
3800 -1.16239 0 0.332016
3850 -1.11144 0 0.360364
3900 -1.202 0 0.514893
3950 -1.13188 0 0.447431
4000 -1.21703 0 0.397853
4050 -1.14376 0 0.450102
4100 -1.21481 0 0.553777
4150 -1.10444 0 0.442765
4200 -1.10444 0 0.328217
4250 -1.08991 0 0.406779
4300 -1.18183 0 0.550633
4350 -1.07131 0 0.47948
4400 -1.12888 0 0.418683
4450 -0.97142 0 0.461167
4500 -1.00197 0 0.522855
4550 -0.999627 0 0.445391
4600 -1.08605 0 0.297094
4650 -1.03281 0 0.29937
4700 -1.04066 0 0.53186
4750 -0.997856 0 0.42722
4800 -1.13075 0 0.336344
4850 -1.11852 0 0.295067
4900 -1.07933 0 0.432447
4950 -1.13937 0 0.435484
5000 -1.11785 0 0.415961
5050 -1.21106 0 0.308573
5100 -1.20811 0 0.4676
5150 -1.23107 0 0.459423
5200 -1.24091 0 0.418759
5250 -1.22591 0 0.338979
5300 -1.16227 0 0.439162
5350 -1.26426 0 0.453711
5400 -1.19648 0 0.430655
5450 -1.17419 0 0.317133
5500 -1.19565 0 0.420583
5550 -1.27394 0 0.485705
5600 -1.2608 0 0.359573
5650 -1.24722 0 0.238604
5700 -1.22949 0 0.399392
5750 -1.3817 0 0.506596
5800 -1.32962 0 0.441972
5850 -1.29815 0 0.286036
5900 -1.26922 0 0.430028
5950 -1.30339 0 0.498717
6000 -1.27309 0 0.454445
6050 -1.23653 0 0.315567
6100 -1.23921 0 0.377339
6150 -1.2664 0 0.46445
6200 -1.16818 0 0.385541
6250 -1.14103 0 0.28419
6300 -1.0752 0 0.377062
6350 -1.13749 0 0.535382
6400 -1.12046 0 0.404504
6450 -1.11416 0 0.403341
6500 -0.998457 0 0.395851
6550 -1.07673 0 0.498149
6600 -1.00757 0 0.435512
6650 -1.07975 0 0.349124
6700 -1.02351 0 0.325374
6750 -1.01151 0 0.471891
6800 -0.899998 0 0.301623
6850 -0.944135 0 0.283181
6900 -0.924546 0 0.197061
6950 -0.846462 0 0.374155
7000 -1.0327 0 0.460054
7050 -1.09918 0 0.405114
7100 -1.23966 0 0.28459
7150 -1.06945 0 0.404672
7200 -1.13923 0 0.569576
7250 -1.13122 0 0.437855
7300 -1.14921 0 0.379788
7350 -1.21474 0 0.383014
7400 -1.25487 0 0.482141
7450 -1.26981 0 0.416694
7500 -1.23271 0 0.317769
7550 -1.20127 0 0.390761
7600 -1.32851 0 0.512839
7650 -1.24096 0 0.416914
7700 -1.21835 0 0.329648
7750 -1.17825 0 0.390555
7800 -1.24203 0 0.550361
7850 -1.25849 0 0.448345
7900 -1.29142 0 0.359742
7950 -1.23257 0 0.374347
8000 -1.23931 0 0.498609
8050 -1.27788 0 0.490195
8100 -1.29568 0 0.417804
8150 -1.1889 0 0.38143
8200 -1.21772 0 0.526061
8250 -1.1504 0 0.458189
8300 -1.26459 0 0.372772
8350 -1.24516 0 0.351149
8400 -1.28242 0 0.499869
8450 -1.23729 0 0.434765
8500 -1.24895 0 0.391966
8550 -1.1925 0 0.38012
8600 -1.1768 0 0.5595
8650 -1.12363 0 0.430293
8700 -1.27994 0 0.355063
8750 -1.24254 0 0.317064
8800 -1.25994 0 0.449241
8850 -1.25521 0 0.394718
8900 -1.32902 0 0.297889
8950 -1.24159 0 0.331153
9000 -1.25653 0 0.501318
9050 -1.23653 0 0.431717
9100 -1.27185 0 0.248106
9150 -1.21399 0 0.284074
9200 -1.33695 0 0.474175
9250 -1.33216 0 0.429308
9300 -1.31754 0 0.385526
9350 -1.23049 0 0.353385
9400 -1.22053 0 0.548099
9450 -1.1461 0 0.45435
9500 -1.24866 0 0.372963
9550 -1.17861 0 0.350601
9600 -1.25229 0 0.509088
9650 -1.26474 0 0.439892
9700 -1.31261 0 0.35589
9750 -1.26818 0 0.347662
9800 -1.25611 0 0.532615
9850 -1.2647 0 0.466212
9900 -1.31284 0 0.398033
9950 -1.22132 0 0.421738
10000 -1.13775 0 0.577151
10050 -1.11589 0 0.466437
10100 -1.22821 0 0.414795
10150 -1.14283 0 0.336229
10200 -1.023 0 0.516757
10250 -0.842908 0 0.401923
10300 -0.881198 0 0.425054
10350 -0.952349 0 0.338361
10400 -1.10415 0 0.472132
10450 -0.957353 0 0.437314
10500 -0.942839 0 0.419937
10550 -0.957964 0 0.320603
10600 -0.947337 0 0.473951
10650 -0.985886 0 0.43188
10700 -0.9381 0 0.317831
10750 -1.12174 0 0.2017
10800 -1.16437 0 0.309903
10850 -1.02717 0 0.418965
10900 -1.0286 0 0.378369
10950 -1.12782 0 0.312238
11000 -1.14939 0 0.32538
11050 -1.17623 0 0.480704
11100 -1.15126 0 0.416677
11150 -1.15408 0 0.359341
11200 -1.1725 0 0.330262
11250 -1.19514 0 0.495574
11300 -1.18049 0 0.382057
11350 -1.26435 0 0.343478
11400 -1.25433 0 0.246522
11450 -1.21793 0 0.471767
11500 -1.13866 0 0.40032
11550 -1.2087 0 0.309291
11600 -1.2612 0 0.210572
11650 -1.25761 0 0.421176
11700 -1.22441 0 0.426816
11750 -1.21898 0 0.378607
11800 -1.28645 0 0.272786
11850 -1.24452 0 0.426029
11900 -1.26703 0 0.431062
11950 -1.22343 0 0.378998
12000 -1.23537 0 0.240815
12050 -1.16625 0 0.381319
12100 -1.26855 0 0.428442
12150 -1.25718 0 0.393257
12200 -1.2042 0 0.275326
12250 -1.16857 0 0.352181
12300 -1.24072 0 0.38616
12350 -1.11044 0 0.360296
12400 -1.17604 0 0.23244
12450 -1.15538 0 0.311573
12500 -1.20633 0 0.429003
12550 -1.06837 0 0.34452
12600 -1.09419 0 0.284807
12650 -1.05476 0 0.268976
12700 -1.02811 0 0.39455
12750 -0.69415 0 0.277922
12800 -0.661558 0 0.158612
12850 -0.260009 0 0.0799988
12900 -0.0908041 0 0.169846
12950 -0.0135022 0 -0.593402
13000 0.0148637 0 0.0841025
13050 -0.0354602 0 0.0382085
13100 -0.0254948 0 0.0649393
13150 -0.0703911 0 0.0737506
13200 -0.0452706 0 0.0401343
13250 -0.0336965 0 0.0248601
13300 -0.0184393 0 0.0165168
13350 0.011128 0 0.00615159
13400 0.0119585 0 0.0108744
13450 0.00181609 0 0.0276352
13500 -0.0170148 0 0.0191307
13550 -0.00251168 0 0.0262858
13600 0.0026764 0 0.0366929
13650 -0.0103001 0 0.0287109
