200 0 0 -0.0352932
250 0 0 -0.0196074
300 0 0 -0.0165232
350 0 0 -0.0180065
400 0 0 -0.0224765
450 0 0 -0.0281937
500 0 0 -0.0330734
550 0 0 -0.0349748
600 0 0 -0.0347949
650 0 0 -0.0239453
700 0 0 -0.150214
750 0 0 -0.308316
800 0 0 -0.531355
850 0 0 -0.855462
900 0 0 -0.935811
950 0 0 -1.1053
1000 0 0 -1.13723
1050 0 0 -1.07157
1100 0 0 -1.08586
1150 0 0 -1.03146
1200 0 0 -1.07019
1250 0 0 -1.02619
1300 0 0 -1.156
1350 0 0 -1.1455
1400 0 0 -1.16741
1450 0 0 -1.09368
1500 0 0 -1.06907
1550 0 0 -1.16888
1600 0 0 -1.23962
1650 0 0 -1.23972
1700 0 0 -1.08167
1750 0 0 -1.17094
1800 0 0 -1.05134
1850 0 0 -1.06993
1900 0 0 -0.966828
1950 0 0 -1.02844
2000 0 0 -1.06143
2050 0 0 -1.20572
2100 0 0 -1.06898
2150 0 0 -1.08305
2200 0 0 -1.16439
2250 0 0 -1.17291
2300 0 0 -1.24163
2350 0 0 -1.16005
2400 0 0 -1.26665
2450 0 0 -1.21134
2500 0 0 -1.32821
2550 0 0 -1.25341
2600 0 0 -1.3219
2650 0 0 -1.2849
2700 0 0 -1.30955
2750 0 0 -1.23594
2800 0 0 -1.32668
2850 0 0 -1.34118
2900 0 0 -1.29093
2950 0 0 -1.28795
3000 0 0 -1.28796
3050 0 0 -1.3835
3100 0 0 -1.30355
3150 0 0 -1.39011
3200 0 0 -1.30783
3250 0 0 -1.30973
3300 0 0 -1.18042
3350 0 0 -1.26651
3400 0 0 -1.27696
3450 0 0 -1.37299
3500 0 0 -1.20661
3550 0 0 -1.23942
3600 0 0 -1.19609
3650 0 0 -1.2829
3700 0 0 -1.30639
3750 0 0 -1.34912
3800 0 0 -1.31297
3850 0 0 -1.36069
3900 0 0 -1.20034
3950 0 0 -1.21794
4000 0 0 -1.25662
4050 0 0 -1.27627
4100 0 0 -1.18703
4150 0 0 -1.28673
4200 0 0 -1.2621
4250 0 0 -1.24657
4300 0 0 -1.23927
4350 0 0 -1.2896
4400 0 0 -1.26037
4450 0 0 -1.25429
4500 0 0 -1.25975
4550 0 0 -1.2862
4600 0 0 -1.30384
4650 0 0 -1.32644
4700 0 0 -1.30426
4750 0 0 -1.21058
4800 0 0 -1.16476
4850 0 0 -1.14836
4900 0 0 -1.26487
4950 0 0 -1.21346
5000 0 0 -1.24729
5050 0 0 -1.24925
5100 0 0 -1.3728
5150 0 0 -1.2598
5200 0 0 -1.29154
5250 0 0 -1.29288
5300 0 0 -1.34721
5350 0 0 -1.27846
5400 0 0 -1.34477
5450 0 0 -1.29199
5500 0 0 -1.45572
5550 0 0 -1.32795
5600 0 0 -1.32507
5650 0 0 -1.39008
5700 0 0 -1.34618
5750 0 0 -1.28779
5800 0 0 -1.20801
5850 0 0 -1.21633
5900 0 0 -1.31398
5950 0 0 -1.31668
6000 0 0 -1.2766
6050 0 0 -1.25845
6100 0 0 -1.24592
6150 0 0 -1.3258
6200 0 0 -1.22636
6250 0 0 -1.35511
6300 0 0 -1.23081
6350 0 0 -1.31977
6400 0 0 -1.21956
6450 0 0 -1.28183
6500 0 0 -1.226
6550 0 0 -1.31666
6600 0 0 -1.11249
6650 0 0 -1.15841
6700 0 0 -1.17855
6750 0 0 -1.13795
6800 0 0 -1.11198
6850 0 0 -1.1538
6900 0 0 -1.16139
6950 0 0 -1.24443
7000 0 0 -1.30792
7050 0 0 -1.28315
7100 0 0 -1.22201
7150 0 0 -1.2318
7200 0 0 -1.3189
7250 0 0 -1.19754
7300 0 0 -1.26147
7350 0 0 -1.27431
7400 0 0 -1.29618
7450 0 0 -1.23096
7500 0 0 -1.24358
7550 0 0 -1.28483
7600 0 0 -1.35187
7650 0 0 -1.23324
7700 0 0 -1.37117
7750 0 0 -1.35426
7800 0 0 -1.37721
7850 0 0 -1.24951
7900 0 0 -1.2681
7950 0 0 -1.29958
8000 0 0 -1.31283
8050 0 0 -1.2169
8100 0 0 -1.29899
8150 0 0 -1.26657
8200 0 0 -1.3115
8250 0 0 -1.24778
8300 0 0 -1.2154
8350 0 0 -1.2726
8400 0 0 -1.35013
8450 0 0 -1.25404
8500 0 0 -1.27251
8550 0 0 -1.30873
8600 0 0 -1.35056
8650 0 0 -1.26849
8700 0 0 -1.24759
8750 0 0 -1.26789
8800 0 0 -1.29226
8850 0 0 -1.18696
8900 0 0 -1.19414
8950 0 0 -1.20291
9000 0 0 -1.1608
9050 0 0 -1.25594
9100 0 0 -1.15435
9150 0 0 -1.21957
9200 0 0 -1.18563
9250 0 0 -1.29335
9300 0 0 -1.25441
9350 0 0 -1.17079
9400 0 0 -1.16285
9450 0 0 -1.29868
9500 0 0 -1.21884
9550 0 0 -1.23538
9600 0 0 -1.19552
9650 0 0 -1.26924
9700 0 0 -1.27963
9750 0 0 -1.21675
9800 0 0 -1.1904
9850 0 0 -1.26847
9900 0 0 -1.24165
9950 0 0 -1.22225
10000 0 0 -1.24398
10050 0 0 -1.22039
10100 0 0 -1.31968
10150 0 0 -1.25036
10200 0 0 -1.26271
10250 0 0 -1.19669
10300 0 0 -1.29075
10350 0 0 -1.16939
10400 0 0 -1.18861
10450 0 0 -1.1478
10500 0 0 -1.22168
10550 0 0 -1.18071
10600 0 0 -1.24152
10650 0 0 -1.18225
10700 0 0 -1.29228
10750 0 0 -1.21762
10800 0 0 -1.15448
10850 0 0 -1.21297
10900 0 0 -1.22099
10950 0 0 -1.23452
11000 0 0 -1.23563
11050 0 0 -1.28168
11100 0 0 -1.24101
11150 0 0 -1.30353
11200 0 0 -1.11035
11250 0 0 -1.18621
11300 0 0 -1.11778
11350 0 0 -1.15809
11400 0 0 -1.0958
11450 0 0 -1.11136
11500 0 0 -1.03468
11550 0 0 -0.975578
11600 0 0 -0.898448
11650 0 0 -0.568725
11700 0 0 -0.315864
11750 0 0 -0.260363
11800 0 0 -0.123305
11850 0 0 -0.136459
11900 0 0 -0.103965
11950 0 0 -0.0591769
12000 0 0 -0.0104537
12050 0 0 -0.00519921
12100 0 0 -0.0203486
12150 0 0 -0.0221606
12200 0 0 -0.0319208
12250 0 0 -0.0277832
12300 0 0 -0.0326109
12350 0 0 -0.0262283
12400 0 0 -0.0223836
12450 0 0 -0.0144296
12500 0 0 -0.0152621
12550 0 0 -0.023016
12600 0 0 -0.0390269
12650 0 0 -0.02963
12700 0 0 -0.0268116
