200 -0.00937429 0 0.0138196
250 -0.0236805 0 0.0248937
300 -0.0139828 0 0.036239
350 -0.0244123 0 0.0298848
400 -0.00735304 0 0.0130042
450 -0.00662802 0 0.0237717
500 -0.108399 0 0.0898151
550 -0.0213975 0 0.0427123
600 -0.0404986 0 0.0864347
650 -0.0401381 0 0.0681853
700 -0.066241 0 0.0521019
750 -0.117087 0 -0.00813784
800 -0.197859 0 -0.0467086
850 0.043167 0 -0.182215
900 0.0853454 0 -0.440148
950 0.215378 0 -0.895258
1000 0.490456 0 -1.01351
1050 0.188477 0 -1.07593
1100 0.066939 0 -0.862171
1150 0.369189 0 -0.798641
1200 0.651689 0 -1.09654
1250 0.498497 0 -1.16796
1300 0.131705 0 -1.28964
1350 0.243359 0 -1.01784
1400 0.586472 0 -1.10265
1450 0.668809 0 -1.16821
1500 0.324701 0 -1.20936
1550 0.194368 0 -1.11262
1600 0.450222 0 -1.02697
1650 0.66954 0 -1.22171
1700 0.45512 0 -1.21176
1750 0.197009 0 -1.2538
1800 0.258367 0 -0.994707
1850 0.627695 0 -1.1032
1900 0.589011 0 -1.27304
1950 0.261148 0 -1.32447
2000 0.194159 0 -1.23536
2050 0.455131 0 -1.05919
2100 0.609462 0 -1.26909
2150 0.397729 0 -1.25517
2200 0.171663 0 -1.22433
2250 0.322836 0 -0.968334
2300 0.653858 0 -1.11012
2350 0.642722 0 -1.22108
2400 0.28413 0 -1.2141
2450 0.165629 0 -1.12207
2500 0.41312 0 -1.01352
2550 0.616606 0 -1.23482
2600 0.413965 0 -1.19921
2650 0.194086 0 -1.2435
2700 0.319618 0 -1.00388
2750 0.684835 0 -1.18479
2800 0.634766 0 -1.30883
2850 0.253046 0 -1.32408
2900 0.129016 0 -1.17283
2950 0.480223 0 -1.03194
3000 0.624054 0 -1.25597
3050 0.398374 0 -1.24165
3100 0.166269 0 -1.27469
3150 0.367095 0 -1.02954
3200 0.700945 0 -1.26213
3250 0.519909 0 -1.27592
3300 0.186088 0 -1.34343
3350 0.244622 0 -1.1034
3400 0.630604 0 -1.14593
3450 0.678184 0 -1.27391
3500 0.345541 0 -1.30362
3550 0.16144 0 -1.24376
3600 0.445628 0 -1.01233
3650 0.679938 0 -1.19008
3700 0.459644 0 -1.23047
3750 0.190454 0 -1.28776
3800 0.223624 0 -1.02293
3850 0.594581 0 -1.01869
3900 0.673927 0 -1.25704
3950 0.286947 0 -1.28335
4000 0.125943 0 -1.22104
4050 0.401965 0 -1.00548
4100 0.634425 0 -1.27543
4150 0.441608 0 -1.24004
4200 0.203868 0 -1.30071
4250 0.289275 0 -1.07081
4300 0.634395 0 -1.13452
4350 0.641299 0 -1.30984
4400 0.259763 0 -1.26038
4450 0.158657 0 -1.13326
4500 0.455418 0 -1.01401
4550 0.671683 0 -1.2612
4600 0.471342 0 -1.18438
4650 0.173976 0 -1.22498
4700 0.23568 0 -0.972358
4750 0.613396 0 -1.11014
4800 0.624727 0 -1.25697
4850 0.24303 0 -1.29758
4900 0.149156 0 -1.17905
4950 0.484057 0 -1.02828
5000 0.634869 0 -1.26302
5050 0.37843 0 -1.28662
5100 0.184477 0 -1.33207
5150 0.383416 0 -1.0822
5200 0.704659 0 -1.30104
5250 0.547239 0 -1.29836
5300 0.240326 0 -1.32903
5350 0.251545 0 -1.09518
5400 0.664629 0 -1.11841
5450 0.769804 0 -1.29755
5500 0.346511 0 -1.29762
5550 0.172994 0 -1.17662
5600 0.385024 0 -0.954709
5650 0.728571 0 -1.20304
5700 0.534851 0 -1.19925
5750 0.244943 0 -1.17381
5800 0.240152 0 -0.994053
5850 0.509003 0 -0.982862
5900 0.662803 0 -1.17444
5950 0.306449 0 -1.20743
6000 0.103172 0 -1.19686
6050 0.317031 0 -0.920828
6100 0.667386 0 -1.17764
6150 0.547169 0 -1.19857
6200 0.211123 0 -1.27062
6250 0.18058 0 -1.05522
6300 0.516574 0 -0.989164
6350 0.670254 0 -1.2233
6400 0.328607 0 -1.19997
6450 0.110019 0 -1.18846
6500 0.296294 0 -0.935164
6550 0.68644 0 -1.18142
6600 0.566725 0 -1.26309
6650 0.233884 0 -1.22602
6700 0.218575 0 -1.01937
6750 0.532445 0 -1.0299
6800 0.602144 0 -1.17548
6850 0.307715 0 -1.20539
6900 0.225739 0 -1.24625
6950 0.389348 0 -1.03843
7000 0.703137 0 -1.24668
7050 0.529644 0 -1.25902
7100 0.185731 0 -1.2453
7150 0.190403 0 -1.01556
7200 0.564989 0 -1.0788
7250 0.629212 0 -1.24624
7300 0.33692 0 -1.27418
7350 0.174214 0 -1.19498
7400 0.409578 0 -0.996637
7450 0.651806 0 -1.21851
7500 0.476236 0 -1.27871
7550 0.195674 0 -1.29678
7600 0.214971 0 -1.04336
7650 0.570898 0 -1.01942
7700 0.697178 0 -1.30513
7750 0.333463 0 -1.19796
7800 0.14601 0 -1.13224
7850 0.420458 0 -1.0103
7900 0.694712 0 -1.20967
7950 0.468565 0 -1.20987
8000 0.181858 0 -1.21972
8050 0.228113 0 -0.994926
8100 0.55865 0 -1.01818
8150 0.694068 0 -1.2444
8200 0.325128 0 -1.25946
8250 0.167698 0 -1.24785
8300 0.411673 0 -0.97749
8350 0.670429 0 -1.16767
8400 0.504302 0 -1.14454
8450 0.197475 0 -1.20983
8500 0.180691 0 -0.976635
8550 0.436162 0 -0.884134
8600 0.643891 0 -1.1431
8650 0.448207 0 -1.11411
8700 0.162012 0 -1.08327
8750 0.275625 0 -0.88784
8800 0.384745 0 -0.770703
8850 0.275368 0 -0.549307
8900 0.116549 0 -0.259063
8950 0.00489499 0 -0.0786947
9000 0.0127849 0 0.0066839
9050 -0.0195902 0 -0.00374907
9100 -0.0890297 0 -0.162707
9150 0.16484 0 -0.440045
9200 0.241928 0 -0.969239
9250 0.699222 0 -0.959244
9300 0.402662 0 -1.00164
9350 0.205337 0 -1.03168
9400 0.255974 0 -0.827839
9450 0.600447 0 -1.00917
9500 0.646731 0 -1.07108
9550 0.357533 0 -1.06666
9600 0.245918 0 -1.01092
9650 0.390446 0 -0.930216
9700 0.585898 0 -1.10398
9750 0.450842 0 -1.09263
9800 0.243549 0 -1.21534
9850 0.320859 0 -0.966236
9900 0.595804 0 -1.06842
9950 0.568133 0 -1.22752
10000 0.253872 0 -1.30984
10050 0.263752 0 -1.16725
10100 0.637265 0 -1.16872
10150 0.71668 0 -1.32865
10200 0.308115 0 -1.33468
10250 0.186082 0 -1.24451
10300 0.395026 0 -1.02214
10350 0.53995 0 -1.16151
10400 0.406816 0 -1.18404
10450 0.214681 0 -1.27274
10500 0.225509 0 -1.03855
10550 0.503549 0 -0.999382
10600 0.575377 0 -1.16324
10650 0.313204 0 -1.2228
10700 0.1219 0 -1.20409
10750 0.386709 0 -0.988027
10800 0.654099 0 -1.21243
10850 0.463428 0 -1.16491
10900 0.193964 0 -1.23667
10950 0.23364 0 -1.00579
11000 0.58336 0 -1.07578
11050 0.575119 0 -1.23772
11100 0.266525 0 -1.22054
11150 0.129089 0 -1.09019
11200 0.396243 0 -0.945379
11250 0.692247 0 -1.24947
11300 0.43755 0 -1.27865
11350 0.0926329 0 -1.26156
11400 0.238586 0 -1.02341
11450 0.619987 0 -1.14137
11500 0.626978 0 -1.31475
11550 0.288255 0 -1.31312
11600 0.190423 0 -1.1708
11650 0.450703 0 -1.06468
11700 0.655618 0 -1.26252
11750 0.388822 0 -1.25405
11800 0.100914 0 -1.21087
11850 0.328159 0 -0.943297
11900 0.738308 0 -1.27179
11950 0.480635 0 -1.20876
12000 0.203105 0 -1.21978
12050 0.189816 0 -1.0006
12100 0.485096 0 -1.01994
12150 0.625063 0 -1.3075
12200 0.236675 0 -1.31662
12250 0.115649 0 -1.21643
12300 0.371845 0 -1.00283
12350 0.64174 0 -1.24534
12400 0.42427 0 -1.1882
12450 0.153215 0 -1.23304
12500 0.239894 0 -1.01207
12550 0.579903 0 -1.12798
12600 0.582527 0 -1.27482
12650 0.281383 0 -1.23628
12700 0.233256 0 -1.14222
12750 0.476551 0 -1.0327
12800 0.664338 0 -1.24659
12850 0.381122 0 -1.32501
12900 0.0701741 0 -1.29334
12950 0.240994 0 -0.960197
13000 0.687619 0 -1.19132
13050 0.579548 0 -1.32239
13100 0.131621 0 -1.36969
13150 0.189152 0 -1.07745
13200 0.601031 0 -1.07606
13250 0.69152 0 -1.31051
13300 0.290927 0 -1.31664
13350 0.123386 0 -1.21756
13400 0.447507 0 -1.03731
13450 0.700786 0 -1.28436
13500 0.474712 0 -1.28571
13550 0.138892 0 -1.21962
13600 0.241973 0 -0.963498
13650 0.574715 0 -1.09325
13700 0.561013 0 -1.19909
13750 0.234879 0 -1.22144
13800 0.217215 0 -1.11165
13850 0.432269 0 -0.999537
13900 0.667772 0 -1.20477
13950 0.433805 0 -1.15997
14000 0.172425 0 -1.28259
14050 0.21538 0 -0.967988
14100 0.609938 0 -1.09336
14150 0.651372 0 -1.28417
14200 0.263401 0 -1.34381
14250 0.214681 0 -1.16426
14300 0.408589 0 -1.02793
14350 0.636445 0 -1.24832
14400 0.417514 0 -1.19101
14450 0.142803 0 -1.28812
14500 0.350307 0 -1.04877
14550 0.738725 0 -1.22071
14600 0.567419 0 -1.32426
14650 0.208303 0 -1.31825
14700 0.228016 0 -1.10812
14750 0.527172 0 -1.05249
14800 0.690524 0 -1.24761
14850 0.3653 0 -1.21082
14900 0.131473 0 -1.13779
14950 0.318065 0 -0.896195
15000 0.602664 0 -1.08878
15050 0.567949 0 -1.14355
15100 0.205142 0 -1.13924
15150 0.155099 0 -1.06163
15200 0.460397 0 -0.925516
15250 0.732731 0 -1.30369
15300 0.399241 0 -1.34092
15350 0.0978131 0 -1.32007
15400 0.316365 0 -1.03219
15450 0.639327 0 -1.22816
15500 0.472459 0 -1.27109
15550 0.173963 0 -1.38271
15600 0.18255 0 -1.10157
15650 0.59134 0 -1.08641
15700 0.681412 0 -1.28981
15750 0.312194 0 -1.2912
15800 0.102663 0 -1.13403
15850 0.312007 0 -0.915237
15900 0.666762 0 -1.25117
15950 0.447545 0 -1.2606
16000 0.0877047 0 -1.22694
16050 0.199947 0 -0.893085
16100 0.672122 0 -1.1676
16150 0.608002 0 -1.36027
16200 0.168182 0 -1.33949
16250 0.176999 0 -1.11722
16300 0.527636 0 -1.03918
16350 0.68145 0 -1.25409
16400 0.336092 0 -1.20443
16450 0.0724768 0 -1.1548
16500 0.231296 0 -0.90106
16550 0.644766 0 -1.20411
16600 0.516826 0 -1.29324
16650 0.248186 0 -1.21934
16700 0.208936 0 -1.0929
16750 0.464881 0 -0.964591
16800 0.666284 0 -1.20532
16850 0.348261 0 -1.19813
16900 0.0735041 0 -1.22112
16950 0.235279 0 -0.959029
17000 0.675953 0 -1.14647
17050 0.628203 0 -1.2941
17100 0.226002 0 -1.2952
17150 0.121128 0 -1.14226
17200 0.471012 0 -0.994338
17250 0.673508 0 -1.28518
17300 0.36763 0 -1.307
17350 0.132481 0 -1.2878
17400 0.329333 0 -1.03301
17450 0.690942 0 -1.23939
17500 0.537036 0 -1.3887
17550 0.158166 0 -1.42045
17600 0.171346 0 -1.15736
17650 0.565346 0 -1.08226
17700 0.708928 0 -1.31919
17750 0.30453 0 -1.35898
17800 0.130938 0 -1.29479
17850 0.433684 0 -1.03013
17900 0.709864 0 -1.2807
17950 0.430783 0 -1.3278
18000 0.122438 0 -1.34761
18050 0.23257 0 -1.04046
18100 0.589633 0 -1.08021
18150 0.601293 0 -1.27023
18200 0.282432 0 -1.26448
18250 0.111311 0 -1.16673
18300 0.328399 0 -0.948492
18350 0.631742 0 -1.22975
18400 0.451577 0 -1.19372
18450 0.133127 0 -1.16828
18500 0.149665 0 -0.93892
18550 0.446187 0 -0.928366
18600 0.543241 0 -1.18717
18650 0.236535 0 -1.1459
18700 -0.00215658 0 -1.08142
18750 0.179136 0 -0.795897
18800 0.494052 0 -1.07591
18850 0.422098 0 -1.12954
18900 0.162739 0 -1.23284
18950 0.0950943 0 -0.964552
19000 0.387256 0 -0.902991
19050 0.584739 0 -1.21768
19100 0.312409 0 -1.29411
19150 0.180776 0 -1.28655
19200 0.347036 0 -1.00759
19250 0.66967 0 -1.16899
19300 0.525006 0 -1.22207
19350 0.158404 0 -1.24758
19400 0.172646 0 -1.10101
19450 0.526873 0 -1.03619
19500 0.688471 0 -1.29651
19550 0.32882 0 -1.31138
19600 0.10837 0 -1.23866
19650 0.415668 0 -1.04683
19700 0.795048 0 -1.2915
19750 0.501595 0 -1.38815
19800 0.144063 0 -1.41951
19850 0.291236 0 -1.10586
19900 0.682511 0 -1.23325
19950 0.617024 0 -1.29547
20000 0.224964 0 -1.3303
20050 0.146639 0 -1.12569
20100 0.467912 0 -1.02125
20150 0.726615 0 -1.34224
20200 0.353087 0 -1.31745
20250 0.167362 0 -1.1919
20300 0.364632 0 -1.01517
20350 0.643451 0 -1.17313
20400 0.506797 0 -1.20139
20450 0.145998 0 -1.26413
20500 0.156208 0 -1.02115
20550 0.476922 0 -0.988593
20600 0.529694 0 -1.18527
20650 0.269844 0 -1.21457
20700 0.103675 0 -1.1249
20750 0.281399 0 -0.901222
20800 0.494879 0 -1.13701
20850 0.353073 0 -1.17686
20900 0.141294 0 -1.23337
20950 0.121237 0 -0.965905
21000 0.428717 0 -0.951566
21050 0.599261 0 -1.18833
21100 0.281777 0 -1.26126
21150 0.137384 0 -1.15945
21200 0.379386 0 -0.967155
21250 0.628839 0 -1.23901
21300 0.456917 0 -1.30952
21350 0.129051 0 -1.31726
21400 0.245615 0 -1.03463
21450 0.666477 0 -1.1615
21500 0.668855 0 -1.28547
21550 0.256062 0 -1.31368
21600 0.149648 0 -1.18566
21650 0.492695 0 -1.04518
21700 0.710003 0 -1.29208
21750 0.361773 0 -1.31211
21800 0.134162 0 -1.33592
21850 0.369107 0 -1.04995
21900 0.702458 0 -1.24413
21950 0.526015 0 -1.26076
22000 0.150292 0 -1.29271
22050 0.251213 0 -1.04841
22100 0.633384 0 -1.1284
22150 0.637898 0 -1.32465
22200 0.259589 0 -1.32263
22250 0.21378 0 -1.16756
22300 0.531776 0 -1.11684
22350 0.717961 0 -1.30965
22400 0.378153 0 -1.30191
22450 0.0963559 0 -1.2276
22500 0.305079 0 -0.916178
22550 0.685153 0 -1.17799
22600 0.503662 0 -1.17359
22650 0.209677 0 -1.21719
22700 0.22156 0 -1.10213
22750 0.47365 0 -1.04608
22800 0.675015 0 -1.27118
22850 0.362182 0 -1.24363
22900 0.10765 0 -1.19179
22950 0.366476 0 -0.999301
23000 0.689726 0 -1.21106
23050 0.495403 0 -1.27965
23100 0.145629 0 -1.33204
23150 0.185379 0 -1.08078
23200 0.56647 0 -1.08824
23250 0.62867 0 -1.28961
23300 0.30077 0 -1.255
23350 0.170307 0 -1.22695
23400 0.356322 0 -1.01294
23450 0.621833 0 -1.17578
23500 0.497819 0 -1.24368
23550 0.135482 0 -1.31448
23600 0.139591 0 -0.996339
23650 0.581019 0 -1.03879
23700 0.694919 0 -1.23106
23750 0.317007 0 -1.1751
23800 0.107223 0 -1.2089
23850 0.336892 0 -0.965261
23900 0.6543 0 -1.17224
23950 0.502355 0 -1.21124
24000 0.128667 0 -1.22601
24050 0.175423 0 -0.995599
24100 0.56829 0 -1.00519
24150 0.662918 0 -1.22523
24200 0.296379 0 -1.18581
24250 0.0986202 0 -1.13375
24300 0.351098 0 -0.956611
24350 0.574873 0 -1.14555
24400 0.376677 0 -1.10756
24450 0.0874558 0 -1.10067
24500 0.111029 0 -0.822143
24550 0.326961 0 -0.70761
24600 0.352029 0 -0.622526
24650 0.238041 0 -0.456933
24700 0.151561 0 -0.787133
24750 0.192063 0 -0.512658
24800 0.170071 0 -0.37128
24850 0.093712 0 -0.0686091
24900 0.0833016 0 -0.0344262
24950 0.0666371 0 -0.0589807
25000 0.0382049 0 0.0218043
25050 0.0242924 0 -0.0042973
25100 0.0192933 0 -0.0106088
25150 0.0184733 0 -0.0244992
25200 -0.00413158 0 -0.00749409
25250 0.00332898 0 0.0374993
25300 -0.0106041 0 0.0350704
25350 -0.0159306 0 0.0293642
25400 -0.0154141 0 0.0231454
25450 -0.0201342 0 0.0356241
25500 0.000820777 0 0.0225771
25550 -0.00482902 0 0.00102646
