# Created at Wed Mar 07 17:57:57 CST 2018
2165578041403407 1
2165579108084315 2
2165580155050868 3
2165581201986903 4
2165581735312098 5
2165582229178065 6
2165582722982997 7
2165583216818446 8
2165583730398768 9
2165584224234217 10
2165584777334803 11
2165585251425379 12
2165585765005702 13
2165586258871668 14
2165586890951747 15
2165587266287440 16
2165587779867762 17
2165588293466929 18
2165588846567515 19
2165589281168345 20
2165589913248423 21
2165590308298472 22
2165590841654185 23
2165591355265025 24
2165591868875865 25
2165592342966441 26
2165592876261118 27
2165593350321177 28
2165593883707408 29
2165594357797984 30
2165594910898570 31
2165595444223765 32
2165595938089732 33
2165596412149790 34
2165596925760630 35
2165597399881724 36
2165597893686656 37
2165598427005245 38
2165598841830684 39
2165599236911251 40
2165599809817745 41
2165600204867794 42
2165600757937862 43
2165601232028438 44
2165601745639278 45
2165602199984981 46
2165602851809932 47
2165603187625362 48
2165603721011593 49
2165604195102169 50
2165604688907100 51
2165605143283321 52
2165605656863643 53
2165606130954219 54
2165606624850704 55
2165607079165889 56
2165607612491085 57
2165608066764549 58
2165608580405906 59
2165609014976219 60
2165609627341941 61
2165610042136863 62
2165610555717185 63
2165611069358543 64
2165611582938865 65
2165612096549705 66
2165612689170555 67
2165613143546775 68
2165613834891990 69
2165614368217185 70
2165614723808006 71
2165615217612937 72
2165615770713523 73
2165616284354881 74
2165616837424949 75
2165617331260398 76
2165617943688334 77
2165618358452738 78
2165618951104105 79
2165619425225199 80
2165621854912699 81
2165622388298929 82
2165622921624125 83
2165623375939310 84
2165623889580668 85
2165624363671244 86
2165624877221048 87
2165625331597269 88
2165625845147074 89
2165626299492777 90
2165626832879007 91
2165627306939066 92
2165627820555315 93
2165628294615374 94
2165628808226214 95
2165629262510882 96
2165629795927630 97
2165630289763079 98
2165630783598528 99
2165631237913714 100
2165631850309954 101
2165632284849749 102
2165632739225970 103
