200 -0.340639 0 0.940194
250 -0.282133 0 0.959375
300 -0.476602 0 0.879119
350 -0.606078 0 0.795405
400 -0.488991 0 0.872289
450 -0.237127 0 0.971479
500 -0.56261 0 0.826722
550 -0.494471 0 0.869194
600 -0.534658 0 0.845069
650 -0.529912 0 0.848053
700 -0.487863 0 0.87292
750 -0.537065 0 0.843541
800 -0.503879 0 0.863774
850 -0.279691 0 0.96009
900 -0.483606 0 0.875286
950 -0.606385 0 0.795171
1000 -0.996712 0 0.0810219
1050 -0.996714 0 0.0810043
1100 -0.902877 0 0.4299
1150 -0.810548 0 0.585672
1200 -0.849057 0 0.528301
1250 -0.945256 0 0.32633
1300 -0.9142 0 0.405262
1350 -0.882778 0 0.469791
1400 -0.767615 0 0.640911
1450 -0.814215 0 0.580563
1500 -0.871935 0 0.489621
1550 -0.889781 0 0.456388
1600 -0.82597 0 0.563714
1650 -0.845956 0 0.533253
1700 -0.891221 0 0.453569
1750 -0.908978 0 0.416845
1800 -0.861439 0 0.507861
1850 -0.841612 0 0.540082
1900 -0.876213 0 0.481924
1950 -0.890202 0 0.455565
2000 -0.822485 0 0.568787
2050 -0.812459 0 0.583019
2100 -0.84298 0 0.537945
2150 -0.887327 0 0.46114
2200 -0.839085 0 0.544
2250 -0.762258 0 0.647273
2300 -0.808672 0 0.58826
2350 -0.83311 0 0.553108
2400 -0.814063 0 0.580777
2450 -0.728012 0 0.685565
2500 -0.787552 0 0.616249
2550 -0.852505 0 0.522719
2600 -0.857108 0 0.515138
2650 -0.762121 0 0.647434
2700 -0.780515 0 0.625138
2750 -0.842433 0 0.538801
2800 -0.864958 0 0.501844
2850 -0.752743 0 0.658315
2900 -0.783982 0 0.620784
2950 -0.818004 0 0.575212
3000 -0.854807 0 0.518947
3050 -0.750591 0 0.660767
3100 -0.76643 0 0.642328
3150 -0.834675 0 0.550743
3200 -0.884075 0 0.467345
3250 -0.819768 0 0.572696
3300 -0.860909 0 0.508759
3350 -0.8578 0 0.513983
3400 -0.889776 0 0.456398
3450 -0.779666 0 0.626195
3500 -0.803349 0 0.595508
3550 -0.848062 0 0.529897
3600 -0.883504 0 0.468424
3650 -0.809936 0 0.586518
3700 -0.788057 0 0.615602
3750 -0.833426 0 0.552631
3800 -0.85756 0 0.514385
3850 -0.834447 0 0.551088
3900 -0.827211 0 0.561892
3950 -0.868612 0 0.495493
4000 -0.913644 0 0.406515
4050 -0.870584 0 0.492021
4100 -0.823382 0 0.567488
4150 -0.846321 0 0.532674
4200 -0.884237 0 0.467038
4250 -0.847472 0 0.53084
4300 -0.714048 0 0.700097
4350 -0.72353 0 0.690293
4400 -0.808147 0 0.58898
4450 -0.833588 0 0.552386
4500 -0.689547 0 0.724241
4550 -0.688686 0 0.72506
4600 -0.772242 0 0.635328
4650 -0.771541 0 0.63618
4700 -0.642512 0 0.766276
4750 -0.73592 0 0.677069
4800 -0.784931 0 0.619583
4850 -0.814482 0 0.580189
4900 -0.685396 0 0.728171
4950 -0.771645 0 0.636053
5000 -0.842851 0 0.538147
5050 -0.878758 0 0.477268
5100 -0.798659 0 0.601783
5150 -0.724183 0 0.689608
5200 -0.829525 0 0.558469
5250 -0.88095 0 0.473209
5300 -0.86653 0 0.499126
5350 -0.794286 0 0.607544
5400 -0.836025 0 0.548691
5450 -0.866809 0 0.49864
5500 -0.869399 0 0.49411
5550 -0.798535 0 0.601949
5600 -0.85617 0 0.516694
5650 -0.873668 0 0.486523
5700 -0.892083 0 0.451872
5750 -0.800716 0 0.599045
5800 -0.873056 0 0.48762
5850 -0.868766 0 0.495223
5900 -0.892011 0 0.452013
5950 -0.791451 0 0.611233
6000 -0.833832 0 0.552018
6050 -0.865876 0 0.500259
6100 -0.905408 0 0.424542
6150 -0.835355 0 0.54971
6200 -0.833558 0 0.552432
6250 -0.863201 0 0.50486
6300 -0.904304 0 0.426889
6350 -0.847148 0 0.531357
6400 -0.77891 0 0.627136
6450 -0.823172 0 0.567792
6500 -0.883689 0 0.468075
6550 -0.880931 0 0.473244
6600 -0.840616 0 0.541632
6650 -0.866844 0 0.498579
6700 -0.872414 0 0.488768
6750 -0.848104 0 0.52983
6800 -0.843503 0 0.537125
6850 -0.831723 0 0.55519
6900 -0.846825 0 0.531872
6950 -0.828068 0 0.560628
7000 -0.708259 0 0.705953
7050 -0.775633 0 0.631184
7100 -0.794268 0 0.607568
7150 -0.791357 0 0.611354
7200 -0.718782 0 0.695236
7250 -0.738986 0 0.673721
7300 -0.821473 0 0.570247
7350 -0.866892 0 0.498496
7400 -0.765624 0 0.643288
7450 -0.73083 0 0.68256
7500 -0.808347 0 0.588706
7550 -0.858453 0 0.512892
7600 -0.843327 0 0.537401
7650 -0.671908 0 0.740635
7700 -0.743297 0 0.668961
7750 -0.903148 0 0.429329
7800 -0.899418 0 0.437089
7850 -0.852023 0 0.523504
7900 -0.857902 0 0.513813
7950 -0.882829 0 0.469695
8000 -0.858628 0 0.512599
8050 -0.793097 0 0.609095
8100 -0.838697 0 0.544599
8150 -0.86189 0 0.507095
8200 -0.875592 0 0.483052
8250 -0.809048 0 0.587743
8300 -0.820421 0 0.57176
8350 -0.863052 0 0.505115
8400 -0.88885 0 0.458199
8450 -0.794773 0 0.606907
8500 -0.782146 0 0.623095
8550 -0.833803 0 0.552062
8600 -0.88248 0 0.47035
8650 -0.802784 0 0.59627
8700 -0.795972 0 0.605333
8750 -0.835262 0 0.549852
8800 -0.862214 0 0.506545
8850 -0.793012 0 0.609206
8900 -0.727606 0 0.685995
8950 -0.801674 0 0.597761
9000 -0.832183 0 0.554501
9050 -0.804879 0 0.593439
9100 -0.793121 0 0.609064
9150 -0.847625 0 0.530596
9200 -0.870658 0 0.491889
9250 -0.853272 0 0.521466
9300 -0.756324 0 0.654198
9350 -0.792345 0 0.610073
9400 -0.830228 0 0.557424
9450 -0.863812 0 0.503814
9500 -0.82879 0 0.559559
9550 -0.804902 0 0.593408
9600 -0.84628 0 0.532739
9650 -0.887921 0 0.459996
9700 -0.826037 0 0.563616
9750 -0.840923 0 0.541154
9800 -0.855378 0 0.518005
9850 -0.86126 0 0.508164
9900 -0.774316 0 0.632799
9950 -0.706868 0 0.707345
10000 -0.770337 0 0.637637
10050 -0.8319 0 0.554926
10100 -0.817961 0 0.575274
10150 -0.790437 0 0.612544
10200 -0.825973 0 0.563709
10250 -0.873253 0 0.487266
10300 -0.886665 0 0.462412
10350 -0.87358 0 0.48668
10400 -0.861613 0 0.507566
10450 -0.896007 0 0.444041
10500 -0.898647 0 0.438673
10550 -0.864354 0 0.502885
10600 -0.89048 0 0.455022
10650 -0.907544 0 0.419956
10700 -0.939132 0 0.343555
10750 -0.888115 0 0.45962
10800 -0.921525 0 0.388318
10850 -0.935299 0 0.353859
10900 -0.961509 0 0.274772
10950 -0.887934 0 0.459972
11000 -0.860183 0 0.509986
11050 -0.888137 0 0.459579
11100 -0.916405 0 0.400252
11150 -0.859878 0 0.5105
11200 -0.818252 0 0.57486
11250 -0.855937 0 0.517081
11300 -0.853486 0 0.521116
11350 -0.792717 0 0.60959
11400 -0.645437 0 0.763813
11450 -0.705342 0 0.708867
11500 -0.783944 0 0.620832
11550 -0.803769 0 0.594942
11600 -0.718084 0 0.695956
11650 -0.784024 0 0.62073
11700 -0.831174 0 0.556013
11750 -0.87866 0 0.477449
11800 -0.753893 0 0.656997
11850 -0.771287 0 0.636487
11900 -0.844848 0 0.535007
11950 -0.870164 0 0.492762
12000 -0.799834 0 0.600221
12050 -0.764439 0 0.644696
12100 -0.807017 0 0.590528
12150 -0.885733 0 0.464195
12200 -0.853558 0 0.520998
12250 -0.773921 0 0.633283
12300 -0.803086 0 0.595864
12350 -0.881022 0 0.473075
12400 -0.877382 0 0.479793
12450 -0.832555 0 0.553942
12500 -0.850216 0 0.526434
12550 -0.868682 0 0.49537
12600 -0.872778 0 0.488118
12650 -0.801852 0 0.597523
12700 -0.848895 0 0.528561
12750 -0.853912 0 0.520418
12800 -0.882714 0 0.46991
12850 -0.790027 0 0.613072
12900 -0.795924 0 0.605397
12950 -0.829061 0 0.559159
13000 -0.859437 0 0.511242
13050 -0.76006 0 0.649853
13100 -0.750441 0 0.660938
13150 -0.813791 0 0.581158
13200 -0.851242 0 0.524773
13250 -0.810228 0 0.586115
13300 -0.75903 0 0.651056
13350 -0.795165 0 0.606393
13400 -0.834333 0 0.55126
13450 -0.813301 0 0.581843
13500 -0.789987 0 0.613124
13550 -0.836983 0 0.547228
13600 -0.843994 0 0.536352
13650 -0.835824 0 0.548998
13700 -0.668675 0 0.743555
13750 -0.738791 0 0.673935
13800 -0.824768 0 0.565471
13850 -0.870837 0 0.491571
13900 -0.870135 0 0.492814
13950 -0.911096 0 0.412194
14000 -0.907255 0 0.420581
14050 -0.905188 0 0.425011
14100 -0.825803 0 0.563959
14150 -0.75927 0 0.650776
14200 -0.814482 0 0.580189
14250 -0.884912 0 0.465759
14300 -0.888411 0 0.459049
14350 -0.795446 0 0.606025
14400 -0.824533 0 0.565814
14450 -0.835516 0 0.549467
14500 -0.875332 0 0.483522
14550 -0.829519 0 0.558478
14600 -0.873125 0 0.487497
14650 -0.888264 0 0.459334
14700 -0.928012 0 0.372551
14750 -0.859028 0 0.511929
14800 -0.814314 0 0.580424
14850 -0.866696 0 0.498836
14900 -0.886047 0 0.463596
14950 -0.84056 0 0.541719
15000 -0.79894 0 0.601411
15050 -0.82666 0 0.562702
15100 -0.884045 0 0.467402
15150 -0.881819 0 0.471588
15200 -0.750315 0 0.661081
15250 -0.796778 0 0.604272
15300 -0.832156 0 0.554541
15350 -0.863506 0 0.504339
15400 -0.74929 0 0.662242
15450 -0.778683 0 0.627417
15500 -0.850336 0 0.52624
15550 -0.867993 0 0.496577
15600 -0.737996 0 0.674805
15650 -0.743407 0 0.668839
15700 -0.843904 0 0.536494
15750 -0.879122 0 0.476598
15800 -0.845037 0 0.534708
15850 -0.829237 0 0.558897
15900 -0.85913 0 0.511757
15950 -0.89979 0 0.436323
16000 -0.891509 0 0.453002
16050 -0.867831 0 0.49686
16100 -0.860408 0 0.509605
16150 -0.876319 0 0.481732
16200 -0.87815 0 0.478385
16250 -0.731024 0 0.682351
16300 -0.783505 0 0.621385
16350 -0.846357 0 0.532616
16400 -0.897499 0 0.441017
16450 -0.81007 0 0.586333
16500 -0.745522 0 0.666481
16550 -0.812001 0 0.583657
16600 -0.860113 0 0.510103
16650 -0.779541 0 0.626351
16700 -0.688649 0 0.725094
16750 -0.748342 0 0.663313
16800 -0.787704 0 0.616054
16850 -0.771394 0 0.636358
16900 -0.604232 0 0.796808
16950 -0.719765 0 0.694218
17000 -0.806761 0 0.590878
17050 -0.779017 0 0.627003
17100 -0.577814 0 0.816169
17150 -0.614023 0 0.789288
17200 -0.717353 0 0.69671
17250 -0.744933 0 0.66714
17300 -0.667645 0 0.74448
17350 -0.620915 0 0.783878
17400 -0.81019 0 0.586167
17450 -0.840737 0 0.541443
17500 -0.852194 0 0.523227
17550 -0.680472 0 0.732774
17600 -0.781384 0 0.624051
17650 -0.865205 0 0.501417
17700 -0.90637 0 0.422485
17750 -0.808639 0 0.588305
17800 -0.777041 0 0.62945
17850 -0.835573 0 0.54938
17900 -0.86642 0 0.499315
17950 -0.825047 0 0.565064
18000 -0.701322 0 0.712845
18050 -0.765582 0 0.643339
18100 -0.82247 0 0.568809
18150 -0.832005 0 0.554768
18200 -0.747937 0 0.66377
18250 -0.805983 0 0.591939
18300 -0.856621 0 0.515945
18350 -0.910255 0 0.414048
18400 -0.851621 0 0.524159
18450 -0.860928 0 0.508727
18500 -0.894802 0 0.446463
18550 -0.914506 0 0.404573
18600 -0.854967 0 0.518683
18650 -0.814838 0 0.579689
18700 -0.854805 0 0.518949
18750 -0.89615 0 0.443752
18800 -0.868622 0 0.495476
18850 -0.81375 0 0.581214
18900 -0.841841 0 0.539726
18950 -0.847356 0 0.531026
19000 -0.845604 0 0.533811
19050 -0.736832 0 0.676075
19100 -0.758434 0 0.65175
19150 -0.803512 0 0.595288
19200 -0.850681 0 0.525681
19250 -0.805006 0 0.593267
19300 -0.815795 0 0.578341
19350 -0.832165 0 0.554528
19400 -0.892834 0 0.450386
19450 -0.836467 0 0.548017
19500 -0.817358 0 0.576129
19550 -0.86624 0 0.499629
19600 -0.895835 0 0.444387
19650 -0.838531 0 0.544854
19700 -0.829126 0 0.559062
19750 -0.883996 0 0.467495
19800 -0.897137 0 0.441753
19850 -0.87435 0 0.485295
19900 -0.838618 0 0.54472
19950 -0.863904 0 0.503657
20000 -0.880561 0 0.473932
20050 -0.875774 0 0.482722
20100 -0.820434 0 0.571741
20150 -0.848867 0 0.528607
20200 -0.868673 0 0.495385
20250 -0.900794 0 0.434246
20300 -0.821217 0 0.570616
20350 -0.830471 0 0.557062
20400 -0.869776 0 0.493447
20450 -0.924638 0 0.380847
20500 -0.879438 0 0.476014
20550 -0.881564 0 0.472064
20600 -0.915429 0 0.402479
20650 -0.92428 0 0.381714
20700 -0.888398 0 0.459075
20750 -0.819934 0 0.572459
20800 -0.865483 0 0.500938
20850 -0.886142 0 0.463415
20900 -0.859807 0 0.51062
20950 -0.795617 0 0.6058
21000 -0.826267 0 0.563279
21050 -0.876693 0 0.481051
21100 -0.896194 0 0.443662
21150 -0.787429 0 0.616406
21200 -0.814139 0 0.58067
21250 -0.848083 0 0.529864
21300 -0.87043 0 0.492292
21350 -0.765623 0 0.643289
21400 -0.819661 0 0.572849
21450 -0.848131 0 0.529787
21500 -0.901286 0 0.433224
21550 -0.862041 0 0.506839
21600 -0.837362 0 0.546649
21650 -0.871953 0 0.48959
21700 -0.899839 0 0.436223
21750 -0.89483 0 0.446406
21800 -0.829896 0 0.557918
21850 -0.850036 0 0.526724
21900 -0.875227 0 0.483712
21950 -0.878511 0 0.477722
22000 -0.817628 0 0.575747
22050 -0.835027 0 0.55021
22100 -0.86026 0 0.509856
22150 -0.907953 0 0.419071
22200 -0.812665 0 0.582731
22250 -0.832416 0 0.554151
22300 -0.857152 0 0.515064
22350 -0.88739 0 0.461019
22400 -0.810771 0 0.585363
22450 -0.839249 0 0.543747
22500 -0.894497 0 0.447074
22550 -0.920123 0 0.391629
22600 -0.889405 0 0.45712
22650 -0.862832 0 0.50549
22700 -0.873325 0 0.487139
22750 -0.905106 0 0.425186
22800 -0.872793 0 0.488091
22850 -0.818308 0 0.574781
22900 -0.853298 0 0.521423
22950 -0.882757 0 0.46983
23000 -0.866186 0 0.499722
23050 -0.824345 0 0.566088
23100 -0.863275 0 0.504734
23150 -0.889047 0 0.457816
23200 -0.877078 0 0.480347
23250 -0.811187 0 0.584786
23300 -0.838036 0 0.545615
23350 -0.839526 0 0.54332
23400 -0.872033 0 0.489447
23450 -0.782977 0 0.62205
23500 -0.829876 0 0.557947
23550 -0.86708 0 0.498169
23600 -0.899569 0 0.436778
23650 -0.826411 0 0.563068
23700 -0.797181 0 0.60374
23750 -0.858246 0 0.513238
23800 -0.899701 0 0.436507
23850 -0.813228 0 0.581945
23900 -0.794605 0 0.607127
23950 -0.839792 0 0.542909
24000 -0.88364 0 0.468167
24050 -0.874446 0 0.485124
24100 -0.832299 0 0.554328
24150 -0.868798 0 0.495166
24200 -0.896709 0 0.44262
24250 -0.883602 0 0.468238
24300 -0.82345 0 0.567389
24350 -0.839 0 0.544132
24400 -0.859669 0 0.510852
24450 -0.869087 0 0.494659
24500 -0.782949 0 0.622085
24550 -0.823934 0 0.566686
24600 -0.852247 0 0.523139
24650 -0.904358 0 0.426774
24700 -0.831861 0 0.554984
24750 -0.856659 0 0.515882
24800 -0.888504 0 0.458869
24850 -0.917148 0 0.398546
24900 -0.861421 0 0.507892
24950 -0.81259 0 0.582835
25000 -0.847333 0 0.531063
25050 -0.888067 0 0.459714
25100 -0.885486 0 0.464666
25150 -0.80153 0 0.597955
25200 -0.8445 0 0.535556
25250 -0.843873 0 0.536543
25300 -0.828456 0 0.560054
25350 -0.602142 0 0.798389
25400 -0.778715 0 0.627378
25450 -0.855438 0 0.517906
25500 -0.862772 0 0.505593
25550 -0.776566 0 0.630036
25600 -0.738441 0 0.674318
25650 -0.7685 0 0.63985
25700 -0.833704 0 0.552211
25750 -0.83647 0 0.548013
25800 -0.505151 0 0.863031
25850 -0.714997 0 0.699128
25900 -0.892809 0 0.450436
25950 -0.903123 0 0.429381
26000 -0.79374 0 0.608257
26050 -0.702308 0 0.711873
26100 -0.0204656 0 0.999791
26150 0.301121 0 -0.953586
26200 0.570785 0 -0.8211
26250 -0.118986 0 -0.992896
26300 -0.220927 0 0.97529
26350 0.421776 0 0.9067
26400 -0.143939 0 0.989587
26450 0.484173 0 0.874972
26500 -0.0621102 0 0.998069
26550 -0.0817945 0 0.996649
26600 -0.925266 0 0.37932
26650 -0.769277 0 0.638915
26700 -0.714982 0 0.699143
26750 -0.466917 0 0.884301
26800 0.118628 0 0.992939
26850 0.0762185 0 0.997091
26900 -0.0877049 0 0.996146
26950 -0.252751 0 0.967531
27000 -0.724054 0 0.689743
27050 -0.771396 0 0.636356
27100 -0.649648 0 0.760235
27150 -0.545379 0 0.83819
