200 -0.0174554 0 0.028536
250 -0.0148584 0 0.0283864
300 -0.0223868 0 0.0410768
350 -0.000191681 0 0.0169255
400 -0.0115357 0 0.015498
450 -0.0142582 0 0.0191291
500 -0.0129398 0 0.00547381
550 -0.00948319 0 0.0133763
600 -0.0132205 0 0.0215662
650 -0.014579 0 0.0309872
700 -0.00688222 0 0.0175847
750 -0.012399 0 0.0272657
800 -0.0123229 0 0.0306457
850 -0.0149386 0 0.0179223
900 -0.00929133 0 0.0210649
950 -0.016424 0 0.0275781
1000 -0.0103369 0 0.024664
1050 -0.00852718 0 0.0147603
1100 0.0187804 0 -0.00714167
1150 0.0425359 0 -0.0788977
1200 -0.0766016 0 -0.149967
1250 -0.136809 0 -0.295145
1300 -0.162495 0 -0.295828
1350 0.0830776 0 -0.506135
1400 0.127942 0 -0.625626
1450 0.0793821 0 -0.63367
1500 0.0343001 0 -0.509423
1550 -0.089129 0 -0.609721
1600 -0.1564 0 -0.645186
1650 0.052546 0 -0.73747
1700 0.0318772 0 -0.755873
1750 0.0977476 0 -0.835116
1800 -0.0482532 0 -0.697488
1850 -0.180232 0 -0.688996
1900 -0.203143 0 -0.701421
1950 -0.0495587 0 -0.733314
2000 0.0115597 0 -0.76136
2050 -0.0300726 0 -0.59034
2100 0.00521286 0 -0.580628
2150 -0.11657 0 -0.515178
2200 -0.143353 0 -0.412179
2250 -0.0275973 0 -0.502438
2300 -0.00246018 0 -0.521166
2350 0.0369318 0 -0.531153
2400 0.0153582 0 -0.534486
2450 -0.114896 0 -0.552833
2500 -0.0785854 0 -0.485796
2550 -0.0835412 0 -0.509565
2600 0.0572058 0 -0.553144
2650 0.0837575 0 -0.532642
2700 0.0422937 0 -0.460967
2750 -0.0438469 0 -0.641175
2800 -0.12995 0 -0.632497
2850 -0.012461 0 -0.743853
2900 0.121559 0 -1.02401
2950 0.136142 0 -0.994335
3000 0.0639912 0 -1.10541
3050 -0.100631 0 -1.04443
3100 -0.0283823 0 -0.968332
3150 0.0117198 0 -1.02717
3200 0.00822517 0 -1.04643
3250 -0.0954979 0 -1.39033
3300 -0.0506679 0 -1.36473
3350 -0.00448039 0 -1.30852
3400 0.0858571 0 -1.29275
3450 -0.0460944 0 -1.22644
3500 0.0381601 0 -1.26015
3550 0.056725 0 -1.27943
3600 -0.0484097 0 -1.4546
3650 0.0487384 0 -1.44775
3700 0.235379 0 -1.39539
3750 0.148865 0 -1.30682
3800 0.150398 0 -1.33681
3850 -0.0742873 0 -1.42368
3900 0.0151523 0 -1.41151
3950 -0.00542226 0 -1.36818
4000 0.0877707 0 -1.44367
4050 -0.059462 0 -1.55239
4100 0.0819497 0 -1.44467
4150 -0.0595952 0 -1.45723
4200 0.116331 0 -1.42811
4250 0.0373331 0 -1.47528
4300 0.0192448 0 -1.50461
4350 -0.0695404 0 -1.56517
4400 0.187582 0 -1.4791
4450 0.0428865 0 -1.50265
4500 0.0711582 0 -1.3216
4550 0.0932223 0 -1.20196
4600 0.212621 0 -1.2601
4650 0.0746889 0 -1.34473
4700 0.197183 0 -1.23046
4750 0.206785 0 -1.26709
4800 0.191755 0 -1.12884
4850 0.13744 0 -1.15054
4900 0.0683669 0 -1.17962
4950 0.273398 0 -1.06436
5000 0.208292 0 -1.16681
5050 0.179319 0 -1.05809
5100 0.100146 0 -1.23215
5150 0.0536447 0 -1.04501
5200 0.123251 0 -1.00278
5250 0.122464 0 -1.00752
5300 0.0630467 0 -0.904858
5350 0.0492936 0 -1.08243
5400 -0.0396937 0 -0.919865
5450 0.103004 0 -0.997975
5500 0.175918 0 -0.912987
5550 0.0950748 0 -0.797038
5600 0.032282 0 -0.868067
5650 0.122231 0 -0.666168
5700 0.357851 0 -0.776717
5750 0.335293 0 -0.685815
5800 0.0280894 0 -0.778617
5850 0.0669754 0 -0.741024
5900 -0.0617325 0 -0.74643
5950 0.034957 0 -0.670707
6000 0.170014 0 -0.8349
6050 0.133934 0 -0.641504
6100 0.116737 0 -0.570275
6150 -0.0244637 0 -0.64955
6200 0.0372894 0 -0.535573
6250 0.132805 0 -0.518557
6300 0.0661789 0 -0.513243
6350 -0.0948963 0 -0.508734
6400 -0.0399072 0 -0.578249
6450 -0.11426 0 -0.662421
6500 0.0252486 0 -0.61772
6550 0.046137 0 -0.723949
6600 -0.0313956 0 -0.644711
6650 0.0434224 0 -0.639818
6700 -0.0765769 0 -0.69503
6750 -0.0987592 0 -0.587662
6800 0.064733 0 -0.598012
6850 0.019628 0 -0.542731
6900 -0.0523888 0 -0.505191
6950 -0.45563 0 0.269235
7000 -0.36352 0 0.196063
7050 -0.222868 0 -0.174348
7100 -0.0836453 0 -0.103841
7150 0.025651 0 0.0121517
7200 -0.00562977 0 -0.0223074
7250 -0.0182323 0 -0.0125964
7300 -0.0188434 0 0.0155411
7350 -0.0188607 0 0.0023818
7400 -0.0230616 0 0.0230545
7450 -0.015715 0 0.0479432
7500 -0.0173807 0 0.0408824
7550 -0.0208104 0 0.0271617
7600 -0.0206244 0 0.00789232
7650 -0.0237221 0 -0.00981057
7700 -0.0118249 0 -0.112045
7750 0.0781665 0 -0.223326
7800 0.139059 0 -0.401237
7850 0.16276 0 -0.414622
7900 -0.00867181 0 -0.431154
7950 -0.146815 0 -0.677679
8000 -0.288951 0 -0.038894
8050 -0.0638364 0 -0.764098
8100 0.0120506 0 -0.738374
8150 0.0395569 0 -0.727694
8200 -0.0200439 0 -0.855146
8250 0.00819805 0 -0.843731
8300 -0.0924403 0 -0.814712
8350 -0.0355098 0 -0.998561
8400 0.0341253 0 -0.95833
8450 -0.107178 0 -1.12395
8500 -0.093343 0 -1.2442
8550 0.0451824 0 -1.21313
8600 0.146411 0 -1.15888
8650 0.170463 0 -1.16552
8700 0.0356144 0 -1.1537
8750 0.0208204 0 -1.12828
8800 0.0823789 0 -1.31598
8850 0.0206485 0 -1.23086
8900 0.14622 0 -1.38654
8950 0.129076 0 -1.28197
9000 0.157501 0 -1.3861
9050 0.198941 0 -1.27127
9100 0.187983 0 -1.43223
9150 0.184155 0 -1.26873
9200 0.249853 0 -1.34653
9250 0.431869 0 -1.13504
9300 0.231601 0 -1.26979
9350 0.249082 0 -1.30685
9400 0.112708 0 -1.38438
9450 0.212734 0 -1.37785
9500 0.181932 0 -1.40106
9550 0.215064 0 -1.32277
9600 0.0721637 0 -1.33763
9650 0.066542 0 -1.25614
9700 -0.0416583 0 -1.31368
9750 -0.0652476 0 -1.27418
9800 0.0994209 0 -1.21718
9850 0.11208 0 -1.19864
9900 0.163986 0 -1.22412
9950 0.18265 0 -1.26777
10000 0.257562 0 -1.33402
10050 0.147074 0 -1.40692
10100 0.0790034 0 -1.4375
10150 0.0538649 0 -1.42675
10200 0.237899 0 -1.40854
10250 -0.0406658 0 -1.37594
10300 0.0877345 0 -1.43166
10350 -0.0498885 0 -1.45885
10400 0.0925157 0 -1.53613
10450 0.00933512 0 -1.4877
10500 0.114216 0 -1.36332
10550 -0.0616322 0 -1.47757
10600 0.0645259 0 -1.36979
10650 0.0858956 0 -1.51673
10700 0.12971 0 -1.43501
10750 0.0287844 0 -1.54234
10800 0.0361141 0 -1.53937
10850 -0.0607422 0 -1.52807
10900 -0.0112194 0 -1.21152
10950 -0.0260871 0 -1.44531
11000 -0.0197912 0 -1.50365
11050 -0.117686 0 -1.30842
11100 0.11987 0 -1.22596
11150 -0.18721 0 -1.24505
11200 -0.100797 0 -1.24078
11250 -0.184008 0 -1.3118
11300 0.0186512 0 -1.32255
11350 0.0172345 0 -1.18743
11400 -0.0538441 0 -1.00703
11450 -0.0319436 0 -0.940065
11500 -0.046916 0 -0.956047
11550 0.0685771 0 -1.17985
11600 0.100458 0 -1.05276
11650 0.11119 0 -1.14044
11700 0.0594834 0 -0.932323
11750 0.0033962 0 -1.02107
11800 0.0261999 0 -0.9751
11850 0.0501166 0 -0.909172
11900 -0.0426344 0 -1.00601
11950 -0.069112 0 -0.824711
12000 0.0360858 0 -1.03262
12050 -0.026054 0 -0.931443
12100 0.0039366 0 -0.870644
12150 -0.0280715 0 -1.12218
12200 -0.0031033 0 -0.921238
12250 0.166238 0 -1.06393
12300 0.268917 0 -0.93924
12350 0.257831 0 -0.98611
12400 0.0631098 0 -1.1221
12450 -0.012176 0 -1.22761
12500 0.11152 0 -1.22643
12550 0.0802526 0 -0.998117
12600 0.0717933 0 -0.97233
12650 -0.0921341 0 -0.917381
12700 -0.0447934 0 -0.750077
12750 0.0883933 0 -0.963615
12800 0.125092 0 -0.859264
12850 0.129312 0 -0.822069
12900 -0.109952 0 -0.990987
12950 -0.0774392 0 -0.778528
13000 0.024729 0 -0.913025
13050 -0.0391119 0 -0.827453
13100 0.0711615 0 -0.751981
13150 -0.0627765 0 -0.957252
13200 -0.109923 0 -0.896677
13250 -0.0277785 0 -0.953638
13300 0.0950238 0 -0.938183
13350 0.00222131 0 -0.883999
13400 0.0408127 0 -0.93228
13450 -0.0912673 0 -0.867267
13500 -0.000852932 0 -0.680231
13550 -0.0213011 0 -0.885472
13600 -0.108644 0 -0.702893
13650 -0.0223021 0 -0.671873
13700 -0.0861766 0 -0.816447
13750 0.0888449 0 -0.738679
13800 0.0871347 0 -0.724045
13850 0.182639 0 -0.723613
13900 0.176769 0 -0.664586
13950 0.160091 0 -0.811927
14000 0.110529 0 -0.852161
14050 0.207886 0 -0.699031
14100 0.330631 0 -0.867625
14150 0.191911 0 -0.819553
14200 0.161787 0 -0.718155
14250 0.116167 0 -0.763255
14300 0.016208 0 -0.572789
14350 0.172278 0 -0.612047
14400 0.214479 0 -0.558009
14450 0.0297184 0 -0.612646
14500 0.142837 0 -0.75659
14550 0.0764386 0 -0.79771
14600 0.232871 0 -0.582226
14650 0.234664 0 -0.721899
14700 0.0836532 0 -0.75552
14750 0.197199 0 -0.628638
14800 0.086542 0 -0.764027
14850 -0.0165067 0 -0.779461
14900 0.115521 0 -0.673786
14950 0.237349 0 -0.737127
15000 0.0715697 0 -0.740012
15050 -0.0972221 0 -0.704316
15100 -0.0373725 0 -0.916221
15150 0.000232922 0 -0.940681
15200 0.0836249 0 -0.952056
15250 0.0651523 0 -1.10057
15300 -0.0241419 0 -1.07451
15350 0.0161684 0 -1.14444
15400 0.0200143 0 -1.06053
15450 -0.00290437 0 -1.0742
15500 0.118085 0 -1.11989
15550 0.193055 0 -1.06568
15600 0.254221 0 -1.27162
15650 0.145104 0 -1.19729
15700 0.362494 0 -1.30844
15750 0.225301 0 -1.21029
15800 -0.0529143 0 -1.27673
15850 -0.0651342 0 -1.34881
15900 0.0128117 0 -1.3748
15950 0.0972572 0 -1.29227
16000 0.185145 0 -1.36966
16050 0.157963 0 -1.30275
16100 0.0589544 0 -1.24002
16150 0.023571 0 -1.27567
16200 0.0301061 0 -1.26427
16250 -0.150413 0 -1.38368
16300 -0.107403 0 -1.40961
16350 -0.0383589 0 -1.48029
16400 -0.0153977 0 -1.30749
16450 -0.0229106 0 -1.30314
16500 0.00313847 0 -1.27391
16550 -0.0269458 0 -1.38854
16600 0.0370246 0 -1.27907
16650 -0.00777888 0 -1.35983
16700 0.0409172 0 -1.22025
16750 0.0570304 0 -1.27463
16800 0.164207 0 -1.18908
16850 0.117233 0 -1.32666
16900 0.159895 0 -1.35311
16950 0.0474531 0 -1.51638
17000 0.0374668 0 -1.30673
17050 -0.0707926 0 -1.35507
17100 0.232976 0 -1.3117
17150 -0.0296574 0 -1.39578
17200 0.0459052 0 -1.26787
17250 -0.0138077 0 -1.28649
17300 0.2595 0 -1.22218
17350 0.175082 0 -1.28161
17400 0.109021 0 -1.23882
17450 0.164002 0 -1.1902
17500 0.138166 0 -1.14275
17550 0.145523 0 -1.07782
17600 0.185255 0 -0.948954
17650 0.172891 0 -0.968195
17700 0.0419728 0 -0.981305
17750 0.0546874 0 -0.832707
17800 0.16799 0 -1.02883
17850 0.145038 0 -0.879544
17900 0.028472 0 -0.933563
17950 0.0332132 0 -0.830767
18000 0.0295364 0 -0.949351
18050 0.156104 0 -0.933783
18100 0.0844531 0 -0.932361
18150 0.0809595 0 -1.00628
18200 0.0808968 0 -0.854028
18250 0.0347725 0 -0.860454
18300 0.0737307 0 -0.858612
18350 0.0405371 0 -1.02575
18400 -0.0924512 0 -0.91041
18450 -0.0632811 0 -0.767862
18500 -0.0787614 0 -0.907209
18550 -0.0270636 0 -0.715531
18600 -0.13412 0 -0.917949
18650 -0.137522 0 -0.831775
18700 0.102079 0 -0.879514
18750 0.144464 0 -0.886668
18800 0.205541 0 -0.845379
18850 0.0869502 0 -0.992571
18900 0.0439119 0 -0.851964
18950 0.156315 0 -0.977277
19000 0.121705 0 -0.919866
19050 0.085845 0 -0.853547
19100 0.0109606 0 -1.04215
19150 -0.0489277 0 -0.882776
19200 0.0160894 0 -1.05598
19250 0.063832 0 -0.898694
19300 0.0882317 0 -0.889242
19350 0.0228371 0 -1.10119
19400 0.0149895 0 -0.856759
19450 0.0749679 0 -0.924642
19500 0.158591 0 -0.81666
19550 0.00608671 0 -0.727504
19600 0.126745 0 -0.84086
19650 0.0143117 0 -0.882167
19700 0.0971818 0 -0.776282
19750 0.152738 0 -1.01958
19800 0.143679 0 -0.732729
19850 0.212575 0 -0.749632
19900 -0.0878256 0 -0.741309
19950 -0.00657304 0 -0.684997
20000 0.101414 0 -0.728433
20050 0.0725773 0 -0.669538
20100 0.0748705 0 -0.739108
20150 0.0140413 0 -0.723219
20200 0.00196785 0 -0.743665
20250 0.0676769 0 -0.633938
20300 0.142751 0 -0.775224
20350 0.1093 0 -0.728002
20400 0.0288906 0 -0.716458
20450 -0.0242211 0 -0.739742
20500 0.00207698 0 -0.683801
20550 0.127796 0 -0.553695
20600 0.18276 0 -0.51258
20650 0.206119 0 -0.590866
20700 0.0383698 0 -0.435729
20750 0.00340443 0 -0.545246
20800 -0.034763 0 -0.599043
20850 -0.0185778 0 -0.533495
20900 0.147081 0 -0.395723
20950 0.271117 0 -0.577215
21000 0.0771714 0 -0.440906
21050 -0.0169511 0 -0.427565
21100 -0.0595049 0 -0.581678
21150 -0.0130447 0 -0.495867
21200 0.122352 0 -0.454985
21250 0.271375 0 -0.395943
21300 0.309043 0 -0.494667
21350 0.11431 0 -0.369903
21400 0.0788853 0 -0.381599
21450 -0.0654131 0 -0.354924
21500 -0.0560648 0 -0.325604
21550 0.0104773 0 0.0888611
21600 0.139308 0 -0.389703
21650 0.185844 0 -0.436868
21700 0.00145054 0 -0.377956
21750 -0.0241159 0 -0.497915
21800 -0.0770183 0 -0.577997
21850 -0.0367076 0 -0.647264
21900 0.0643534 0 -0.650878
21950 0.0903657 0 -0.762222
22000 0.11044 0 -0.772617
22050 0.0883507 0 -0.75081
22100 0.225681 0 -0.931112
22150 0.257076 0 -0.984695
22200 0.422216 0 -1.1091
22250 0.450328 0 -1.1402
22300 0.37176 0 -1.07745
22350 0.152296 0 -1.22726
22400 0.227717 0 -1.05128
22450 0.276746 0 -1.22147
22500 0.299452 0 -1.0977
22550 0.307687 0 -1.16307
22600 0.325902 0 -1.31059
22650 0.450971 0 -1.19369
22700 0.537139 0 -1.12112
22750 0.533664 0 -1.0615
22800 0.372725 0 -1.18177
22850 0.252338 0 -1.13946
22900 -0.101305 0 -1.24193
22950 0.0495102 0 -1.05987
23000 0.0996478 0 -1.36865
23050 0.190777 0 -1.16575
23100 0.0105761 0 -1.21805
23150 0.0986476 0 -1.20877
23200 -0.0295256 0 -1.24242
23250 0.165849 0 -1.06874
23300 0.228038 0 -1.14081
23350 0.299276 0 -1.07638
23400 0.287529 0 -1.22683
23450 0.241482 0 -1.13269
23500 0.241978 0 -1.13565
23550 0.346673 0 -0.974823
23600 0.053154 0 -1.22632
23650 0.103754 0 -1.18598
23700 0.213997 0 -1.2639
23750 0.204497 0 -1.20917
23800 0.315063 0 -1.14963
23850 0.108202 0 -1.34877
23900 0.121891 0 -1.17622
23950 0.00648393 0 -1.20844
24000 0.0994332 0 -1.03544
24050 0.219285 0 -1.25772
24100 0.11907 0 -1.18635
24150 0.162289 0 -1.26495
24200 0.112667 0 -1.25162
24250 0.147267 0 -1.39039
24300 0.238126 0 -1.24874
24350 0.2015 0 -1.36976
24400 0.167836 0 -1.27046
24450 0.137971 0 -1.42137
24500 0.22458 0 -1.36193
24550 0.265775 0 -1.32222
24600 0.185591 0 -1.27147
24650 0.0608503 0 -1.40975
24700 0.0645379 0 -1.40399
24750 -0.0522363 0 -1.47223
24800 0.0446529 0 -1.45582
24850 0.0492261 0 -1.52484
24900 0.280427 0 -1.46617
24950 0.279679 0 -1.39787
25000 0.33573 0 -1.35226
25050 0.247164 0 -1.38396
25100 0.276832 0 -1.43318
25150 0.18222 0 -1.39754
25200 0.226056 0 -1.31189
25250 0.096039 0 -1.40936
25300 0.245573 0 -1.42015
25350 0.265072 0 -1.26909
25400 0.230814 0 -1.40879
25450 0.114713 0 -1.35784
25500 0.0917919 0 -1.30951
25550 0.101985 0 -1.37418
25600 0.184785 0 -1.30804
25650 0.0162789 0 -1.4739
25700 0.093069 0 -1.40864
25750 0.108044 0 -1.4354
25800 0.132742 0 -1.40009
25850 0.224832 0 -1.32743
25900 0.339025 0 -1.2565
25950 0.0844517 0 -1.40791
26000 0.0979553 0 -1.36059
26050 0.0643012 0 -1.49551
26100 0.233436 0 -1.39875
26150 0.345483 0 -1.42102
26200 0.303514 0 -1.41916
26250 0.0726403 0 -1.47559
26300 0.138103 0 -1.32711
26350 0.0937129 0 -1.42397
26400 0.132784 0 -1.30319
26450 -0.044801 0 -1.41153
26500 0.114945 0 -1.40291
26550 -0.00907109 0 -1.51397
26600 -0.0130646 0 -1.49373
26650 -0.0161464 0 -1.50289
26700 0.158394 0 -1.4851
26750 0.124412 0 -1.5119
26800 0.126886 0 -1.43157
26850 -0.039029 0 -1.61594
26900 0.173777 0 -1.50381
26950 0.194446 0 -1.57174
27000 0.335409 0 -1.41333
27050 0.250273 0 -1.60371
27100 0.249526 0 -1.53646
27150 0.144868 0 -1.63724
27200 0.168453 0 -1.44856
27250 0.185877 0 -1.49713
27300 0.186883 0 -1.35025
27350 0.115308 0 -1.5093
27400 0.047924 0 -1.52653
27450 0.115857 0 -1.53299
27500 0.170926 0 -1.5774
27550 0.283223 0 -1.51289
27600 -0.0438247 0 -1.44702
27650 -0.0461713 0 -1.52419
27700 0.196829 0 -1.45163
27750 0.252277 0 -1.43941
27800 0.140609 0 -1.45717
27850 0.215239 0 -1.45687
27900 -0.0507052 0 -1.47733
27950 0.111176 0 -1.57629
28000 0.119124 0 -1.54656
28050 0.224749 0 -1.42738
28100 0.0653485 0 -1.53594
28150 0.106313 0 -1.62711
28200 0.0601633 0 -1.59107
28250 0.143578 0 -1.53476
28300 -0.0481254 0 -1.38044
28350 -0.0787728 0 -1.27529
28400 -0.115124 0 -1.29579
28450 -0.0636205 0 -1.26479
28500 -0.0330019 0 -1.28621
28550 -0.0451848 0 -1.35242
28600 0.0662292 0 -1.29707
28650 0.0932518 0 -1.33808
28700 0.114504 0 -1.28603
28750 0.142216 0 -1.13558
28800 -0.00736124 0 -1.19186
28850 0.0877926 0 -1.07088
28900 0.21693 0 -1.20379
28950 0.182313 0 -1.0456
29000 0.165617 0 -1.26868
29050 0.0834483 0 -1.07008
29100 0.185854 0 -1.16108
29150 0.189417 0 -1.07979
29200 -0.0471278 0 -1.18077
29250 -0.219271 0 -1.25751
29300 -0.114857 0 -1.12931
29350 0.0376581 0 -1.1741
29400 0.0882168 0 -1.03456
29450 -0.0110792 0 -1.25185
29500 0.0744571 0 -0.981963
29550 0.0818627 0 -1.12769
29600 0.126143 0 -1.00262
29650 0.00350974 0 -0.977096
29700 -0.0808936 0 -0.968943
29750 -0.0681245 0 -0.774019
29800 -0.0508367 0 -0.969056
29850 0.0861285 0 -0.75971
29900 0.082362 0 -0.85072
29950 0.00507365 0 -0.989188
30000 -0.014426 0 -0.830661
30050 0.0376563 0 -1.02665
30100 -0.0114068 0 -0.807276
30150 -0.0469505 0 -0.897634
30200 -0.0547007 0 -0.825391
30250 0.0256849 0 -0.835764
30300 0.173771 0 -0.809411
30350 0.0749199 0 -0.688386
30400 0.0758368 0 -0.718489
30450 0.0554763 0 -0.517469
30500 0.142744 0 -0.59381
30550 0.179479 0 -0.702066
30600 -0.0230762 0 -0.513297
30650 -0.0798747 0 -0.588412
30700 -0.106098 0 -0.500581
30750 0.0608801 0 -0.356344
30800 0.153203 0 -0.397632
30850 0.0903729 0 -0.332899
30900 -0.0899978 0 -0.353084
30950 -0.201716 0 -0.227453
31000 -0.315052 0 0.164403
31050 -0.202291 0 0.0622214
31100 -0.167975 0 0.0637791
31150 -0.00259152 0 0.0549582
31200 -0.0062107 0 0.0411114
31250 0.00137666 0 0.071833
31300 -0.00434839 0 0.0567887
31350 0.00522286 0 0.0058597
31400 -0.000717734 0 0.0388389
31450 -0.00472931 0 0.0365408
31500 -0.0176151 0 0.0261541
31550 -0.0196413 0 0.0183483
31600 -0.0164093 0 0.024299
31650 -0.015513 0 0.0129638
31700 -0.0179876 0 0.0201065
31750 -0.0136696 0 0.0343324
31800 -0.0147841 0 0.0319499
31850 -0.0218639 0 0.0165548
31900 -0.018998 0 0.0207928
31950 -0.0124301 0 0.0265286
