# Created at Thu Sep 28 15:08:23 CDT 2017
1916939553234674 1
1916940264263727 2
1916940837048151 3
1916941409863092 4
1916941943127252 5
1916942515972711 6
1916943029491998 7
1916943582501031 8
1916944175060846 9
1916944708355524 10
1916945261395074 11
1916945834171255 12
1916946387241324 13
1916946979801138 14
1916947552555044 15
1916948184665640 16
1916948717929800 17
1916949330203970 18
1916949883243521 19
1916950475803335 20
1916951048618277 21
1916951601657827 22
1916952253452261 23
1916952767002066 24
1916953359561880 25
1916953912601431 26
1916954445865591 27
1916954998935659 28
1916955571689566 29
1916956104989086 30
1916956677804028 31
1916957329628979 32
1916957862893139 33
1916958475197827 34
1916959028237377 35
1916959620827710 36
1916960173897778 37
1916960746651684 38
1916961279915844 39
1916961911965405 40
1916962465035473 41
1916963077340161 42
1916963590920483 43
1916964203164135 44
1916964736489331 45
1916965329018627 46
1916965901820454 47
1916966435115132 48
1916967007930073 49
1916967580745015 50
1916968133754048 51
1916968726344380 52
1916969318843159 53
1916969931208882 54
1916970484217915 55
1916971076747212 56
1916971629817280 57
1916972222377095 58
1916972755641255 59
1916973328456197 60
1916973881587300 61
1916974474086079 62
1916975027125630 63
1916975639430318 64
1916976172672839 65
1916976784977526 66
1916977357761950 67
1916977614567370 68
1916979352696032 69
1916979826756091 70
1916980419315905 71
1916981031590075 72
1916981584690661 73
1916982157475085 74
1916982750034899 75
1916983322819323 76
1916983935124011 77
1916984507908434 78
1916985100498766 79
1916985692997546 80
1916986246123353 81
1916986779387513 82
1916987411437073 83
1916987944792786 84
1916988517546693 85
1916989129820862 86
1916989623625794 87
1916990156920472 88
1916990729765931 89
1916991282774964 90
1916991855559388 91
1916992408659974 92
1916993040679017 93
1916993593749085 94
1916994186278382 95
1916994719573060 96
1916995331877747 97
1916995865160077 98
1916996418199628 99
1916996991045087 100
1916997563829511 101
1916998097124188 102
1916998709428876 103
1916999262529462 104
1916999874742597 105
1917000427873700 106
1917001000658124 107
1917001573412030 108
1917002146257489 109
1917002699327557 110
1917003272050946 111
1917003884416669 112
1917004397935956 113
1917005030016034 114
1917005563310712 115
1917006116382958 116
1917006728657128 117
1917007301441552 118
1917007973011376 119
1917008486591698 120
1917009079151513 121
1917009730915429 122
1917010303760888 123
1917010896290185 124
1917011548145653 125
1917012120869042 126
1917012752949120 127
1917013345478417 128
1917013957813622 129
1917014530628564 130
1917015142902734 131
1917015755220659 132
1917016426821001 133
1917016999605425 134
1917017592165239 135
1917018145174272 136
1917018797029741 137
1917019389620073 138
1917019922853716 139
1917020456148393 140
1917021009187944 141
1917021522768266 142
1917022056062944 143
1917022589357622 144
1917023162111528 145
1917023675722368 146
1917024248567827 147
1917024781831987 148
1917025354616411 149
1917025887900522 150
1917026460684946 151
1917026994010141 152
1917027566794565 153
1917028119834115 154
1917028692649057 155
1917029245688608 156
1917029818503549 157
1917030371634653 158
1917030944358041 159
1917031477683237 160
1917032010947397 161
1917032544272592 162
1917033097342660 163
1917033610861947 164
1917034124442270 165
1917034657736947 166
1917035191031625 167
1917035704592947 168
1917036257601980 169
1917036711917166 170
1917037304446463 171
1917037897006277 172
1917038529055838 173
1917039082125906 174
1917039615451101 175
1917040168490652 176
1917040701785330 177
1917041195559744 178
1917041709140066 179
1917042222659353 180
1917042736209158 181
1917043249789480 182
1917043822573904 183
1917044395388845 184
1917044987918142 185
1917045580445840 186
1917046172975137 187
1917046785310342 188
1917047417390420 189
1917048088960244 190
