200 -0.00995633 0 0.0458093
250 -0.00311172 0 0.0244988
300 -0.00910485 0 0.0169653
350 -0.00651069 0 0.00319857
400 -0.0108626 0 0.00315643
450 -0.014535 0 0.0132998
500 -0.0110286 0 0.015958
550 -0.0109237 0 0.0149961
600 -0.0102253 0 0.0145926
650 -0.0064746 0 0.0218365
700 -0.00928852 0 0.0122451
750 -0.0214647 0 -0.133704
800 -0.333649 0 -0.151459
850 0.0183243 0 -0.390105
900 0.348725 0 -0.75762
950 0.650691 0 -1.09954
1000 0.368904 0 -1.0893
1050 0.147368 0 -0.972198
1100 0.316039 0 -0.874045
1150 0.643041 0 -1.05821
1200 0.556842 0 -1.10763
1250 0.257213 0 -1.13053
1300 0.358021 0 -1.01737
1350 0.468215 0 -1.05931
1400 0.49117 0 -1.10494
1450 0.370581 0 -1.11605
1500 0.16694 0 -1.05831
1550 0.404211 0 -0.960713
1600 0.657786 0 -1.12226
1650 0.43633 0 -1.11173
1700 0.287496 0 -1.12489
1750 0.34246 0 -1.01251
1800 0.517342 0 -1.09004
1850 0.455685 0 -1.12178
1900 0.255128 0 -1.18296
1950 0.186469 0 -0.984331
2000 0.505657 0 -1.0243
2050 0.629969 0 -1.13524
2100 0.390106 0 -1.14031
2150 0.156753 0 -1.07502
2200 0.423309 0 -0.954687
2250 0.803794 0 -1.14629
2300 0.510491 0 -1.22087
2350 0.178108 0 -1.22805
2400 0.387365 0 -1.02343
2450 0.724718 0 -1.17105
2500 0.534226 0 -1.19259
2550 0.214829 0 -1.23819
2600 0.333222 0 -1.07158
2650 0.718931 0 -1.19153
2700 0.599108 0 -1.20955
2750 0.223615 0 -1.22805
2800 0.210381 0 -1.02797
2850 0.642898 0 -1.15314
2900 0.693252 0 -1.2718
2950 0.263298 0 -1.22913
3000 0.195835 0 -1.02591
3050 0.556773 0 -1.05943
3100 0.7137 0 -1.23203
3150 0.316474 0 -1.19486
3200 0.204083 0 -1.07367
3250 0.462935 0 -1.04855
3300 0.655454 0 -1.23192
3350 0.41085 0 -1.21693
3400 0.290513 0 -1.12388
3450 0.431648 0 -1.04761
3500 0.620018 0 -1.13314
3550 0.440075 0 -1.15437
3600 0.255745 0 -1.20831
3650 0.406971 0 -1.05746
3700 0.658143 0 -1.16448
3750 0.48845 0 -1.14881
3800 0.261117 0 -1.15044
3850 0.279641 0 -0.959911
3900 0.707528 0 -1.15987
3950 0.685159 0 -1.30313
4000 0.207043 0 -1.26232
4050 0.185564 0 -0.972789
4100 0.450011 0 -0.982882
4150 0.6179 0 -1.20479
4200 0.318871 0 -1.19556
4250 0.126683 0 -1.05673
4300 0.435385 0 -0.966772
4350 0.747732 0 -1.18427
4400 0.43258 0 -1.17189
4450 0.158728 0 -1.19524
4500 0.356027 0 -0.992429
4550 0.691983 0 -1.11821
4600 0.525986 0 -1.13806
4650 0.18969 0 -1.23632
4700 0.191677 0 -0.972049
4750 0.617941 0 -1.05596
4800 0.672039 0 -1.17999
4850 0.301024 0 -1.24462
4900 0.173025 0 -1.09044
4950 0.529407 0 -1.0311
5000 0.768574 0 -1.20715
5050 0.388584 0 -1.26317
5100 0.087866 0 -1.18035
5150 0.356549 0 -0.954196
5200 0.713323 0 -1.18987
5250 0.495944 0 -1.18108
5300 0.171968 0 -1.1342
5350 0.303208 0 -1.01079
5400 0.668559 0 -1.1781
5450 0.566376 0 -1.22889
5500 0.206206 0 -1.20189
5550 0.167843 0 -0.965079
5600 0.644194 0 -1.14105
5650 0.642157 0 -1.22515
5700 0.260734 0 -1.16382
5750 0.093595 0 -1.0077
5800 0.559427 0 -1.06372
5850 0.753073 0 -1.23237
5900 0.32006 0 -1.16294
5950 0.151407 0 -1.06229
6000 0.398727 0 -0.958545
6050 0.670909 0 -1.16782
6100 0.396187 0 -1.09367
6150 0.275857 0 -0.944365
6200 0.274338 0 -0.806789
6250 0.209713 0 -0.533732
6300 0.0709088 0 -0.19248
6350 0.0352112 0 -0.121317
6400 0.0238929 0 -0.128911
6450 -0.00489661 0 -0.094051
6500 -0.00441413 0 -0.0597984
6550 -0.00118987 0 -0.0271883
6600 0.0012475 0 -0.00600928
6650 -0.00497936 0 0.00836114
6700 -0.0120326 0 0.0147569
6750 -0.0129727 0 0.0125209
6800 -0.0132076 0 0.0198038
6850 -0.0134931 0 0.0220355
6900 -0.0132796 0 0.0209148
6950 -0.013146 0 0.02526
7000 -0.00898258 0 0.0228279
7050 -0.0143049 0 0.0277833
7100 -0.0160813 0 0.0263802
7150 -0.0144144 0 0.0263107
7200 -0.0141286 0 0.0363081
7250 -0.0134061 0 0.0245952
7300 -0.0126357 0 0.025603
7350 -0.0102799 0 0.02149
7400 -0.00653313 0 0.0143423
7450 -0.00597499 0 0.0157689
7500 -0.0355494 0 -0.0566948
7550 -0.0954088 0 -0.11708
7600 0.0663655 0 -0.479972
7650 0.439011 0 -0.866161
7700 0.478178 0 -1.07497
7750 0.249133 0 -1.0886
7800 0.266967 0 -0.966263
7850 0.407275 0 -0.920274
7900 0.602856 0 -1.066
7950 0.400256 0 -1.02581
8000 0.181836 0 -1.0969
8050 0.282925 0 -0.882683
8100 0.699254 0 -1.09989
8150 0.608743 0 -1.19471
8200 0.28091 0 -1.11496
8250 0.266505 0 -0.953361
8300 0.468911 0 -0.991812
8350 0.600573 0 -1.14158
8400 0.350867 0 -1.14689
8450 0.268886 0 -1.03029
8500 0.404887 0 -0.973525
8550 0.643944 0 -1.13875
8600 0.48962 0 -1.13744
8650 0.189169 0 -1.11914
8700 0.27691 0 -0.94966
8750 0.649931 0 -1.10159
8800 0.604094 0 -1.20014
8850 0.204844 0 -1.24728
8900 0.159228 0 -0.979862
8950 0.518993 0 -1.00499
9000 0.65988 0 -1.18532
9050 0.298217 0 -1.10566
9100 0.209783 0 -1.12196
9150 0.462162 0 -1.04593
9200 0.674115 0 -1.19798
9250 0.413189 0 -1.1768
9300 0.185727 0 -1.14238
9350 0.367665 0 -1.02243
9400 0.646186 0 -1.18239
9450 0.451431 0 -1.17924
9500 0.145601 0 -1.19392
9550 0.278322 0 -0.944993
9600 0.796109 0 -1.24738
9650 0.571425 0 -1.35282
9700 0.167981 0 -1.30905
9750 0.243937 0 -0.952928
9800 0.633304 0 -1.12502
9850 0.618152 0 -1.27061
9900 0.276873 0 -1.18242
9950 0.208025 0 -1.06142
10000 0.5358 0 -1.06811
10050 0.760222 0 -1.27347
10100 0.33676 0 -1.28943
10150 0.16919 0 -1.08603
10200 0.533786 0 -1.03475
10250 0.74846 0 -1.28456
10300 0.369177 0 -1.32701
10350 0.201233 0 -1.15265
10400 0.452335 0 -1.05755
10450 0.700747 0 -1.1623
10500 0.441337 0 -1.13914
10550 0.267757 0 -1.10325
10600 0.36501 0 -0.991879
10650 0.536802 0 -1.07533
10700 0.515008 0 -1.13893
10750 0.227589 0 -1.1788
10800 0.241468 0 -0.919035
10850 0.579789 0 -1.05492
10900 0.613328 0 -1.16884
10950 0.238027 0 -1.19298
11000 0.140379 0 -1.02419
11050 0.539672 0 -1.04486
11100 0.71767 0 -1.21527
11150 0.350219 0 -1.20278
11200 0.155294 0 -1.09022
11250 0.455291 0 -1.04142
11300 0.716184 0 -1.20941
11350 0.385923 0 -1.17111
11400 0.161632 0 -1.12562
11450 0.338962 0 -0.898235
11500 0.801107 0 -1.21029
11550 0.601208 0 -1.22695
11600 0.193458 0 -1.24615
11650 0.254554 0 -0.951653
11700 0.663915 0 -1.08993
11750 0.65194 0 -1.22084
11800 0.24003 0 -1.2132
11850 0.213047 0 -1.01152
11900 0.464625 0 -1.03071
11950 0.536611 0 -1.12081
12000 0.318881 0 -1.11902
12050 0.154548 0 -0.962512
12100 0.426737 0 -0.970777
12150 0.68995 0 -1.21286
12200 0.341205 0 -1.20395
12250 0.187643 0 -1.05305
12300 0.390349 0 -0.93575
12350 0.631309 0 -1.10552
12400 0.446266 0 -1.16201
12450 0.144473 0 -1.15217
12500 0.391043 0 -1.01392
12550 0.820092 0 -1.24171
12600 0.565732 0 -1.29362
12650 0.205119 0 -1.17672
12700 0.273062 0 -0.959722
12750 0.680047 0 -1.10207
12800 0.578057 0 -1.1872
12850 0.226315 0 -1.17193
12900 0.149939 0 -0.893587
12950 0.437679 0 -0.891567
13000 0.501878 0 -0.7752
13050 0.363239 0 -0.587557
13100 0.118075 0 -0.374948
13150 -0.0181919 0 -0.200448
13200 -0.0347778 0 0.0229477
13250 0.0139206 0 -0.0698582
13300 0.0618533 0 -0.110616
13350 0.033903 0 -0.0751825
13400 -0.0121863 0 -0.0780513
13450 0.0111049 0 -0.0742249
13500 -0.0147319 0 -0.0322738
13550 -0.015834 0 -0.174759
13600 0.0220378 0 -0.0211754
13650 -0.00937315 0 -0.0850847
13700 -0.379762 0 0.187615
13750 -0.576695 0 0.101227
13800 0.156814 0 -0.204273
13850 0.107282 0 -0.177683
13900 0.0418711 0 -0.114865
13950 -0.00692103 0 -0.0959803
14000 0.00787098 0 -0.0104569
14050 -0.015927 0 0.00654268
14100 -0.0124544 0 0.0118013
14150 -0.00667928 0 0.0058106
14200 -0.00464366 0 0.0108709
14250 -0.0110642 0 0.0131184
14300 -0.00367712 0 0.00128714
14350 -0.0140404 0 -0.000580524
14400 -0.0198628 0 0.0184222
14450 -0.0181796 0 0.039872
14500 -0.00750618 0 0.0294005
14550 -0.00153795 0 0.0395651
14600 -0.0200945 0 0.0717482
14650 -0.0117784 0 0.0985899
