200 -0.00609093 0 -0.109563
250 -0.0131086 0 -0.107301
300 -0.0140912 0 -0.108058
350 -0.0172838 0 -0.114913
400 -0.0134843 0 -0.111581
450 -0.0011172 0 -0.112407
500 -0.015821 0 -0.108095
550 -0.0130547 0 -0.108951
600 -0.0187802 0 -0.101846
650 -0.0227767 0 -0.109968
700 -0.0131468 0 -0.114186
750 -0.00988127 0 -0.115005
800 -0.00513275 0 -0.117287
850 0.00294069 0 -0.121036
900 -0.00191874 0 -0.122589
950 0.0109907 0 -0.135081
1000 -0.0683583 0 -0.19839
1050 -0.234203 0 -0.204033
1100 -0.442378 0 0.139435
1150 -0.659303 0 0.46488
1200 -0.787959 0 0.44382
1250 -1.00426 0 0.434285
1300 -0.904058 0 0.362585
1350 -0.890367 0 0.448426
1400 -1.02157 0 0.754145
1450 -1.12727 0 0.7811
1500 -1.176 0 0.664547
1550 -1.08003 0 0.554427
1600 -0.952688 0 0.673115
1650 -1.02872 0 0.638546
1700 -1.10248 0 0.569986
1750 -1.09562 0 0.485578
1800 -1.08059 0 0.637654
1850 -1.06356 0 0.651789
1900 -1.12533 0 0.629734
1950 -1.10588 0 0.533192
2000 -1.08531 0 0.738895
2050 -1.0767 0 0.752416
2100 -1.14929 0 0.763441
2150 -1.2095 0 0.576183
2200 -1.1186 0 0.691243
2250 -0.993032 0 0.820537
2300 -1.05427 0 0.799445
2350 -1.11739 0 0.697767
2400 -1.09677 0 0.716316
2450 -0.934762 0 0.839647
2500 -1.01829 0 0.802311
2550 -1.17233 0 0.704673
2600 -1.18185 0 0.654679
2650 -1.00836 0 0.804774
2700 -1.02752 0 0.826408
2750 -1.15668 0 0.720937
2800 -1.18757 0 0.64004
2850 -0.963571 0 0.794022
2900 -0.996222 0 0.781384
2950 -1.11158 0 0.761225
3000 -1.17124 0 0.640246
3050 -0.936943 0 0.781751
3100 -0.956664 0 0.804016
3150 -1.12003 0 0.762175
3200 -1.22272 0 0.628101
3250 -1.12978 0 0.746758
3300 -1.13614 0 0.670689
3350 -1.18048 0 0.710451
3400 -1.18352 0 0.576036
3450 -1.00655 0 0.735135
3500 -1.01666 0 0.751297
3550 -1.13548 0 0.712798
3600 -1.18484 0 0.625987
3650 -1.08973 0 0.74347
3700 -1.01181 0 0.776881
3750 -1.10573 0 0.756938
3800 -1.15374 0 0.63141
3850 -1.11735 0 0.689639
3900 -1.08066 0 0.704033
3950 -1.14842 0 0.668843
4000 -1.22906 0 0.540286
4050 -1.16206 0 0.653766
4100 -1.11803 0 0.763893
4150 -1.16517 0 0.752581
4200 -1.21325 0 0.62264
4250 -1.06344 0 0.626578
4300 -0.847588 0 0.822777
4350 -0.869988 0 0.822471
4400 -1.05567 0 0.741424
4450 -1.06921 0 0.684167
4500 -0.824616 0 0.814682
4550 -0.745777 0 0.796675
4600 -0.927966 0 0.751856
4650 -0.880426 0 0.701729
4700 -0.669562 0 0.774345
4750 -0.778509 0 0.701445
4800 -0.883262 0 0.751859
4850 -0.906221 0 0.59581
4900 -0.784494 0 0.751499
4950 -0.871296 0 0.69516
5000 -0.996151 0 0.653759
5050 -1.07209 0 0.544824
5100 -0.980963 0 0.700395
5150 -0.847001 0 0.762599
5200 -0.976879 0 0.696032
5250 -1.10352 0 0.566666
5300 -1.08016 0 0.568676
5350 -0.965822 0 0.695502
5400 -1.03457 0 0.698048
5450 -1.16615 0 0.649861
5500 -1.12909 0 0.612189
5550 -0.984116 0 0.707687
5600 -1.04819 0 0.663592
5650 -1.08373 0 0.61469
5700 -1.10268 0 0.559925
5750 -0.918531 0 0.70464
5800 -1.04847 0 0.649694
5850 -1.08541 0 0.636395
5900 -1.12012 0 0.555925
5950 -0.995431 0 0.724705
6000 -1.02288 0 0.729923
6050 -1.0851 0 0.69344
6100 -1.18641 0 0.571
6150 -1.12151 0 0.710165
6200 -1.0267 0 0.694914
6250 -1.10696 0 0.673046
6300 -1.22188 0 0.558771
6350 -1.11604 0 0.683339
6400 -0.913936 0 0.76619
6450 -0.96998 0 0.73441
6500 -1.12271 0 0.602231
6550 -1.15143 0 0.587211
6600 -1.05594 0 0.672487
6650 -1.04926 0 0.644677
6700 -1.07659 0 0.609345
6750 -1.05907 0 0.623221
6800 -1.09462 0 0.660623
6850 -0.994176 0 0.667834
6900 -1.00703 0 0.603386
6950 -0.894514 0 0.597171
7000 -0.71676 0 0.756431
7050 -0.891129 0 0.711575
7100 -0.918309 0 0.69488
7150 -0.845051 0 0.620925
7200 -0.860874 0 0.802478
7250 -0.945885 0 0.775571
7300 -1.10048 0 0.726783
7350 -1.03863 0 0.572451
7400 -0.926048 0 0.77903
7450 -0.942528 0 0.831326
7500 -1.02843 0 0.766329
7550 -1.12217 0 0.66113
7600 -1.1042 0 0.719888
7650 -0.850434 0 0.953897
7700 -1.03978 0 0.923861
7750 -1.20521 0 0.610317
7800 -1.16979 0 0.585414
7850 -1.08875 0 0.639591
7900 -1.11811 0 0.671669
7950 -1.20534 0 0.629711
8000 -1.1377 0 0.65999
8050 -1.0746 0 0.773465
8100 -1.14977 0 0.718999
8150 -1.19891 0 0.6605
8200 -1.14229 0 0.596374
8250 -1.03484 0 0.71578
8300 -1.06105 0 0.732234
8350 -1.14977 0 0.673367
8400 -1.16944 0 0.577277
8450 -1.00195 0 0.732274
8500 -0.981513 0 0.759671
8550 -1.12011 0 0.757844
8600 -1.16413 0 0.572465
8650 -1.12578 0 0.725505
8700 -1.03444 0 0.739393
8750 -1.06356 0 0.68762
8800 -1.14749 0 0.610184
8850 -1.01113 0 0.726518
8900 -0.916759 0 0.83079
8950 -1.04676 0 0.782766
9000 -1.04127 0 0.647988
9050 -0.994377 0 0.6811
9100 -0.974909 0 0.723582
9150 -1.07054 0 0.667237
9200 -1.04357 0 0.607745
9250 -1.08654 0 0.62684
9300 -0.979632 0 0.815239
9350 -1.03592 0 0.79863
9400 -1.10042 0 0.714386
9450 -1.05373 0 0.577934
9500 -1.0572 0 0.714202
9550 -1.03439 0 0.757387
9600 -1.1644 0 0.721497
9650 -1.14997 0 0.565572
9700 -1.11891 0 0.70186
9750 -1.10287 0 0.685119
9800 -1.11066 0 0.692345
9850 -1.10647 0 0.617596
9900 -1.00868 0 0.796893
9950 -0.876766 0 0.851481
10000 -0.943606 0 0.792634
10050 -1.03792 0 0.63134
10100 -0.984401 0 0.654385
10150 -0.960448 0 0.721998
10200 -1.00175 0 0.702306
10250 -1.12454 0 0.604033
10300 -1.14473 0 0.56382
10350 -1.16758 0 0.62512
10400 -1.09807 0 0.649952
10450 -1.19944 0 0.575675
10500 -1.16613 0 0.546151
10550 -1.13932 0 0.638273
10600 -1.15499 0 0.620368
10650 -1.19668 0 0.576479
10700 -1.233 0 0.479095
10750 -1.12127 0 0.595469
10800 -1.09428 0 0.500435
10850 -1.06402 0 0.464183
10900 -1.19649 0 0.342818
10950 -1.12808 0 0.598422
11000 -1.05129 0 0.622587
11050 -1.08543 0 0.596442
11100 -1.17798 0 0.471603
11150 -1.08373 0 0.607123
11200 -0.964176 0 0.689059
11250 -1.01566 0 0.652058
11300 -1.04004 0 0.624377
11350 -0.995109 0 0.704573
11400 -0.788784 0 0.922462
11450 -0.870441 0 0.875732
11500 -0.950699 0 0.736257
11550 -0.973406 0 0.695343
11600 -0.887874 0 0.788623
11650 -0.941636 0 0.75122
11700 -1.04184 0 0.712309
11750 -1.08623 0 0.551551
11800 -0.917078 0 0.720163
11850 -0.940333 0 0.732028
11900 -1.05946 0 0.675637
11950 -1.09473 0 0.596598
12000 -1.00867 0 0.69531
12050 -0.903111 0 0.760055
12100 -1.00029 0 0.771425
12150 -1.12324 0 0.610464
12200 -1.07763 0 0.662196
12250 -0.932193 0 0.787933
12300 -0.978079 0 0.77709
12350 -1.11348 0 0.64726
12400 -1.13393 0 0.609157
12450 -1.01931 0 0.676589
12500 -1.06153 0 0.686536
12550 -1.07526 0 0.627846
12600 -1.07118 0 0.595397
12650 -0.993767 0 0.706463
12700 -1.06027 0 0.666767
12750 -1.05707 0 0.640292
12800 -1.08711 0 0.548258
12850 -0.932328 0 0.711674
12900 -0.992317 0 0.747007
12950 -1.0576 0 0.745311
13000 -1.06225 0 0.615062
13050 -0.922511 0 0.769285
13100 -0.930155 0 0.78832
13150 -1.02158 0 0.755494
13200 -1.0535 0 0.600652
13250 -0.958157 0 0.652841
13300 -0.91826 0 0.758013
13350 -0.926003 0 0.725949
13400 -0.966648 0 0.627428
13450 -0.906295 0 0.607718
13500 -0.926995 0 0.685987
13550 -0.96438 0 0.622177
13600 -1.01636 0 0.630457
13650 -0.962097 0 0.611017
13700 -0.740974 0 0.79402
13750 -0.831456 0 0.7597
13800 -0.981211 0 0.743727
13850 -1.08153 0 0.550127
13900 -1.12924 0 0.59899
13950 -1.1491 0 0.509521
14000 -1.13707 0 0.541043
14050 -1.11562 0 0.522985
14100 -1.04865 0 0.696423
14150 -0.965613 0 0.807787
14200 -1.05708 0 0.760056
14250 -1.17318 0 0.615744
14300 -1.17726 0 0.570398
14350 -0.977488 0 0.711141
14400 -1.00186 0 0.662571
14450 -1.05486 0 0.675896
14500 -1.12682 0 0.530092
14550 -1.13003 0 0.700801
14600 -1.05175 0 0.634454
14650 -1.14251 0 0.587668
14700 -1.18334 0 0.483191
14750 -1.10397 0 0.643364
14800 -1.05307 0 0.742821
14850 -1.1228 0 0.659166
14900 -1.07826 0 0.523216
14950 -0.99261 0 0.605899
15000 -0.985329 0 0.715775
15050 -1.00787 0 0.692265
15100 -1.05393 0 0.572205
15150 -1.04618 0 0.564223
15200 -0.908008 0 0.756995
15250 -0.996105 0 0.748732
15300 -1.05902 0 0.699192
15350 -1.07397 0 0.582726
15400 -0.905976 0 0.778432
15450 -0.968037 0 0.753797
15500 -1.07244 0 0.665074
15550 -1.05493 0 0.572951
15600 -0.935484 0 0.783099
15650 -0.919395 0 0.777441
15700 -1.08131 0 0.675319
15750 -1.10538 0 0.545322
15800 -1.07179 0 0.628984
15850 -1.01545 0 0.683368
15900 -1.03753 0 0.629635
15950 -1.10869 0 0.525325
16000 -1.07784 0 0.53579
16050 -1.09867 0 0.626184
16100 -1.0418 0 0.630616
16150 -1.04304 0 0.575022
16200 -1.07676 0 0.556028
16250 -0.846611 0 0.75411
16300 -0.877409 0 0.672771
16350 -1.01252 0 0.655427
16400 -1.05861 0 0.51998
16450 -0.959932 0 0.673162
16500 -0.84739 0 0.739249
16550 -0.911757 0 0.69524
16600 -0.936973 0 0.568965
16650 -0.885888 0 0.663836
16700 -0.794199 0 0.785899
16750 -0.844288 0 0.750001
16800 -0.847727 0 0.631829
16850 -0.774151 0 0.602409
16900 -0.516828 0 0.716044
16950 -0.671454 0 0.624316
17000 -0.776223 0 0.659413
17050 -0.711491 0 0.563864
17100 -0.508793 0 0.679417
17150 -0.508504 0 0.691599
17200 -0.570331 0 0.642652
17250 -0.690833 0 0.592495
17300 -0.639405 0 0.628345
17350 -0.634012 0 0.738905
17400 -0.75941 0 0.620153
17450 -0.874625 0 0.560407
17500 -0.792348 0 0.428333
17550 -0.625331 0 0.571211
17600 -0.770713 0 0.6146
17650 -0.937448 0 0.60959
17700 -0.996586 0 0.4791
17750 -0.929258 0 0.637589
17800 -0.913246 0 0.698586
17850 -0.986512 0 0.685268
17900 -1.07226 0 0.587773
17950 -0.999104 0 0.602879
18000 -0.769413 0 0.81022
18050 -0.88143 0 0.787505
18100 -1.03268 0 0.693875
18150 -1.04314 0 0.642329
18200 -0.895235 0 0.739847
18250 -0.988225 0 0.687542
18300 -1.07856 0 0.655218
18350 -1.12328 0 0.501434
18400 -0.996776 0 0.598776
18450 -0.999222 0 0.619565
18500 -1.03965 0 0.582367
18550 -1.11035 0 0.491353
18600 -1.02107 0 0.621969
18650 -1.00257 0 0.683338
18700 -1.0262 0 0.68019
18750 -1.10087 0 0.540971
18800 -1.03478 0 0.602661
18850 -0.990855 0 0.700001
18900 -0.993156 0 0.665019
18950 -1.01339 0 0.627384
19000 -1.10644 0 0.626655
19050 -0.911174 0 0.77142
19100 -0.896234 0 0.754839
19150 -1.0343 0 0.728437
19200 -1.06274 0 0.585397
19250 -1.02749 0 0.70344
19300 -0.976956 0 0.677446
19350 -1.01474 0 0.673116
19400 -1.10239 0 0.539099
19450 -1.06044 0 0.669345
19500 -0.984216 0 0.687362
19550 -1.07121 0 0.647616
19600 -1.12059 0 0.532045
19650 -1.04766 0 0.673593
19700 -1.03094 0 0.652374
19750 -1.06822 0 0.592359
19800 -1.12081 0 0.511426
19850 -1.09665 0 0.580721
19900 -1.0216 0 0.655837
19950 -1.03363 0 0.612645
20000 -1.05595 0 0.566166
20050 -1.05173 0 0.568547
20100 -1.02912 0 0.69301
20150 -1.03157 0 0.634648
20200 -1.12086 0 0.59911
20250 -1.18156 0 0.529394
20300 -1.02764 0 0.700384
20350 -1.02291 0 0.678946
20400 -1.14276 0 0.651708
20450 -1.19416 0 0.472552
20500 -1.09686 0 0.566841
20550 -1.08844 0 0.622052
20600 -1.11696 0 0.538648
20650 -1.17456 0 0.477254
20700 -1.17956 0 0.603328
20750 -1.06837 0 0.706809
20800 -1.15344 0 0.661156
20850 -1.11614 0 0.563319
20900 -1.08101 0 0.608606
20950 -0.988925 0 0.717069
21000 -1.04961 0 0.710221
21050 -1.13369 0 0.614122
21100 -1.16391 0 0.550391
21150 -0.954124 0 0.698834
21200 -0.996743 0 0.693364
21250 -1.08998 0 0.662035
21300 -1.10936 0 0.572532
21350 -0.877193 0 0.717131
21400 -0.95844 0 0.682417
21450 -0.979738 0 0.663976
21500 -1.0765 0 0.497842
21550 -1.06711 0 0.606671
21600 -1.06317 0 0.678326
21650 -1.10929 0 0.660555
21700 -1.14293 0 0.530286
21750 -1.14822 0 0.569683
21800 -1.0434 0 0.690349
21850 -1.04731 0 0.671527
21900 -1.16682 0 0.633203
21950 -1.17622 0 0.607848
22000 -1.01944 0 0.700269
22050 -1.05504 0 0.689187
22100 -1.1201 0 0.656026
22150 -1.17411 0 0.534483
22200 -0.987831 0 0.680322
22250 -1.02114 0 0.6708
22300 -1.07843 0 0.637082
22350 -1.09517 0 0.540392
22400 -1.01646 0 0.698805
22450 -1.01736 0 0.674017
22500 -1.11094 0 0.601998
22550 -1.10454 0 0.476404
22600 -1.15307 0 0.574936
22650 -1.10551 0 0.640246
22700 -1.12309 0 0.672874
22750 -1.23907 0 0.553059
22800 -1.1759 0 0.646838
22850 -1.05433 0 0.710367
22900 -1.09106 0 0.685688
22950 -1.13383 0 0.563322
23000 -1.08647 0 0.583006
23050 -1.03113 0 0.678585
23100 -1.05478 0 0.633421
23150 -1.10724 0 0.57828
23200 -1.10797 0 0.585526
23250 -1.00356 0 0.690068
23300 -1.05289 0 0.676122
23350 -1.07228 0 0.663024
23400 -1.11457 0 0.57207
23450 -0.912045 0 0.700375
23500 -1.00805 0 0.665747
23550 -1.07308 0 0.622121
23600 -1.04751 0 0.474123
23650 -1.01115 0 0.630021
23700 -0.976959 0 0.698517
23750 -1.09817 0 0.680919
23800 -1.118 0 0.536439
23850 -0.98427 0 0.690708
23900 -0.976611 0 0.707082
23950 -1.04043 0 0.681156
24000 -1.12796 0 0.564826
24050 -1.1023 0 0.579489
24100 -1.07129 0 0.680284
24150 -1.10717 0 0.621067
24200 -1.09458 0 0.556515
24250 -1.09215 0 0.576267
24300 -1.0483 0 0.708774
24350 -1.10054 0 0.714429
24400 -1.10795 0 0.623723
24450 -1.0462 0 0.583347
24500 -0.921399 0 0.732085
24550 -1.02013 0 0.701101
24600 -1.04749 0 0.654349
24650 -1.09192 0 0.496585
24700 -1.0121 0 0.638853
24750 -1.00413 0 0.60628
24800 -1.04527 0 0.565412
24850 -1.11009 0 0.487678
24900 -1.06088 0 0.620407
24950 -0.966752 0 0.672558
25000 -0.999222 0 0.659905
25050 -1.03743 0 0.527158
25100 -1.00918 0 0.514155
25150 -0.891289 0 0.653404
25200 -0.911497 0 0.611576
25250 -0.953627 0 0.625563
25300 -0.905325 0 0.58671
25350 -0.602323 0 0.777086
25400 -0.789443 0 0.64183
25450 -0.917271 0 0.595692
25500 -0.866115 0 0.517036
25550 -0.797377 0 0.611806
25600 -0.809457 0 0.739339
25650 -0.850599 0 0.703708
25700 -0.834228 0 0.566557
25750 -0.715766 0 0.514343
25800 -0.392179 0 0.755685
25850 -0.555409 0 0.565576
25900 -0.675339 0 0.4516
25950 -0.684941 0 0.338845
26000 -0.445721 0 0.391078
26050 -0.151812 0 0.225745
26100 -0.0334137 0 0.206612
26150 0.147935 0 -0.275902
26200 0.0348586 0 -0.132575
26250 0.0336449 0 -0.0812154
26300 0.0148109 0 -0.0749702
26350 0.00470993 0 -0.0978044
26400 -0.00408524 0 -0.106316
26450 -0.0130137 0 -0.116397
26500 -0.00388224 0 -0.113178
26550 -0.00441318 0 -0.113846
26600 -0.00456746 0 -0.112435
26650 -0.00657208 0 -0.109194
26700 -0.0104335 0 -0.112715
26750 -0.0124006 0 -0.110362
26800 -0.00566908 0 -0.117507
26850 -0.00596528 0 -0.120708
26900 -0.00562046 0 -0.123158
26950 -0.00421353 0 -0.12408
27000 -0.00700523 0 -0.118951
27050 -0.00312981 0 -0.116988
27100 -0.00102444 0 -0.113061
27150 -0.00808087 0 -0.11133
