200 0 0 -0.0797566
250 0 0 -0.0678734
300 0 0 -0.21475
350 0 0 -0.550809
400 0 0 -0.746622
450 0 0 -0.839351
500 0 0 -0.833892
550 0 0 -1.05096
600 0 0 -1.07177
650 0 0 -1.07325
700 0 0 -1.05858
750 0 0 -0.94755
800 0 0 -0.890165
850 0 0 -0.935651
900 0 0 -0.942028
950 0 0 -0.910653
1000 0 0 -0.930186
1050 0 0 -0.945039
1100 0 0 -0.881214
1150 0 0 -0.914905
1200 0 0 -0.836856
1250 0 0 -0.884253
1300 0 0 -0.89862
1350 0 0 -0.965266
1400 0 0 -1.02152
1450 0 0 -1.05644
1500 0 0 -1.12711
1550 0 0 -1.18132
1600 0 0 -1.22264
1650 0 0 -1.05361
1700 0 0 -0.992268
1750 0 0 -1.01401
1800 0 0 -1.03519
1850 0 0 -0.950938
1900 0 0 -0.797865
1950 0 0 -0.817436
2000 0 0 -0.810085
2050 0 0 -0.751735
2100 0 0 -0.672879
2150 0 0 -0.511304
2200 0 0 -0.32444
2250 0 0 -0.40618
2300 0 0 -0.597977
2350 0 0 -0.537003
2400 0 0 -0.403482
2450 0 0 -0.425875
2500 0 0 -0.435142
2550 0 0 -0.455926
2600 0 0 -0.42549
2650 0 0 -0.416392
2700 0 0 -0.57241
2750 0 0 -0.572908
2800 0 0 -0.471787
2850 0 0 -0.236181
2900 0 0 -0.360176
2950 0 0 -0.356866
3000 0 0 -0.457455
3050 0 0 -0.305988
3100 0 0 -0.295861
3150 0 0 -0.279427
3200 0 0 -0.315298
3250 0 0 -0.237736
3300 0 0 -0.270825
3350 0 0 -0.471029
3400 0 0 -0.565713
3450 0 0 -0.835623
3500 0 0 -0.894965
3550 0 0 -0.972892
3600 0 0 -1.02763
3650 0 0 -1.38049
3700 0 0 -1.58107
3750 0 0 -1.38619
3800 0 0 -1.64531
3850 0 0 -1.46278
3900 0 0 -1.49015
3950 0 0 -1.44539
4000 0 0 -1.38745
4050 0 0 -1.53038
4100 0 0 -1.46117
4150 0 0 -1.43643
4200 0 0 -1.37361
4250 0 0 -1.46146
4300 0 0 -1.62793
4350 0 0 -1.44743
4400 0 0 -1.5007
4450 0 0 -1.47732
4500 0 0 -1.27871
4550 0 0 -1.44242
4600 0 0 -1.37975
4650 0 0 -1.33064
4700 0 0 -1.39063
4750 0 0 -1.34623
4800 0 0 -1.33527
4850 0 0 -1.37313
4900 0 0 -1.28958
4950 0 0 -1.33302
5000 0 0 -1.39644
5050 0 0 -1.40719
5100 0 0 -1.42319
5150 0 0 -1.32996
5200 0 0 -1.39537
5250 0 0 -1.33889
5300 0 0 -1.34742
5350 0 0 -1.32685
5400 0 0 -1.3665
5450 0 0 -1.4669
5500 0 0 -1.32635
5550 0 0 -1.30487
5600 0 0 -1.21425
5650 0 0 -1.34125
5700 0 0 -1.26043
5750 0 0 -1.32482
5800 0 0 -1.3011
5850 0 0 -1.37763
5900 0 0 -1.32761
5950 0 0 -1.34054
6000 0 0 -1.11102
6050 0 0 -1.19091
6100 0 0 -1.12869
6150 0 0 -1.20393
6200 0 0 -1.27075
6250 0 0 -1.06769
6300 0 0 -1.13081
6350 0 0 -1.02069
6400 0 0 -0.93925
6450 0 0 -0.979516
6500 0 0 -0.999084
6550 0 0 -1.19424
6600 0 0 -1.28702
6650 0 0 -1.14445
6700 0 0 -1.31479
6750 0 0 -1.25756
6800 0 0 -1.2655
6850 0 0 -1.20761
6900 0 0 -1.27675
6950 0 0 -1.2283
7000 0 0 -1.24364
7050 0 0 -1.21084
7100 0 0 -1.21153
7150 0 0 -1.2614
7200 0 0 -1.18857
7250 0 0 -1.29289
7300 0 0 -1.26747
7350 0 0 -1.25721
7400 0 0 -1.29049
7450 0 0 -1.28485
7500 0 0 -1.24936
7550 0 0 -1.22613
7600 0 0 -1.14963
7650 0 0 -1.15141
7700 0 0 -1.11933
7750 0 0 -1.18004
7800 0 0 -1.08448
7850 0 0 -1.08975
7900 0 0 -1.09316
7950 0 0 -1.1886
8000 0 0 -1.19775
8050 0 0 -1.24134
8100 0 0 -1.32829
8150 0 0 -1.23058
8200 0 0 -1.18721
8250 0 0 -1.19974
8300 0 0 -1.21356
8350 0 0 -1.19633
8400 0 0 -1.09789
8450 0 0 -0.977592
8500 0 0 -1.01573
8550 0 0 -1.04404
8600 0 0 -0.875591
8650 0 0 -0.984464
8700 0 0 -0.95922
8750 0 0 -1.08178
8800 0 0 -1.18753
8850 0 0 -1.11608
8900 0 0 -1.15035
8950 0 0 -1.17798
9000 0 0 -1.19374
9050 0 0 -1.2645
9100 0 0 -1.31223
9150 0 0 -1.10165
9200 0 0 -1.24467
9250 0 0 -1.15615
9300 0 0 -1.21018
9350 0 0 -1.1929
9400 0 0 -1.16279
9450 0 0 -1.14428
9500 0 0 -1.05697
9550 0 0 -1.12913
9600 0 0 -1.03494
9650 0 0 -1.00255
9700 0 0 -1.10189
9750 0 0 -0.883095
9800 0 0 -0.963463
9850 0 0 -0.897392
9900 0 0 -0.906001
9950 0 0 -0.782495
10000 0 0 -0.69416
10050 0 0 -0.755638
10100 0 0 -0.846538
10150 0 0 -0.797207
10200 0 0 -0.852984
10250 0 0 -0.741564
10300 0 0 -0.662984
10350 0 0 -0.851395
10400 0 0 -0.937953
10450 0 0 -0.910343
10500 0 0 -0.954521
10550 0 0 -0.94277
10600 0 0 -1.01579
10650 0 0 -0.917052
10700 0 0 -0.961565
10750 0 0 -0.926057
10800 0 0 -1.07157
10850 0 0 -0.97664
10900 0 0 -1.01751
10950 0 0 -0.94221
11000 0 0 -0.844788
11050 0 0 -0.888322
11100 0 0 -0.986101
11150 0 0 -0.977113
11200 0 0 -0.949123
11250 0 0 -0.803345
11300 0 0 -0.958332
11350 0 0 -0.776709
11400 0 0 -0.744094
11450 0 0 -0.706315
11500 0 0 -0.677346
11550 0 0 -0.782544
11600 0 0 -0.688675
11650 0 0 -0.767335
11700 0 0 -0.808177
11750 0 0 -0.800735
11800 0 0 -0.804085
11850 0 0 -0.637342
11900 0 0 -0.892643
11950 0 0 -1.05789
12000 0 0 -1.09375
12050 0 0 -1.13312
12100 0 0 -1.15869
12150 0 0 -1.13388
12200 0 0 -1.18375
12250 0 0 -1.26143
12300 0 0 -1.22157
12350 0 0 -1.24771
12400 0 0 -1.26978
12450 0 0 -1.35815
12500 0 0 -1.40168
12550 0 0 -1.489
12600 0 0 -1.46042
12650 0 0 -1.51644
12700 0 0 -1.28072
12750 0 0 -1.56292
12800 0 0 -1.4001
12850 0 0 -1.56607
12900 0 0 -1.50833
12950 0 0 -1.43468
13000 0 0 -1.55679
13050 0 0 -1.34623
13100 0 0 -1.3408
13150 0 0 -1.31967
13200 0 0 -1.41
13250 0 0 -1.25966
13300 0 0 -1.21409
13350 0 0 -1.14384
13400 0 0 -1.07232
13450 0 0 -0.976636
13500 0 0 -0.729499
13550 0 0 -0.917396
13600 0 0 -0.936081
13650 0 0 -1.1334
13700 0 0 -1.04788
13750 0 0 -1.23993
13800 0 0 -1.21949
13850 0 0 -1.28817
13900 0 0 -1.30677
13950 0 0 -1.30102
14000 0 0 -1.26065
14050 0 0 -1.37633
14100 0 0 -1.32291
14150 0 0 -1.34553
14200 0 0 -1.39069
14250 0 0 -1.27364
14300 0 0 -1.32982
14350 0 0 -1.31676
14400 0 0 -1.33043
14450 0 0 -1.29187
14500 0 0 -1.26338
14550 0 0 -1.32776
14600 0 0 -1.3438
14650 0 0 -1.32765
14700 0 0 -1.37199
14750 0 0 -1.40351
14800 0 0 -1.29605
14850 0 0 -1.35101
14900 0 0 -1.39316
14950 0 0 -1.50342
15000 0 0 -1.59563
15050 0 0 -1.40566
15100 0 0 -1.58896
15150 0 0 -1.40499
15200 0 0 -1.46247
15250 0 0 -1.3317
15300 0 0 -1.2932
15350 0 0 -1.33257
15400 0 0 -1.18682
15450 0 0 -1.3815
15500 0 0 -1.29871
15550 0 0 -1.2927
15600 0 0 -1.3136
15650 0 0 -1.37329
15700 0 0 -1.33973
15750 0 0 -1.3982
15800 0 0 -1.49628
15850 0 0 -1.41855
15900 0 0 -1.35387
15950 0 0 -1.43942
16000 0 0 -1.3078
16050 0 0 -1.38868
16100 0 0 -1.3551
16150 0 0 -1.48607
16200 0 0 -1.32538
16250 0 0 -1.35171
16300 0 0 -1.31182
16350 0 0 -1.14394
16400 0 0 -0.998371
16450 0 0 -0.72532
16500 0 0 -0.763943
16550 0 0 -0.472971
16600 0 0 -0.280444
16650 0 0 -0.490732
16700 0 0 -0.559149
16750 0 0 -0.8681
16800 0 0 -0.905592
16850 0 0 -0.886753
16900 0 0 -1.08401
16950 0 0 -1.29805
17000 0 0 -1.4217
17050 0 0 -1.37449
17100 0 0 -1.28492
17150 0 0 -1.3335
17200 0 0 -1.27921
17250 0 0 -1.30707
17300 0 0 -1.32824
17350 0 0 -1.38632
17400 0 0 -1.43395
17450 0 0 -1.31442
17500 0 0 -1.3038
17550 0 0 -1.36166
17600 0 0 -1.28461
17650 0 0 -1.20559
17700 0 0 -1.31268
17750 0 0 -1.16818
17800 0 0 -1.10135
17850 0 0 -1.00046
17900 0 0 -1.16156
17950 0 0 -1.0682
18000 0 0 -0.996652
18050 0 0 -1.0934
18100 0 0 -1.10357
18150 0 0 -1.18983
18200 0 0 -1.27866
18250 0 0 -1.192
18300 0 0 -1.34774
18350 0 0 -1.11725
18400 0 0 -1.06097
18450 0 0 -1.12825
18500 0 0 -1.15382
18550 0 0 -1.22434
18600 0 0 -1.09211
18650 0 0 -1.25422
18700 0 0 -1.28399
18750 0 0 -1.21271
18800 0 0 -1.33147
18850 0 0 -1.21384
18900 0 0 -1.25597
18950 0 0 -1.22161
19000 0 0 -1.39827
19050 0 0 -1.32988
19100 0 0 -1.22628
19150 0 0 -1.18855
19200 0 0 -1.27541
19250 0 0 -1.2475
19300 0 0 -1.13769
19350 0 0 -1.17439
19400 0 0 -1.11511
19450 0 0 -1.2614
19500 0 0 -1.15515
19550 0 0 -1.17031
19600 0 0 -1.24789
19650 0 0 -1.15166
19700 0 0 -1.14164
19750 0 0 -1.00823
19800 0 0 -0.985542
19850 0 0 -1.10207
19900 0 0 -1.13803
19950 0 0 -1.23085
20000 0 0 -1.05888
20050 0 0 -1.0597
20100 0 0 -1.00174
20150 0 0 -0.994452
20200 0 0 -1.23938
20250 0 0 -1.12427
20300 0 0 -1.26142
20350 0 0 -1.23189
20400 0 0 -1.15492
20450 0 0 -1.19455
20500 0 0 -1.10465
20550 0 0 -1.19735
20600 0 0 -1.18879
20650 0 0 -1.21209
20700 0 0 -1.18193
20750 0 0 -1.0736
20800 0 0 -1.10143
20850 0 0 -0.842541
20900 0 0 -1.11811
20950 0 0 -0.902623
21000 0 0 -1.04665
21050 0 0 -0.890947
21100 0 0 -1.10486
21150 0 0 -0.920833
21200 0 0 -0.996215
21250 0 0 -1.00054
21300 0 0 -1.09417
21350 0 0 -1.0568
21400 0 0 -1.18236
21450 0 0 -1.16582
21500 0 0 -1.21819
21550 0 0 -1.22985
21600 0 0 -1.27481
21650 0 0 -1.16399
21700 0 0 -1.31631
21750 0 0 -1.2602
21800 0 0 -1.18647
21850 0 0 -1.27781
21900 0 0 -1.07875
21950 0 0 -1.25406
22000 0 0 -1.29528
22050 0 0 -1.20284
22100 0 0 -1.24166
22150 0 0 -1.14729
22200 0 0 -1.18844
22250 0 0 -1.1326
22300 0 0 -1.15153
22350 0 0 -1.2685
22400 0 0 -1.09673
22450 0 0 -1.33733
22500 0 0 -1.26708
22550 0 0 -1.30201
22600 0 0 -1.18438
22650 0 0 -1.18232
22700 0 0 -1.23886
22750 0 0 -1.40581
22800 0 0 -1.34859
22850 0 0 -1.3374
22900 0 0 -1.30776
22950 0 0 -1.2755
23000 0 0 -1.24547
23050 0 0 -1.36666
23100 0 0 -1.27755
23150 0 0 -1.27555
23200 0 0 -1.1857
23250 0 0 -1.10135
23300 0 0 -1.0714
23350 0 0 -0.951094
23400 0 0 -1.14512
23450 0 0 -1.04897
23500 0 0 -1.05848
23550 0 0 -1.14196
23600 0 0 -1.26674
23650 0 0 -1.15241
23700 0 0 -1.34936
23750 0 0 -1.11773
23800 0 0 -1.09407
23850 0 0 -1.10737
23900 0 0 -1.20085
23950 0 0 -1.14716
24000 0 0 -1.15639
24050 0 0 -1.35435
24100 0 0 -1.23486
24150 0 0 -1.33123
24200 0 0 -1.15801
24250 0 0 -1.27359
24300 0 0 -1.16503
24350 0 0 -1.15731
24400 0 0 -1.18317
24450 0 0 -1.07713
24500 0 0 -0.795042
24550 0 0 -0.994566
24600 0 0 -1.03245
24650 0 0 -1.24482
24700 0 0 -1.21893
24750 0 0 -1.20461
24800 0 0 -1.22494
24850 0 0 -1.18233
24900 0 0 -1.34744
24950 0 0 -1.26089
25000 0 0 -1.18912
25050 0 0 -1.26053
25100 0 0 -1.28161
25150 0 0 -1.27291
25200 0 0 -1.2215
25250 0 0 -1.13813
25300 0 0 -1.13712
25350 0 0 -1.25495
25400 0 0 -1.13299
25450 0 0 -1.19758
25500 0 0 -1.13312
25550 0 0 -1.23967
25600 0 0 -0.864586
25650 0 0 -1.2063
25700 0 0 -1.1409
25750 0 0 -1.20365
25800 0 0 -1.19037
25850 0 0 -1.21642
25900 0 0 -1.08137
25950 0 0 -1.19817
26000 0 0 -1.31517
26050 0 0 -1.20528
26100 0 0 -1.05077
26150 0 0 -1.18211
26200 0 0 -1.27095
26250 0 0 -1.1852
26300 0 0 -1.26609
26350 0 0 -1.17019
26400 0 0 -1.11406
26450 0 0 -1.13351
26500 0 0 -1.21738
26550 0 0 -1.22742
26600 0 0 -1.08125
26650 0 0 -1.08506
26700 0 0 -1.01
26750 0 0 -1.01594
26800 0 0 -0.855468
26850 0 0 -1.07374
26900 0 0 -1.04905
26950 0 0 -1.08285
27000 0 0 -1.17042
27050 0 0 -1.07654
27100 0 0 -1.15574
27150 0 0 -1.24905
27200 0 0 -1.31873
27250 0 0 -1.23374
27300 0 0 -1.03963
27350 0 0 -1.04605
27400 0 0 -0.927586
27450 0 0 -0.910287
27500 0 0 -1.04494
27550 0 0 -0.91301
27600 0 0 -0.774608
27650 0 0 -0.754103
27700 0 0 -0.643328
27750 0 0 -0.755411
27800 0 0 -0.725893
27850 0 0 -0.607918
27900 0 0 -0.441731
