# Created at Wed Sep 13 18:16:25 CDT 2017
632214481187796 1
632215093461966 2
632215626787161 3
632216100786184 4
632216653856253 5
632217108171438 6
632217601915335 7
632218056200003 8
632218569749808 9
632219043779349 10
632219498047727 11
632219991822141 12
632220505371945 13
632221038697141 14
632221552216428 15
632222065766232 16
632222520020383 17
632229215851682 18
632231823071138 19
632232336590425 20
632232830395356 21
632233324169770 22
632233817974702 23
632234252545015 24
632234766064302 25
632235220348970 26
632235694378511 27
632236148663179 28
632236662212983 29
632237096722261 30
632237630077973 31
632238044842378 32
632238597851411 33
632239052136079 34
632239545947853 35
632240000263038 36
632240454517189 37
632240928577247 38
632241363117042 39
632241817401710 40
632242311237159 41
632242706256690 42
632243219745460 43
632243693836036 44
632244148090187 45
632244582629982 46
632245056659523 47
632245510944190 48
632246004749122 49
632246498554054 50
632247012073341 51
632247486194435 52
632247999744239 53
632248552722755 54
632250547643464 55
632269983408293 56
632270496927580 57
632271010507902 58
632271504282316 59
632272017893156 60
632272472116789 61
632272965982756 62
632273420206389 63
632273914011320 64
632274388040861 65
632274862100920 66
632275316416106 67
632275810221037 68
632276264444670 69
632276738535246 70
632277212564787 71
632277706369719 72
632278140940031 73
632278614939055 74
632279049509367 75
632279543297808 76
632279977868121 77
632280491417925 78
632280906121295 79
632281419701617 80
632281834496539 81
632282328301470 82
632282782616656 83
632283335625689 84
632283849175494 85
632284422051470 86
632284955285113 87
632285528100054 88
632286160149615 89
632304865166257 90
632305437950681 91
632305991020750 92
632306484795164 93
632306998375486 94
632307492180418 95
632308005730222 96
632308479820798 97
632309032799314 98
632309487145017 99
632310000664304 100
632310514217950 101
632311047543145 102
632311501858331 103
632312015347100 104
632312548672296 105
632313121487237 106
632313615353204 107
632314207821466 108
632314701656915 109
632315274441339 110
632315768246270 111
632316301601983 112
632316716335870 113
632317308895684 114
632317842190362 115
632318355740167 116
632318849545098 117
632319323605157 118
632319797634698 119
632320271704964 120
632320726020149 121
632321219825081 122
632321654395393 123
632322167884163 124
632322622199348 125
632323096228889 126
632323550513557 127
632324064063362 128
632324518348030 129
632325031928352 130
632325525733284 131
632326039313606 132
632326651618294 133
632327125647835 134
632327698493294 135
632328212012581 136
632328765052132 137
632329377387337 138
632330048957161 139
632330542720709 140
632334433895025 141
632338325008307 142
632340991553293 143
632341505133616 144
632342077918039 145
632342512457834 146
632343065527903 147
632343579077707 148
632344092658030 149
632344546973215 150
632345080237375 151
632345574042307 152
632346087592112 153
632346601141916 154
632347134467112 155
632347648016916 156
632348122076975 157
632348694922434 158
632349267676340 159
632349840491282 160
632350314552163 161
632350986121987 162
632351519416665 163
632352092262124 164
