# Created at Thu Nov 09 16:46:40 CST 2017
106959259545909 1
106959950860606 2
106960326104746 3
106961451989756 4
106962182824717 5
106962696374522 6
106963288934336 7
106963644464121 8
106964395104991 9
106964928338633 10
106965520898448 11
106966054223643 12
106966646752940 13
106967002296003 14
106967752906354 15
106968266425641 16
106968858985456 17
106969372565778 18
106969945350202 19
106970458930524 20
106971031714948 21
106971545264753 22
106972137824567 23
106972671149762 24
106973263709577 25
106973797034772 26
106974369819196 27
106974903144391 28
106975475959333 29
106975969764264 30
106976582129987 31
106977115394147 32
106977688209088 33
106978221486643 34
106978774526194 35
106979110341624 36
106979860951975 37
106980374532298 38
106980947347239 39
106981460866526 40
106982073171214 41
106982586812571 42
106983218831614 43
106983752126292 44
106984344747141 45
106984878041819 46
106985470571116 47
106985984212473 48
106986576741770 49
106987110036448 50
106987682851389 51
106988196392593 52
106988788952407 53
106989263012466 54
106989895092544 55
106990408642349 56
106991001263198 57
106991514782486 58
106992127087173 59
106992660381851 60
106993233227310 61
106993746807632 62
106994359112320 63
106994872723159 64
106995504742202 65
106996018322525 66
106996689892349 67
106997203442154 68
106999850331951 69
107000363881756 70
107000995961834 71
107001509481121 72
107002082296062 73
107002576070476 74
107003188436199 75
107003702016521 76
107004274800945 77
107004788350750 78
107005380971599 79
107005914327312 80
107006487081219 81
107007020467449 82
107007593221355 83
107008126503666 84
107008679604252 85
107009212929447 86
107009825203617 87
107010338783940 88
107010911598881 89
107011425179203 90
107011978249272 91
107012491829594 92
107013064614018 93
107013578194340 94
107014170784672 95
107014684303959 96
107015257149418 97
107015790474613 98
107016363289555 99
107016699104984 100
107017449654301 101
107017963240023 102
107018555830355 103
107019049604769 104
107019622419711 105
107020136000033 106
107020708814974 107
107021222456332 108
107021814955111 109
107022348280306 110
107022940840121 111
107023474165316 112
107024047041293 113
107024560530062 114
107025153120394 115
107025686445590 116
107026219831820 117
107026753065463 118
107027345716830 119
107027879021656 120
107028471581471 121
107028965386403 122
107029597435963 123
107029933220875 124
107030683861744 125
107031197411549 126
107031750481617 127
107032283837330 128
107032876366627 129
107033389916432 130
107033943017018 131
107034476342213 132
107035049218190 133
107035582482350 134
107036194817555 135
107036728112233 136
107037340416920 137
107037873789231 138
107038446573654 139
107038979898850 140
107039552683274 141
107040086038986 142
107040658914963 143
107041172464768 144
107041725473801 145
107042258798996 146
107042831644455 147
107043364939133 148
107043937784592 149
107044490885178 150
107045063669602 151
107045596994797 152
107046209360520 153
107046545175949 154
107047335215012 155
107047671077684 156
107048184627489 157
107048974727586 158
107049567317919 159
107050080837206 160
107050653682665 161
107051167232469 162
107051720333055 163
107052056117967 164
107052530178026 165
107053320278124 166
107053893093065 167
107054426418260 168
107054979488329 169
107055512813524 170
107056085658983 171
107056638729051 172
107057211574510 173
107057567107315 174
107058317748185 175
107058851042862 176
107059423857804 177
107059957182999 178
107060530028458 179
107061063353653 180
107061616454239 181
107062110198136 182
107062683043595 183
107063018828507 184
107063749663468 185
107064263243790 186
107064816313858 187
107065349669571 188
107065942229386 189
107066455840226 190
107067028685685 191
107067542204972 192
107068134750368 193
107068648330690 194
107069260635378 195
107069774246218 196
107070347061159 197
107070880355837 198
107071472976687 199
107071828506472 200
107072598892214 201
107072934646608 202
107073705062868 203
107074238357546 204
107074791397097 205
107075324722292 206
107075956863405 207
107076391403200 208
