200 -0.212384 0 0.977186
250 -0.126003 0 0.99203
300 -0.472878 0 0.881128
350 -0.897536 0 0.440942
400 -0.96028 0 0.279037
450 -0.737759 0 0.675064
500 -0.568541 0 0.822655
550 -0.588786 0 0.808289
600 -0.573856 0 0.818957
650 -0.284271 0 0.958744
700 -0.604352 0 0.796718
750 -0.158508 0 -0.987358
800 -0.910572 0 -0.413351
850 0.046921 0 -0.998899
900 0.418123 0 -0.90839
950 0.509288 0 -0.860596
1000 0.320767 0 -0.947158
1050 0.14987 0 -0.988706
1100 0.340036 0 -0.940412
1150 0.519305 0 -0.854589
1200 0.449982 0 -0.893037
1250 0.222794 0 -0.974865
1300 0.331707 0 -0.943382
1350 0.404755 0 -0.914425
1400 0.407454 0 -0.913226
1450 0.313833 0 -0.949478
1500 0.153101 0 -0.988211
1550 0.387772 0 -0.921755
1600 0.500458 0 -0.865761
1650 0.362897 0 -0.931829
1700 0.249308 0 -0.968424
1750 0.320226 0 -0.947341
1800 0.42927 0 -0.903176
1850 0.375483 0 -0.926829
1900 0.211328 0 -0.977415
1950 0.188029 0 -0.982164
2000 0.44576 0 -0.895153
2050 0.482046 0 -0.876146
2100 0.32183 0 -0.946797
2150 0.147167 0 -0.989112
2200 0.405761 0 -0.913979
2250 0.574567 0 -0.818458
2300 0.38623 0 -0.922402
2350 0.143846 0 -0.9896
2400 0.354639 0 -0.935003
2450 0.527627 0 -0.849476
2500 0.409027 0 -0.912522
2550 0.170939 0 -0.985282
2600 0.296331 0 -0.955085
2650 0.517747 0 -0.855534
2700 0.443331 0 -0.896358
2750 0.180692 0 -0.98354
2800 0.199552 0 -0.979887
2850 0.487514 0 -0.873115
2900 0.478411 0 -0.878136
2950 0.209034 0 -0.977908
3000 0.189564 0 -0.981868
3050 0.46568 0 -0.884953
3100 0.500227 0 -0.865895
3150 0.256487 0 -0.966548
3200 0.186354 0 -0.982483
3250 0.405136 0 -0.914257
3300 0.469887 0 -0.882727
3350 0.320239 0 -0.947337
3400 0.24959 0 -0.968352
3450 0.381952 0 -0.924182
3500 0.48185 0 -0.876254
3550 0.356572 0 -0.934268
3600 0.208249 0 -0.978076
3650 0.359659 0 -0.933084
3700 0.492745 0 -0.870174
3750 0.391327 0 -0.920252
3800 0.221571 0 -0.975144
3850 0.279658 0 -0.9601
3900 0.522501 0 -0.852639
3950 0.465831 0 -0.884874
4000 0.159368 0 -0.987219
4050 0.186538 0 -0.982448
4100 0.417035 0 -0.90889
4150 0.456278 0 -0.889837
4200 0.257638 0 -0.966241
4250 0.119622 0 -0.992819
4300 0.408509 0 -0.912754
4350 0.533493 0 -0.845804
4400 0.34797 0 -0.937506
4450 0.135142 0 -0.990826
4500 0.337695 0 -0.941256
4550 0.527107 0 -0.849799
4600 0.420193 0 -0.907435
4650 0.152222 0 -0.988346
4700 0.193667 0 -0.981067
4750 0.506084 0 -0.862484
4800 0.493303 0 -0.869858
4850 0.237636 0 -0.971354
4900 0.157603 0 -0.987503
4950 0.456719 0 -0.889611
5000 0.534689 0 -0.845049
5050 0.295069 0 -0.955476
5100 0.0763181 0 -0.997084
5150 0.350101 0 -0.936712
5200 0.511519 0 -0.859272
5250 0.385698 0 -0.922625
5300 0.15095 0 -0.988541
5350 0.287322 0 -0.957834
5400 0.494924 0 -0.868936
5450 0.417664 0 -0.908602
5500 0.169191 0 -0.985583
5550 0.173013 0 -0.98492
5600 0.492213 0 -0.870475
5650 0.462748 0 -0.88649
5700 0.219683 0 -0.975571
5750 0.0929418 0 -0.995672
5800 0.468762 0 -0.883324
5850 0.52096 0 -0.853581
5900 0.266366 0 -0.963872
5950 0.141162 0 -0.989987
6000 0.385968 0 -0.922512
6050 0.496644 0 -0.867954
6100 0.340555 0 -0.940225
6150 0.280277 0 -0.959919
6200 0.320485 0 -0.947253
6250 0.371502 0 -0.928432
6300 0.348234 0 -0.937407
6350 0.262553 0 -0.964918
6400 0.00408424 0 -0.999992
6450 -0.165689 0 -0.986178
6500 -0.139894 0 -0.990166
6550 -0.0970796 0 -0.995277
6600 -0.999955 0 0.0095286
6650 -0.842345 0 0.538939
6700 -0.694139 0 0.719841
6750 -0.727013 0 0.686624
6800 -0.452978 0 0.891521
6850 -0.296048 0 0.955173
6900 -0.397228 0 0.91772
6950 -0.443531 0 0.896259
7000 -0.135636 0 0.990759
7050 -0.435735 0 0.900075
7100 -0.569656 0 0.821883
7150 -0.497664 0 0.86737
7200 -0.969167 0 0.246403
7250 -0.902953 0 0.429739
7300 -0.573633 0 0.819112
7350 -0.442972 0 0.896535
7400 0.370449 0 0.928853
7450 0.231934 0 0.972731
7500 -0.580302 0 -0.814401
7550 -0.632697 0 -0.774399
7600 -0.00814195 0 -0.999967
7650 0.184372 0 -0.982857
7700 0.403457 0 -0.914998
7750 0.225589 0 -0.974223
7800 0.268818 0 -0.963191
7850 0.403604 0 -0.914934
7900 0.492066 0 -0.870558
7950 0.363544 0 -0.931577
8000 0.169134 0 -0.985593
8050 0.307353 0 -0.951595
8100 0.536484 0 -0.84391
8150 0.454167 0 -0.890917
8200 0.234614 0 -0.972089
8250 0.260897 0 -0.965367
8300 0.432621 0 -0.901576
8350 0.466117 0 -0.884723
8400 0.285958 0 -0.958242
8450 0.246087 0 -0.969248
8500 0.384991 0 -0.92292
8550 0.491737 0 -0.870744
8600 0.394939 0 -0.918708
8650 0.171116 0 -0.985251
8700 0.280855 0 -0.95975
8750 0.507796 0 -0.861477
8800 0.448009 0 -0.894029
8850 0.160337 0 -0.987062
8900 0.160269 0 -0.987073
8950 0.4591 0 -0.888385
9000 0.483272 0 -0.87547
9050 0.260882 0 -0.965371
9100 0.184774 0 -0.982781
9150 0.404204 0 -0.914669
9200 0.487532 0 -0.873105
9250 0.332359 0 -0.943153
9300 0.162781 0 -0.986662
9350 0.33832 0 -0.941031
9400 0.479616 0 -0.877478
9450 0.356906 0 -0.93414
9500 0.120186 0 -0.992751
9550 0.282858 0 -0.959162
9600 0.536293 0 -0.844032
9650 0.387991 0 -0.921663
9700 0.127648 0 -0.99182
9750 0.248604 0 -0.968605
9800 0.490945 0 -0.87119
9850 0.436888 0 -0.899516
9900 0.224815 0 -0.974402
9950 0.193608 0 -0.981079
10000 0.451401 0 -0.892321
10050 0.510862 0 -0.859663
10100 0.253528 0 -0.967328
10150 0.153787 0 -0.988104
10200 0.460996 0 -0.887402
10250 0.504386 0 -0.863478
10300 0.268563 0 -0.963262
10350 0.171492 0 -0.985185
10400 0.39504 0 -0.918664
10450 0.515753 0 -0.856737
10500 0.36183 0 -0.932244
10550 0.235842 0 -0.971791
10600 0.345612 0 -0.938378
10650 0.449544 0 -0.893258
10700 0.412083 0 -0.911146
10750 0.189433 0 -0.981894
10800 0.252464 0 -0.967606
10850 0.483644 0 -0.875265
10900 0.464806 0 -0.885413
10950 0.195748 0 -0.980654
11000 0.137555 0 -0.990494
11050 0.460101 0 -0.887867
11100 0.508462 0 -0.861084
11150 0.279857 0 -0.960042
11200 0.142366 0 -0.989814
11250 0.401369 0 -0.915916
11300 0.509938 0 -0.860211
11350 0.313602 0 -0.949554
11400 0.146466 0 -0.989216
11450 0.354261 0 -0.935147
11500 0.552365 0 -0.833602
11550 0.440008 0 -0.897994
11600 0.15352 0 -0.988146
11650 0.259306 0 -0.965795
11700 0.522759 0 -0.852481
11750 0.471445 0 -0.881895
11800 0.188594 0 -0.982055
11850 0.204426 0 -0.978882
11900 0.411836 0 -0.911258
11950 0.431978 0 -0.901884
12000 0.273361 0 -0.961911
12050 0.161336 0 -0.986899
12100 0.402139 0 -0.915578
12150 0.49416 0 -0.869371
12200 0.272431 0 -0.962175
12250 0.175862 0 -0.984415
12300 0.384687 0 -0.923047
12350 0.495926 0 -0.868365
12400 0.358048 0 -0.933703
12450 0.127379 0 -0.991854
12500 0.36243 0 -0.932011
12550 0.552482 0 -0.833525
12600 0.400177 0 -0.916438
12650 0.174975 0 -0.984573
12700 0.274357 0 -0.961628
12750 0.52424 0 -0.85157
12800 0.437172 0 -0.899378
12850 0.188078 0 -0.982154
12900 0.164242 0 -0.98642
12950 0.440876 0 -0.897568
13000 0.537731 0 -0.843116
13050 0.51192 0 -0.859033
13100 0.295641 0 -0.955299
13150 -0.0908409 0 -0.995865
13200 -0.704516 0 -0.709688
13250 0.171452 0 -0.985192
13300 0.396674 0 -0.917959
13350 0.38792 0 -0.921693
13400 0.323492 0 -0.946231
13450 0.485596 0 -0.874183
13500 -0.241077 0 -0.970506
13550 -0.0755335 0 -0.997143
13600 -0.909501 0 0.415702
13650 -0.725964 0 0.687733
13700 -0.890449 0 0.455083
13750 -0.984966 0 0.172746
13800 0.097972 0 -0.995189
13850 0.510348 0 -0.859968
13900 0.345815 0 -0.938303
13950 -0.063035 0 -0.998011
14000 -0.123108 0 -0.992393
14050 -0.483074 0 -0.875579
14100 -0.871219 0 -0.490894
14150 -0.996195 0 0.0871507
14200 -0.978096 0 0.208153
14250 -0.996277 0 0.0862096
14300 -0.826391 0 0.563097
14350 -0.952508 0 0.304513
14400 -0.268133 0 0.963382
14450 -0.315337 0 0.94898
14500 -0.249301 0 0.968426
14550 -0.0538961 0 0.998547
14600 0.43148 0 -0.902123
14650 -0.157934 0 0.98745
