200 -0.0097256 0 0.0171822
250 -0.00869547 0 0.0190219
300 -0.00650682 0 0.0222603
350 -0.0184045 0 0.0210048
400 -0.0167896 0 0.0152871
450 -0.0178176 0 0.0173207
500 -0.0165514 0 0.0251197
550 -0.0111245 0 0.0265601
600 -0.0115608 0 0.0272103
650 -0.0110381 0 0.02983
700 0.0181328 0 -0.00903317
750 0.0625656 0 -0.114644
800 0.0219083 0 -0.40186
850 -0.128727 0 -0.633861
900 -0.138561 0 -0.714367
950 -0.0483116 0 -0.861533
1000 0.0519824 0 -1.04999
1050 -0.0133668 0 -1.04899
1100 -0.184216 0 -1.10353
1150 -0.200172 0 -1.06988
1200 -0.038698 0 -1.06663
1250 -0.0852995 0 -0.966953
1300 -0.188933 0 -1.00593
1350 -0.0539933 0 -1.01425
1400 0.423102 0 -0.556675
1450 0.170612 0 0.0181652
1500 -0.0344099 0 0.469869
1550 -0.0286775 0 0.429332
1600 0.131576 0 0.523788
1650 -0.00885045 0 0.71395
1700 -0.0661773 0 0.786169
1750 0.119518 0 0.812552
1800 0.282316 0 0.903356
1850 0.145421 0 0.819387
1900 0.0717003 0 0.687831
1950 0.138959 0 0.829803
2000 0.257863 0 0.83538
2050 0.118108 0 0.750896
2100 -0.011857 0 0.795033
2150 0.101312 0 0.713156
2200 0.24872 0 0.835965
2250 0.167583 0 0.871654
2300 0.0344838 0 0.96824
2350 0.0913276 0 0.871725
2400 0.152732 0 0.833746
2450 0.172559 0 0.841396
2500 -0.00326137 0 0.932367
2550 0.0477743 0 1.11778
2600 0.0969849 0 1.01166
2650 0.0511714 0 0.923062
2700 -0.0273931 0 0.809781
2750 0.268901 0 0.808312
2800 0.768781 0 0.35954
2850 1.06528 0 -0.069755
2900 0.585186 0 -0.564911
2950 0.0449843 0 -0.850687
3000 -0.218847 0 -0.866807
3050 -0.148704 0 -1.07822
3100 -0.0518561 0 -1.11037
3150 -0.193382 0 -1.20196
3200 -0.149157 0 -1.2035
3250 -0.0839912 0 -1.21014
3300 0.011444 0 -1.10133
3350 -0.14427 0 -1.09255
3400 -0.279578 0 -1.1097
3450 -0.112486 0 -1.15858
3500 -0.148911 0 -0.903418
3550 -0.124482 0 -0.921612
3600 -0.182496 0 -1.00379
3650 -0.0563077 0 -1.03573
3700 0.0553262 0 -1.03524
3750 -0.019109 0 -1.16837
3800 -0.156746 0 -1.22683
3850 -0.065609 0 -1.17382
3900 0.0200645 0 -1.25662
3950 -0.0663521 0 -1.30729
4000 -0.187947 0 -1.32673
4050 -0.0406261 0 -1.25501
4100 0.0759239 0 -1.31631
4150 -0.0171545 0 -1.20115
4200 -0.0961106 0 -1.13942
4250 -0.104098 0 -1.06754
4300 -0.1308 0 -1.10728
4350 -0.241783 0 -0.802256
4400 -0.160648 0 -0.360343
4450 0.0350164 0 -0.0809314
4500 0.0837154 0 0.175267
4550 0.0336122 0 0.684973
4600 0.0271085 0 0.75901
4650 0.0694593 0 0.525219
4700 0.113953 0 0.555745
4750 -0.0197188 0 0.589052
4800 -0.0129357 0 0.622977
4850 0.212115 0 0.758942
4900 0.280032 0 0.779448
4950 0.0763722 0 0.689813
5000 -0.0411601 0 0.799985
5050 0.123914 0 0.653904
5100 0.202157 0 0.678986
5150 0.119961 0 0.609672
5200 0.00216549 0 0.79257
5250 0.0950654 0 0.842328
5300 0.182607 0 0.988618
5350 0.0890976 0 0.910529
5400 -0.0793412 0 1.04078
5450 0.0395694 0 0.950218
5500 0.0952996 0 0.940739
5550 0.119699 0 0.869794
5600 0.0144788 0 0.803034
5650 0.100521 0 0.702116
5700 0.189662 0 0.744015
5750 0.137325 0 0.827063
5800 -0.00400352 0 0.810425
5850 0.0578151 0 0.978277
5900 0.182213 0 0.918721
5950 0.147098 0 0.915438
6000 0.0102738 0 0.837063
6050 0.0428348 0 0.951854
6100 0.0423024 0 0.833407
6150 -0.073569 0 0.706389
6200 -0.730701 0 0.329452
6250 -1.05316 0 -0.0897185
6300 -0.744102 0 -0.451829
6350 -0.314836 0 -0.849708
6400 0.00552202 0 -0.809635
6450 -0.013103 0 -0.97797
6500 -0.119298 0 -1.07294
6550 -0.0409939 0 -1.12598
6600 0.137142 0 -1.13079
6650 -0.0404524 0 -1.20647
6700 -0.12667 0 -1.2052
6750 -0.0254562 0 -1.20861
6800 0.032108 0 -1.19247
6850 -0.0413414 0 -1.21345
6900 -0.212799 0 -1.20009
6950 -0.122683 0 -1.23965
7000 0.0343943 0 -1.19047
7050 -0.0390846 0 -1.20934
7100 -0.171141 0 -1.25609
7150 -0.109534 0 -1.23602
7200 0.0196011 0 -1.314
7250 -0.054675 0 -1.23296
7300 -0.204232 0 -1.26446
7350 -0.101218 0 -1.24612
7400 -0.000834676 0 -1.31046
7450 -0.0265369 0 -1.20271
7500 -0.145698 0 -1.28069
7550 -0.159171 0 -1.16066
7600 -0.0149522 0 -1.21472
7650 -0.00119744 0 -1.15845
7700 -0.129168 0 -1.22291
7750 -0.215607 0 -1.23633
7800 -0.123172 0 -1.25568
7850 -0.0134109 0 -1.17049
7900 -0.128028 0 -1.23701
7950 -0.214308 0 -1.21108
8000 -0.113473 0 -1.22326
8050 -0.0877788 0 -1.1383
8100 -0.177337 0 -1.09055
8150 -0.283429 0 -1.08358
8200 -0.147255 0 -1.10546
8250 -0.0399767 0 -0.999986
8300 -0.0521401 0 -0.926758
8350 -0.143948 0 -1.03861
8400 -0.0220374 0 -1.0136
8450 0.0745943 0 -1.12433
8500 0.0316753 0 -1.09227
8550 -0.119335 0 -1.12809
8600 -0.113193 0 -1.15443
8650 -0.0202627 0 -1.17994
8700 0.0227084 0 -1.07317
8750 -0.140245 0 -1.12231
8800 -0.0058011 0 -1.01722
8850 0.451719 0 -0.317095
8900 0.331756 0 0.446398
8950 -0.0423202 0 0.808553
9000 -0.04786 0 0.904661
9050 0.144269 0 0.921358
9100 0.0404103 0 0.910241
9150 0.029401 0 0.994334
9200 0.162998 0 1.05645
9250 0.266981 0 1.21267
9300 0.125935 0 0.998552
9350 -0.0349961 0 0.985177
9400 0.0640829 0 1.08078
9450 0.173969 0 0.826558
9500 0.131089 0 0.678213
9550 0.0183125 0 0.767319
9600 0.0549302 0 0.928515
9650 0.206858 0 1.22091
9700 0.140902 0 1.00364
9750 -0.0108102 0 1.08007
9800 0.123348 0 0.915015
9850 0.167056 0 0.800392
9900 0.0703884 0 0.967635
9950 0.0491061 0 0.952199
10000 0.196003 0 0.82482
10050 0.681984 0 0.469778
10100 0.917715 0 -0.0049562
10150 0.613329 0 -0.511177
10200 0.224147 0 -0.86179
10250 -0.00136336 0 -0.906671
10300 -0.070684 0 -1.081
10350 -0.0164741 0 -1.0797
10400 -0.185763 0 -1.24359
10450 -0.195178 0 -1.22405
10500 -0.0520454 0 -1.2556
10550 -0.00516013 0 -1.15142
10600 -0.194622 0 -1.2084
10650 -0.266554 0 -1.21589
10700 -0.147894 0 -1.2215
10750 -0.115973 0 -1.06752
10800 -0.162517 0 -1.10134
10850 -0.257942 0 -1.13393
10900 -0.0741058 0 -1.01097
10950 0.047647 0 -1.10053
11000 0.027633 0 -1.0743
11050 -0.152436 0 -1.16948
11100 -0.0914938 0 -1.15211
11150 0.050352 0 -1.15716
11200 0.0148676 0 -1.10044
11250 -0.195897 0 -1.24681
11300 -0.100275 0 -1.15155
11350 0.00762939 0 -1.18066
11400 -0.0249123 0 -1.0401
11450 -0.120547 0 -1.03282
11500 0.0416033 0 -0.87231
11550 0.397052 0 -0.288067
11600 0.301343 0 0.262613
11650 -0.0251669 0 0.604495
11700 0.0462744 0 0.655561
11750 0.147178 0 0.711377
11800 0.0714067 0 0.853162
11850 -0.0621488 0 1.1055
11900 0.0345267 0 0.983993
11950 0.198289 0 1.04844
12000 0.163003 0 0.800517
12050 0.0464754 0 0.826735
12100 0.14598 0 0.992997
12150 0.2006 0 1.08992
12200 0.199448 0 1.07055
12250 0.0277083 0 1.08507
12300 0.154837 0 1.01071
12350 0.203145 0 0.943707
12400 0.151858 0 0.862354
12450 0.0292677 0 1.01951
12500 0.157472 0 0.876682
12550 0.253593 0 0.89176
12600 0.123291 0 0.944491
12650 -0.0203063 0 0.908881
12700 0.146248 0 1.08948
12750 0.23259 0 1.03299
12800 0.140748 0 0.964503
12850 -0.0442101 0 1.014
12900 0.116595 0 1.02428
12950 0.227055 0 0.764132
13000 0.154518 0 0.838341
13050 -0.0219605 0 0.816878
13100 0.100018 0 0.940307
13150 0.241077 0 0.979535
13200 0.103979 0 0.793475
13250 -0.0497293 0 0.916382
13300 0.0922707 0 0.998788
13350 0.222965 0 0.9964
13400 0.0779639 0 0.920447
13450 -0.0653704 0 0.68029
13500 -0.0335547 0 0.694966
13550 0.120935 0 0.59716
13600 0.234568 0 0.863562
13650 -0.0145588 0 0.689904
13700 -0.0867769 0 0.799601
13750 0.0363973 0 0.814833
13800 0.17695 0 0.795945
13850 0.114574 0 0.659659
13900 -0.118075 0 0.669689
13950 -0.0657811 0 0.70362
14000 0.30963 0 0.547018
14050 0.78893 0 0.320905
14100 0.627958 0 -0.196809
14150 0.313031 0 -0.477495
14200 0.0280965 0 -0.893322
14250 -0.038426 0 -1.01538
14300 0.0422981 0 -1.09878
14350 -0.0878174 0 -1.23861
14400 -0.212969 0 -1.33701
14450 -0.151397 0 -1.30548
14500 0.0967064 0 -1.35219
14550 0.0535029 0 -1.28638
14600 -0.0903245 0 -1.33468
14650 -0.063231 0 -1.27237
14700 0.0355574 0 -1.29223
14750 0.063539 0 -1.2424
14800 -0.10964 0 -1.23974
14850 -0.0825336 0 -1.28334
14900 0.0662375 0 -1.37353
14950 0.0715854 0 -1.23266
15000 -0.129268 0 -1.33842
15050 -0.158653 0 -1.27254
15100 -0.061817 0 -1.25786
15150 -0.00906182 0 -1.17856
15200 -0.179799 0 -1.27915
15250 -0.165636 0 -1.21358
15300 -0.103568 0 -1.21224
15350 0.0195621 0 -1.18566
15400 -0.178616 0 -1.23054
15450 -0.262809 0 -1.21292
15500 -0.13302 0 -1.18965
15550 -0.0572015 0 -1.07992
15600 -0.166496 0 -1.04663
15650 -0.21091 0 -1.08002
15700 -0.0880803 0 -1.04666
15750 0.0361507 0 -1.05422
15800 0.00844056 0 -1.06942
15850 -0.149978 0 -1.04658
15900 -0.0627852 0 -0.950954
15950 0.0928138 0 -0.921762
16000 0.0401479 0 -0.763022
16050 -0.0853302 0 -0.587227
16100 -0.0420195 0 -0.32581
16150 -0.020351 0 -0.23482
16200 0.0623258 0 -0.106485
16250 0.0496464 0 -0.104429
16300 0.0448436 0 -0.0136009
16350 0.0396114 0 -0.0384122
16400 0.0217691 0 -0.0592747
16450 0.0100342 0 -0.0374779
16500 0.0087648 0 -0.0133602
16550 0.000126802 0 0.00255876
16600 -0.00747631 0 0.0219495
16650 -0.00701909 0 0.0203675
16700 -0.0139909 0 0.0217812
16750 -0.0107211 0 0.0234384
16800 -0.0124316 0 0.0279756
16850 -0.0190087 0 0.0192693
16900 -0.0177572 0 0.0254501
16950 -0.0183462 0 0.0314771
17000 -0.00778605 0 0.0232453
