200 -0.00668663 0 0.0226011
250 -0.0110056 0 0.0192831
300 -0.0130571 0 0.0230762
350 -0.0116681 0 0.0185549
400 -0.0139688 0 0.0307558
450 -0.0250694 0 0.071819
500 -0.05228 0 0.0830382
550 -0.0360219 0 0.0176338
600 -0.0163539 0 -0.00526615
650 0.0283059 0 -0.0984974
700 -0.409429 0 -0.0704299
750 -0.425884 0 -0.0230272
800 -0.557435 0 0.0823431
850 -0.698513 0 0.311521
900 -0.794371 0 0.362874
950 -0.883169 0 0.305377
1000 -0.932668 0 0.219163
1050 -0.841945 0 0.314364
1100 -0.789236 0 0.458462
1150 -0.912177 0 0.371063
1200 -0.987486 0 0.281159
1250 -1.08352 0 0.236159
1300 -1.06153 0 0.361778
1350 -1.06082 0 0.32339
1400 -1.17649 0 0.346202
1450 -1.20213 0 0.268031
1500 -1.17434 0 0.421032
1550 -1.16244 0 0.443376
1600 -1.23386 0 0.40992
1650 -1.28252 0 0.337216
1700 -1.27841 0 0.55179
1750 -1.23835 0 0.508193
1800 -1.23504 0 0.434491
1850 -1.1867 0 0.388908
1900 -1.21001 0 0.543684
1950 -1.23911 0 0.47771
2000 -1.3565 0 0.443185
2050 -1.3158 0 0.440146
2100 -1.26084 0 0.635641
2150 -1.24176 0 0.534397
2200 -1.30819 0 0.455438
2250 -1.29793 0 0.425362
2300 -1.25525 0 0.564501
2350 -1.13194 0 0.465167
2400 -1.23504 0 0.423891
2450 -1.24355 0 0.388346
2500 -1.32475 0 0.525913
2550 -1.20074 0 0.470695
2600 -1.31515 0 0.396902
2650 -1.2763 0 0.414363
2700 -1.25685 0 0.53463
2750 -1.15865 0 0.4863
2800 -1.31572 0 0.413363
2850 -1.28362 0 0.4114
2900 -1.29054 0 0.540791
2950 -1.2261 0 0.45951
3000 -1.2274 0 0.409282
3050 -1.15248 0 0.428817
3100 -1.27368 0 0.495947
3150 -1.15879 0 0.45759
3200 -1.25795 0 0.337864
3250 -1.21809 0 0.422776
3300 -1.33033 0 0.515983
3350 -1.28583 0 0.438314
3400 -1.23168 0 0.343111
3450 -1.17192 0 0.427817
3500 -1.32888 0 0.496244
3550 -1.29507 0 0.412883
3600 -1.24399 0 0.310305
3650 -1.1848 0 0.354396
3700 -1.27518 0 0.475033
3750 -1.24265 0 0.453415
3800 -1.16239 0 0.332016
3850 -1.11144 0 0.360364
3900 -1.202 0 0.514893
3950 -1.13188 0 0.447431
4000 -1.17931 0 0.362282
4050 -1.16163 0 0.42232
4100 -1.2314 0 0.551264
4150 -1.11366 0 0.440783
4200 -1.10444 0 0.328217
4250 -1.08991 0 0.406779
4300 -1.18183 0 0.550633
4350 -1.07131 0 0.47948
4400 -1.08071 0 0.398371
4450 -0.989901 0 0.422503
4500 -1.03512 0 0.510352
4550 -1.01465 0 0.447064
4600 -1.08605 0 0.297094
4650 -1.03281 0 0.29937
4700 -1.04066 0 0.53186
4750 -0.997856 0 0.42722
4800 -1.08403 0 0.316086
4850 -1.09637 0 0.293805
4900 -1.0849 0 0.431685
4950 -1.14096 0 0.431415
5000 -1.11785 0 0.415961
5050 -1.21106 0 0.308573
5100 -1.20811 0 0.4676
5150 -1.23107 0 0.459423
5200 -1.23061 0 0.400977
5250 -1.20444 0 0.343405
5300 -1.15223 0 0.446476
5350 -1.26517 0 0.455845
5400 -1.19648 0 0.430655
5450 -1.17419 0 0.317133
5500 -1.19565 0 0.420583
5550 -1.27394 0 0.485705
5600 -1.22344 0 0.375263
5650 -1.24255 0 0.230659
5700 -1.22923 0 0.390812
5750 -1.38597 0 0.501471
5800 -1.32962 0 0.441972
5850 -1.29815 0 0.286036
5900 -1.26922 0 0.430028
5950 -1.30339 0 0.498717
6000 -1.23526 0 0.430414
6050 -1.23108 0 0.30537
6100 -1.22464 0 0.374848
6150 -1.27412 0 0.459678
6200 -1.16818 0 0.385541
6250 -1.14103 0 0.28419
6300 -1.0752 0 0.377062
6350 -1.13749 0 0.535382
6400 -1.06164 0 0.447045
6450 -1.11231 0 0.398232
6500 -1.01029 0 0.384879
6550 -1.07776 0 0.48805
6600 -1.00757 0 0.435512
6650 -1.07975 0 0.349124
6700 -1.02351 0 0.325374
6750 -1.01151 0 0.471891
6800 -0.858805 0 0.37331
6850 -0.90406 0 0.300089
6900 -0.908168 0 0.193979
6950 -0.851496 0 0.371799
7000 -1.0327 0 0.460054
7050 -1.09918 0 0.405114
7100 -1.23966 0 0.28459
7150 -1.06945 0 0.404672
7200 -1.13298 0 0.56074
7250 -1.13543 0 0.44475
7300 -1.14971 0 0.380576
7350 -1.21432 0 0.382921
7400 -1.25487 0 0.482141
7450 -1.26981 0 0.416694
7500 -1.23271 0 0.317769
7550 -1.20127 0 0.390761
7600 -1.31444 0 0.520894
7650 -1.22732 0 0.426041
7700 -1.21087 0 0.331223
7750 -1.17663 0 0.394101
7800 -1.24203 0 0.550361
7850 -1.25849 0 0.448345
7900 -1.29142 0 0.359742
7950 -1.23257 0 0.374347
8000 -1.22137 0 0.516981
8050 -1.24341 0 0.510083
8100 -1.28687 0 0.42703
8150 -1.19162 0 0.383699
8200 -1.21772 0 0.526061
8250 -1.1504 0 0.458189
8300 -1.26459 0 0.372772
8350 -1.24516 0 0.351149
8400 -1.27358 0 0.523716
8450 -1.20629 0 0.4543
8500 -1.23477 0 0.397658
8550 -1.19761 0 0.382142
8600 -1.1768 0 0.5595
8650 -1.12363 0 0.430293
8700 -1.27994 0 0.355063
8750 -1.24254 0 0.317064
8800 -1.24243 0 0.48308
8850 -1.21187 0 0.435046
8900 -1.31275 0 0.309986
8950 -1.25014 0 0.331374
9000 -1.25653 0 0.501318
9050 -1.23653 0 0.431717
9100 -1.27185 0 0.248106
9150 -1.21399 0 0.284074
9200 -1.30749 0 0.479175
9250 -1.29644 0 0.437311
9300 -1.30715 0 0.386272
9350 -1.23421 0 0.355247
9400 -1.22053 0 0.548099
9450 -1.1461 0 0.45435
9500 -1.24866 0 0.372963
9550 -1.17861 0 0.350601
9600 -1.22779 0 0.537548
9650 -1.23384 0 0.462558
9700 -1.29066 0 0.367157
9750 -1.27078 0 0.34965
9800 -1.25611 0 0.532615
9850 -1.2647 0 0.466212
9900 -1.31284 0 0.398033
9950 -1.22132 0 0.421738
10000 -1.13027 0 0.602461
10050 -1.08205 0 0.487839
10100 -1.21347 0 0.425494
10150 -1.14584 0 0.34094
10200 -1.023 0 0.516757
10250 -0.842908 0 0.401923
10300 -0.881198 0 0.425054
10350 -0.952349 0 0.338361
10400 -1.00283 0 0.493975
10450 -0.908213 0 0.423755
10500 -0.922581 0 0.41006
10550 -0.948687 0 0.312965
10600 -0.947337 0 0.473951
10650 -0.985886 0 0.43188
10700 -0.9381 0 0.317831
10750 -1.12174 0 0.2017
10800 -1.11393 0 0.343728
10850 -1.00606 0 0.403789
10900 -1.02331 0 0.389201
10950 -1.12242 0 0.317544
11000 -1.14939 0 0.32538
11050 -1.17623 0 0.480704
11100 -1.15126 0 0.416677
11150 -1.15408 0 0.359341
11200 -1.18816 0 0.310413
11250 -1.21917 0 0.479955
11300 -1.18945 0 0.370123
11350 -1.26899 0 0.335658
11400 -1.25433 0 0.246522
11450 -1.21793 0 0.471767
11500 -1.13866 0 0.40032
11550 -1.2087 0 0.309291
11600 -1.25068 0 0.23736
11650 -1.24273 0 0.432354
11700 -1.23119 0 0.414557
11750 -1.23717 0 0.369258
11800 -1.28645 0 0.272786
11850 -1.24452 0 0.426029
11900 -1.26703 0 0.431062
11950 -1.22343 0 0.378998
12000 -1.2586 0 0.280528
12050 -1.17113 0 0.404896
12100 -1.28035 0 0.420665
12150 -1.26363 0 0.381787
12200 -1.2042 0 0.275326
12250 -1.16857 0 0.352181
12300 -1.24072 0 0.38616
12350 -1.11044 0 0.360296
12400 -1.19098 0 0.227341
12450 -1.15856 0 0.307683
12500 -1.20847 0 0.420643
12550 -1.06743 0 0.344679
12600 -1.09419 0 0.284807
12650 -1.05476 0 0.268976
12700 -1.02811 0 0.39455
12750 -0.69415 0 0.277922
12800 -0.57744 0 0.130925
12850 -0.209096 0 0.0327653
12900 -0.128887 0 0.182393
12950 -0.180202 0 0.182173
13000 0.0148637 0 0.0841025
13050 -0.0354602 0 0.0382085
13100 -0.0254948 0 0.0649393
13150 -0.0703911 0 0.0737506
13200 -0.0194532 0 0.0297389
13250 -0.0253503 0 0.0364315
13300 -0.0146295 0 0.0207859
13350 0.0131557 0 0.00769527
13400 0.0119585 0 0.0108744
13450 0.00181609 0 0.0276352
13500 -0.0170148 0 0.0191307
13550 -0.00251168 0 0.0262858
13600 0.00194703 0 0.0358058
13650 -0.0109622 0 0.0290232
