200 -0.00882473 0 0.024357
250 -0.0113468 0 0.038584
300 -0.0149982 0 0.027665
350 -0.0200013 0 0.0262494
400 -0.0138057 0 0.0246274
450 -0.00649856 0 0.0266237
500 -0.0193441 0 0.028425
550 -0.018133 0 0.0318747
600 -0.0184788 0 0.0292073
650 -0.0168764 0 0.0270085
700 -0.0138267 0 0.0247398
750 -0.0148807 0 0.0233723
800 -0.0125518 0 0.0215169
850 -0.00551454 0 0.0189297
900 -0.0148827 0 0.0269364
950 -0.00420734 0 0.00551722
1000 -0.189197 0 0.0153797
1050 -0.331634 0 0.0269524
1100 -0.474935 0 0.226138
1150 -0.675536 0 0.488116
1200 -0.886581 0 0.416928
1250 -1.07057 0 0.367083
1300 -0.862794 0 0.365255
1350 -0.856165 0 0.457645
1400 -0.99077 0 0.820901
1450 -1.16759 0 0.837716
1500 -1.19346 0 0.672774
1550 -1.09818 0 0.563277
1600 -0.970502 0 0.688385
1650 -1.00889 0 0.647788
1700 -1.08381 0 0.554901
1750 -1.04637 0 0.479533
1800 -1.03852 0 0.615725
1850 -1.03041 0 0.663975
1900 -1.11754 0 0.61705
1950 -1.07409 0 0.549543
2000 -1.0981 0 0.760399
2050 -1.09028 0 0.786582
2100 -1.17518 0 0.751304
2150 -1.17405 0 0.610306
2200 -1.12351 0 0.727002
2250 -0.968655 0 0.825815
2300 -1.06151 0 0.773262
2350 -1.08731 0 0.721924
2400 -1.06385 0 0.758122
2450 -0.919155 0 0.865219
2500 -1.00271 0 0.784795
2550 -1.16509 0 0.714426
2600 -1.14303 0 0.680542
2650 -0.975686 0 0.823575
2700 -1.03991 0 0.828671
2750 -1.16177 0 0.742072
2800 -1.18491 0 0.683172
2850 -0.942399 0 0.820678
2900 -1.00008 0 0.789662
2950 -1.09972 0 0.772343
3000 -1.13603 0 0.685049
3050 -0.919226 0 0.803429
3100 -0.946927 0 0.792786
3150 -1.14075 0 0.751177
3200 -1.19516 0 0.62862
3250 -1.09922 0 0.76253
3300 -1.10669 0 0.653667
3350 -1.15503 0 0.690679
3400 -1.11323 0 0.56891
3450 -0.904475 0 0.722637
3500 -0.963626 0 0.714294
3550 -1.10742 0 0.691462
3600 -1.1746 0 0.620686
3650 -1.07347 0 0.772666
3700 -1.00633 0 0.786772
3750 -1.11415 0 0.737144
3800 -1.08808 0 0.65364
3850 -1.07778 0 0.710118
3900 -1.05201 0 0.714818
3950 -1.15081 0 0.655992
4000 -1.21456 0 0.540781
4050 -1.18052 0 0.666098
4100 -1.11143 0 0.767331
4150 -1.17949 0 0.74214
4200 -1.18088 0 0.62684
4250 -1.06159 0 0.663601
4300 -0.84453 0 0.828259
4350 -0.851466 0 0.81193
4400 -1.03922 0 0.752528
4450 -1.05638 0 0.697523
4500 -0.794927 0 0.830073
4550 -0.77188 0 0.812836
4600 -0.931548 0 0.754149
4650 -0.876519 0 0.718806
4700 -0.670863 0 0.79368
4750 -0.764974 0 0.703429
4800 -0.941328 0 0.734592
4850 -0.864661 0 0.610246
4900 -0.72789 0 0.768643
4950 -0.841354 0 0.693027
5000 -0.995771 0 0.636352
5050 -1.02528 0 0.556623
5100 -0.949171 0 0.715349
5150 -0.796796 0 0.758894
5200 -0.987007 0 0.661448
5250 -1.06249 0 0.570652
5300 -1.04228 0 0.600102
5350 -0.926048 0 0.707497
5400 -1.03739 0 0.677863
5450 -1.12458 0 0.647231
5500 -1.08347 0 0.615957
5550 -0.923811 0 0.696223
5600 -1.0188 0 0.616483
5650 -1.08213 0 0.601271
5700 -1.09737 0 0.554466
5750 -0.96275 0 0.719267
5800 -1.04887 0 0.589105
5850 -1.11362 0 0.63555
5900 -1.0795 0 0.546762
5950 -0.94345 0 0.728433
6000 -1.02168 0 0.684096
6050 -1.11111 0 0.645068
6100 -1.19012 0 0.558392
6150 -1.09893 0 0.72263
6200 -1.00257 0 0.667118
6250 -1.10762 0 0.64602
6300 -1.19279 0 0.565576
6350 -1.11833 0 0.700518
6400 -0.937586 0 0.75783
6450 -1.00269 0 0.692241
6500 -1.134 0 0.603391
6550 -1.14707 0 0.615416
6600 -1.01896 0 0.653025
6650 -1.04806 0 0.600611
6700 -1.09564 0 0.614824
6750 -1.02756 0 0.641753
6800 -1.06036 0 0.67671
6850 -0.984939 0 0.660019
6900 -0.973669 0 0.612261
6950 -0.893987 0 0.605279
7000 -0.752207 0 0.752593
7050 -0.851142 0 0.69319
7100 -0.908156 0 0.693145
7150 -0.797971 0 0.615903
7200 -0.813586 0 0.791057
7250 -0.878343 0 0.804928
7300 -1.03623 0 0.722172
7350 -1.01642 0 0.584287
7400 -0.942675 0 0.795823
7450 -0.948827 0 0.889652
7500 -1.05603 0 0.769338
7550 -1.10401 0 0.659593
7600 -1.14323 0 0.724984
7650 -0.862051 0 0.951881
7700 -1.0035 0 0.903546
7750 -1.23114 0 0.585118
7800 -1.19504 0 0.57949
7850 -1.06086 0 0.650779
7900 -1.13427 0 0.677439
7950 -1.19117 0 0.632981
8000 -1.12701 0 0.671261
8050 -1.01075 0 0.776108
8100 -1.09407 0 0.710011
8150 -1.18677 0 0.697615
8200 -1.15262 0 0.633454
8250 -1.03547 0 0.749175
8300 -1.06198 0 0.739702
8350 -1.1526 0 0.673432
8400 -1.17608 0 0.603232
8450 -0.98941 0 0.752999
8500 -0.96762 0 0.770717
8550 -1.16571 0 0.77088
8600 -1.16109 0 0.620094
8650 -1.06566 0 0.787227
8700 -1.0018 0 0.761714
8750 -1.06826 0 0.701027
8800 -1.08233 0 0.636049
8850 -0.972907 0 0.746182
8900 -0.896092 0 0.844466
8950 -1.04829 0 0.782141
9000 -1.00091 0 0.670949
9050 -0.960012 0 0.708544
9100 -0.951356 0 0.731984
9150 -1.04378 0 0.652811
9200 -1.04526 0 0.592122
9250 -1.04088 0 0.635724
9300 -0.955165 0 0.826422
9350 -1.0448 0 0.804425
9400 -1.09577 0 0.73935
9450 -1.03415 0 0.604633
9500 -1.07453 0 0.728192
9550 -1.0354 0 0.764305
9600 -1.14395 0 0.723437
9650 -1.12933 0 0.585278
9700 -1.04718 0 0.714812
9750 -1.08028 0 0.695326
9800 -1.12612 0 0.684633
9850 -1.06582 0 0.629136
9900 -0.980577 0 0.801526
9950 -0.84945 0 0.850393
10000 -0.927745 0 0.776365
10050 -0.976854 0 0.652218
10100 -0.952286 0 0.668227
10150 -0.915567 0 0.708774
10200 -0.972299 0 0.667373
10250 -1.10642 0 0.617325
10300 -1.1003 0 0.57421
10350 -1.14474 0 0.637481
10400 -1.09344 0 0.634544
10450 -1.17882 0 0.583159
10500 -1.14776 0 0.56033
10550 -1.13242 0 0.660161
10600 -1.14787 0 0.59244
10650 -1.19154 0 0.553295
10700 -1.22337 0 0.447422
10750 -1.13516 0 0.587397
10800 -1.08794 0 0.465533
10850 -1.07055 0 0.405433
10900 -1.19199 0 0.343073
10950 -1.10178 0 0.570175
11000 -1.04528 0 0.618745
11050 -1.11539 0 0.578015
11100 -1.18144 0 0.520233
11150 -1.08113 0 0.640615
11200 -0.977232 0 0.690165
11250 -1.00964 0 0.610752
11300 -1.0152 0 0.622697
11350 -0.952135 0 0.731312
11400 -0.791702 0 0.941974
11450 -0.860612 0 0.870106
11500 -0.922744 0 0.733735
11550 -0.931406 0 0.689214
11600 -0.830913 0 0.813205
11650 -0.954125 0 0.759905
11700 -1.0502 0 0.70537
11750 -1.04381 0 0.567179
11800 -0.861244 0 0.753933
11850 -0.898688 0 0.745595
11900 -1.05544 0 0.669427
11950 -1.06673 0 0.604293
12000 -0.979545 0 0.731424
12050 -0.928461 0 0.784006
12100 -1.02049 0 0.744726
12150 -1.11807 0 0.586328
12200 -1.0876 0 0.661366
12250 -0.926914 0 0.758056
12300 -0.977458 0 0.724182
12350 -1.1615 0 0.623479
12400 -1.14643 0 0.622472
12450 -0.993313 0 0.658124
12500 -1.05875 0 0.652659
12550 -1.06586 0 0.607229
12600 -1.06397 0 0.593681
12650 -0.948974 0 0.707062
12700 -1.01019 0 0.629313
12750 -1.03368 0 0.630125
12800 -1.05719 0 0.560984
12850 -0.919235 0 0.711578
12900 -0.970521 0 0.738193
12950 -1.06116 0 0.715275
13000 -1.0288 0 0.612942
13050 -0.90198 0 0.768879
13100 -0.901979 0 0.796092
13150 -1.01698 0 0.72473
13200 -1.00443 0 0.619658
13250 -0.937171 0 0.676484
13300 -0.86042 0 0.737761
13350 -0.896351 0 0.683024
13400 -0.951684 0 0.624004
13450 -0.877188 0 0.62534
13500 -0.9034 0 0.699465
13550 -0.952161 0 0.622795
13600 -0.992364 0 0.63098
13650 -0.922623 0 0.606068
13700 -0.732468 0 0.81518
13750 -0.811327 0 0.74025
13800 -1.04701 0 0.721036
13850 -1.01986 0 0.574561
13900 -1.06037 0 0.600061
13950 -1.11795 0 0.50571
14000 -1.09861 0 0.505171
14050 -1.11921 0 0.525605
14100 -1.01691 0 0.69438
14150 -0.942872 0 0.808218
14200 -1.05577 0 0.75428
14250 -1.19597 0 0.632139
14300 -1.17136 0 0.605313
14350 -0.918355 0 0.699832
14400 -0.937642 0 0.64515
14450 -1.01738 0 0.667565
14500 -1.0509 0 0.578439
14550 -1.1001 0 0.737745
14600 -1.07547 0 0.597519
14650 -1.10033 0 0.563343
14700 -1.1852 0 0.478214
14750 -1.07037 0 0.639568
14800 -1.04224 0 0.750281
14850 -1.11176 0 0.644847
14900 -1.02087 0 0.536354
14950 -0.955806 0 0.61507
15000 -0.927703 0 0.711061
15050 -0.964748 0 0.670372
15100 -1.06409 0 0.563002
15150 -1.02805 0 0.549175
15200 -0.856387 0 0.758129
15250 -0.983751 0 0.748488
15300 -1.05297 0 0.702471
15350 -1.03567 0 0.604873
15400 -0.895037 0 0.796446
15450 -0.930408 0 0.753778
15500 -1.05938 0 0.656999
15550 -1.01186 0 0.579025
15600 -0.875764 0 0.803954
15650 -0.884221 0 0.799441
15700 -1.06954 0 0.681954
15750 -1.07827 0 0.584525
15800 -1.04595 0 0.659915
15850 -0.985323 0 0.664675
15900 -1.01877 0 0.606113
15950 -1.08898 0 0.528088
16000 -1.01341 0 0.513397
16050 -1.04939 0 0.600234
16100 -1.02972 0 0.609871
16150 -0.997204 0 0.548143
16200 -1.03087 0 0.558158
16250 -0.818264 0 0.765299
16300 -0.856914 0 0.680238
16350 -0.984434 0 0.620734
16400 -1.04014 0 0.507165
16450 -0.928332 0 0.667251
16500 -0.855748 0 0.763389
16550 -0.93504 0 0.671001
16600 -0.92096 0 0.546073
16650 -0.820539 0 0.658022
16700 -0.770445 0 0.811285
16750 -0.820164 0 0.727017
16800 -0.824727 0 0.645474
16850 -0.744661 0 0.614149
16900 -0.556547 0 0.733048
16950 -0.652083 0 0.628777
17000 -0.860744 0 0.625265
17050 -0.716802 0 0.569371
17100 -0.478223 0 0.666885
17150 -0.541567 0 0.696331
17200 -0.630706 0 0.624853
17250 -0.689032 0 0.614678
17300 -0.589528 0 0.656992
17350 -0.589909 0 0.745775
17400 -0.783669 0 0.574919
17450 -0.828948 0 0.537584
17500 -0.73375 0 0.450949
17550 -0.561048 0 0.60488
17600 -0.789541 0 0.63218
17650 -0.975076 0 0.567085
17700 -0.995552 0 0.460341
17750 -0.879299 0 0.639782
17800 -0.863366 0 0.702274
17850 -0.987027 0 0.644995
17900 -1.03275 0 0.596929
17950 -0.948914 0 0.649431
18000 -0.798779 0 0.815517
18050 -0.902369 0 0.758769
18100 -0.978616 0 0.677376
18150 -0.962708 0 0.641542
18200 -0.823481 0 0.733605
18250 -0.955722 0 0.703416
18300 -1.08077 0 0.651669
18350 -1.09858 0 0.499715
18400 -0.996061 0 0.612737
18450 -0.994922 0 0.590183
18500 -1.05134 0 0.525012
18550 -1.06308 0 0.470891
18600 -0.991899 0 0.601935
18650 -0.944231 0 0.671798
18700 -1.02444 0 0.622674
18750 -1.08203 0 0.536308
18800 -1.05173 0 0.59752
18850 -0.9509 0 0.679045
18900 -0.961791 0 0.615013
18950 -0.984284 0 0.616897
19000 -1.01943 0 0.641776
19050 -0.847461 0 0.775601
19100 -0.909828 0 0.781614
19150 -0.988755 0 0.7324
19200 -0.998735 0 0.614018
19250 -1.00968 0 0.741722
19300 -0.965991 0 0.684275
19350 -0.989583 0 0.658772
19400 -1.0474 0 0.525997
19450 -0.986338 0 0.645115
19500 -0.959673 0 0.675897
19550 -1.06712 0 0.615894
19600 -1.06828 0 0.529632
19650 -1.05058 0 0.679981
19700 -0.980654 0 0.662098
19750 -1.05917 0 0.559441
19800 -1.04218 0 0.513012
19850 -1.03148 0 0.570703
19900 -0.974601 0 0.6325
19950 -0.989086 0 0.576749
20000 -1.01104 0 0.543916
20050 -0.982813 0 0.541349
20100 -0.94295 0 0.656402
20150 -0.994408 0 0.619214
20200 -1.0741 0 0.614271
20250 -1.15677 0 0.557187
20300 -1.02263 0 0.710951
20350 -1.00123 0 0.671907
20400 -1.15333 0 0.652843
20450 -1.15991 0 0.477012
20500 -1.04895 0 0.56654
20550 -1.06174 0 0.568206
20600 -1.12266 0 0.498882
20650 -1.15224 0 0.477642
20700 -1.15272 0 0.593828
20750 -1.06474 0 0.743078
20800 -1.15988 0 0.672059
20850 -1.08775 0 0.573628
20900 -1.0487 0 0.622855
20950 -0.949592 0 0.723533
21000 -1.01779 0 0.70458
21050 -1.10843 0 0.609024
21100 -1.1093 0 0.548178
21150 -0.87707 0 0.686007
21200 -0.955184 0 0.68548
21250 -1.0449 0 0.651805
21300 -1.06367 0 0.600085
21350 -0.865619 0 0.724494
21400 -0.92803 0 0.654626
21450 -1.00095 0 0.626854
21500 -1.03126 0 0.49446
21550 -1.01234 0 0.594115
21600 -1.02034 0 0.668124
21650 -1.08814 0 0.611642
21700 -1.09873 0 0.533498
21750 -1.12445 0 0.560687
21800 -0.974765 0 0.657422
21850 -1.00704 0 0.623743
21900 -1.15822 0 0.641374
21950 -1.14203 0 0.620704
22000 -0.979646 0 0.68534
22050 -1.04489 0 0.684668
22100 -1.09207 0 0.646868
22150 -1.16419 0 0.537193
22200 -0.972592 0 0.696644
22250 -0.968687 0 0.646365
22300 -1.06224 0 0.639141
22350 -1.02866 0 0.534887
22400 -0.959217 0 0.694401
22450 -1.00623 0 0.654227
22500 -1.11052 0 0.556982
22550 -1.10466 0 0.470326
22600 -1.13829 0 0.586355
22650 -1.10399 0 0.648611
22700 -1.13116 0 0.631452
22750 -1.19586 0 0.561958
22800 -1.16121 0 0.645714
22850 -1.00373 0 0.705049
22900 -1.08846 0 0.663185
22950 -1.09702 0 0.584238
23000 -1.06545 0 0.615838
23050 -0.978191 0 0.672146
23100 -1.01656 0 0.595848
23150 -1.08973 0 0.561325
23200 -1.06065 0 0.577918
23250 -0.929888 0 0.668739
23300 -1.01522 0 0.660226
23350 -1.02069 0 0.660037
23400 -1.0578 0 0.592678
23450 -0.919386 0 0.729223
23500 -0.99705 0 0.670813
23550 -1.07552 0 0.617481
23600 -0.967444 0 0.467101
23650 -0.908577 0 0.616014
23700 -0.927141 0 0.70228
23750 -1.07519 0 0.642385
23800 -1.07745 0 0.524279
23850 -0.959725 0 0.68399
23900 -0.919162 0 0.704633
23950 -1.01755 0 0.655921
24000 -1.07704 0 0.571564
24050 -1.06394 0 0.589261
24100 -1.01867 0 0.678725
24150 -1.0617 0 0.604667
24200 -1.08335 0 0.535644
24250 -1.05538 0 0.559286
24300 -1.0183 0 0.701978
24350 -1.08551 0 0.704087
24400 -1.06206 0 0.636175
24450 -1.00761 0 0.575549
24500 -0.939767 0 0.748455
24550 -0.985563 0 0.678713
24600 -1.06052 0 0.656577
24650 -1.04003 0 0.490252
24700 -0.935004 0 0.623594
24750 -0.963153 0 0.580009
24800 -1.0356 0 0.538864
24850 -1.05291 0 0.456133
24900 -0.995401 0 0.58637
24950 -0.906176 0 0.649683
25000 -0.965055 0 0.605134
25050 -1.03366 0 0.534919
25100 -1.00239 0 0.525687
25150 -0.855162 0 0.637657
25200 -0.910814 0 0.578414
25250 -0.936176 0 0.592669
25300 -0.861072 0 0.580239
25350 -0.570133 0 0.754208
25400 -0.776715 0 0.625708
25450 -0.914816 0 0.553852
25500 -0.839611 0 0.48726
25550 -0.733986 0 0.593741
25600 -0.782346 0 0.7235
25650 -0.792987 0 0.6669
25700 -0.83966 0 0.556557
25750 -0.751904 0 0.492773
25800 -0.443573 0 0.792624
25850 -0.550151 0 0.544017
25900 -0.720022 0 0.364275
25950 -0.653616 0 0.309689
26000 -0.451836 0 0.36277
26050 -0.252181 0 0.256142
26100 -0.0103818 0 0.155536
26150 0.0832056 0 -0.259541
26200 0.0236924 0 -0.0535374
26250 0.050827 0 0.0207893
26300 0.0166904 0 0.0688342
26350 0.00820485 0 0.0573237
26400 -0.0148282 0 0.0573654
26450 -0.0151954 0 0.0376191
26500 -0.0103845 0 0.0286086
26550 -0.00681014 0 0.0216548
26600 -0.00803776 0 0.0150108
26650 -0.011836 0 0.0262685
26700 -0.0132902 0 0.0252539
26750 -0.0124167 0 0.0281479
26800 -0.00715083 0 0.0174722
26850 -0.0110467 0 0.0167549
26900 -0.00998964 0 0.0189663
26950 -0.00783148 0 0.017393
27000 -0.0108734 0 0.022679
27050 -0.0106942 0 0.0234379
27100 -0.00921635 0 0.0243556
27150 -0.0169755 0 0.0307875
