200 -0.0947971 0 -0.995497
250 -0.044156 0 -0.999025
300 -0.0282071 0 -0.999602
350 0.0404425 0 -0.999182
400 0.0501543 0 -0.998741
450 -0.0635636 0 -0.997978
500 -0.0961492 0 -0.995367
550 -0.1299 0 -0.991527
600 -0.18891 0 -0.981994
650 -0.111139 0 -0.993805
700 -0.0877646 0 -0.996141
750 -0.370389 0 -0.928877
800 -0.434866 0 -0.900495
850 -0.646666 0 -0.762773
900 -0.750034 0 0.661399
950 -0.692841 0 0.721091
1000 -0.848338 0 0.529455
1050 -0.930114 0 0.367272
1100 -0.968911 0 0.247411
1150 -0.944993 0 0.32709
1200 -0.824877 0 0.565312
1250 -0.781743 0 0.623601
1300 -0.882205 0 0.470866
1350 -0.920306 0 0.391199
1400 -0.935794 0 0.352547
1450 -0.902763 0 0.430139
1500 -0.777291 0 0.629141
1550 -0.842502 0 0.538693
1600 -0.93512 0 0.35433
1650 -0.975698 0 0.21912
1700 -0.97895 0 0.204102
1750 -0.893146 0 0.449766
1800 -0.751931 0 0.659242
1850 -0.845284 0 0.534317
1900 -0.931031 0 0.36494
1950 -0.95816 0 0.286233
2000 -0.913635 0 0.406535
2050 -0.841198 0 0.540727
2100 -0.839657 0 0.543117
2150 -0.913576 0 0.406669
2200 -0.947607 0 0.319439
2250 -0.948886 0 0.31562
2300 -0.886088 0 0.463518
2350 -0.865017 0 0.501742
2400 -0.893147 0 0.449765
2450 -0.91628 0 0.400539
2500 -0.937047 0 0.349204
2550 -0.896111 0 0.443831
2600 -0.868652 0 0.495423
2650 -0.891663 0 0.4527
2700 -0.909139 0 0.416492
2750 -0.898057 0 0.439879
2800 -0.879805 0 0.475335
2850 -0.888704 0 0.458482
2900 -0.92934 0 0.369226
2950 -0.885014 0 0.465564
3000 -0.882515 0 0.470285
3050 -0.907721 0 0.419574
3100 -0.924837 0 0.380364
3150 -0.874332 0 0.485329
3200 -0.894701 0 0.446666
3250 -0.902482 0 0.430728
3300 -0.931873 0 0.362785
3350 -0.904821 0 0.425792
3400 -0.898593 0 0.438782
3450 -0.922527 0 0.385933
3500 -0.923395 0 0.383852
3550 -0.901552 0 0.432672
3600 -0.89421 0 0.447647
3650 -0.914669 0 0.404203
3700 -0.90601 0 0.423256
3750 -0.886329 0 0.463056
3800 -0.905734 0 0.423847
3850 -0.911091 0 0.412206
3900 -0.873946 0 0.486023
3950 -0.873034 0 0.48766
4000 -0.894504 0 0.44706
4050 -0.904656 0 0.426143
4100 -0.866469 0 0.499231
4150 -0.878339 0 0.478037
4200 -0.894925 0 0.446216
4250 -0.912536 0 0.408995
4300 -0.82137 0 0.570396
4350 -0.825292 0 0.564706
4400 -0.85739 0 0.514667
4450 -0.901219 0 0.433363
4500 -0.827304 0 0.561754
4550 -0.755888 0 0.654701
4600 -0.836032 0 0.548681
4650 -0.899075 0 0.437794
4700 -0.886724 0 0.462299
4750 -0.801133 0 0.598487
4800 -0.805891 0 0.592064
4850 -0.922244 0 0.386609
4900 -0.943193 0 0.332244
4950 -0.861625 0 0.507546
5000 -0.812639 0 0.582767
5050 -0.842211 0 0.539148
5100 -0.914495 0 0.404597
5150 -0.957562 0 0.288226
5200 -0.87009 0 0.492893
5250 -0.796891 0 0.604123
5300 -0.851761 0 0.52393
5350 -0.899573 0 0.436771
5400 -0.934743 0 0.355325
5450 -0.893652 0 0.448761
5500 -0.836008 0 0.548718
5550 -0.855657 0 0.517543
5600 -0.932939 0 0.360035
5650 -0.945313 0 0.326165
5700 -0.83599 0 0.548745
5750 -0.788218 0 0.615396
5800 -0.835016 0 0.550225
5850 -0.902596 0 0.430488
5900 -0.950809 0 0.309777
5950 -0.889263 0 0.457397
6000 -0.790311 0 0.612705
6050 -0.829249 0 0.558879
6100 -0.934976 0 0.35471
6150 -0.973933 0 0.226837
6200 -0.947604 0 0.319447
6250 -0.837081 0 0.547079
6300 -0.805195 0 0.59301
6350 -0.899747 0 0.436411
6400 -0.955441 0 0.295182
6450 -0.969177 0 0.246367
6500 -0.865262 0 0.501319
6550 -0.767021 0 0.641622
6600 -0.820066 0 0.572269
6650 -0.920751 0 0.39015
6700 -0.967267 0 0.253761
6750 -0.952498 0 0.304545
6800 -0.862489 0 0.506076
6850 -0.871851 0 0.489771
6900 -0.900291 0 0.435289
6950 -0.935174 0 0.354188
7000 -0.933166 0 0.359446
7050 -0.885521 0 0.464599
7100 -0.85947 0 0.511186
7150 -0.905363 0 0.424638
7200 -0.937168 0 0.348879
7250 -0.896278 0 0.443493
7300 -0.881462 0 0.472255
7350 -0.894331 0 0.447406
7400 -0.924888 0 0.380239
7450 -0.887744 0 0.460338
7500 -0.89033 0 0.455316
7550 -0.890587 0 0.454812
7600 -0.918836 0 0.39464
7650 -0.881869 0 0.471495
7700 -0.898793 0 0.438374
7750 -0.918822 0 0.394673
7800 -0.935194 0 0.354136
7850 -0.897313 0 0.441394
7900 -0.893408 0 0.449246
7950 -0.939214 0 0.343333
8000 -0.94122 0 0.337794
8050 -0.874208 0 0.485551
8100 -0.878546 0 0.477657
8150 -0.925202 0 0.379476
8200 -0.927805 0 0.373066
8250 -0.899593 0 0.436729
8300 -0.898669 0 0.438626
8350 -0.908666 0 0.417524
8400 -0.876441 0 0.481509
8450 -0.787047 0 0.616894
8500 -0.798364 0 0.602175
8550 -0.847109 0 0.53142
8600 -0.810735 0 0.585413
8650 -0.686654 0 0.726984
8700 -0.648411 0 0.76129
8750 -0.818296 0 0.574797
8800 -0.918089 0 0.396375
8850 -0.837821 0 0.545945
8900 -0.816297 0 0.577632
8950 -0.859315 0 0.511446
9000 -0.93194 0 0.362612
9050 -0.966077 0 0.258253
9100 -0.874238 0 0.485498
9150 -0.854683 0 0.519149
9200 -0.90236 0 0.430983
9250 -0.94284 0 0.333245
9300 -0.967457 0 0.253037
9350 -0.912775 0 0.408462
9400 -0.839324 0 0.543632
9450 -0.872428 0 0.488743
9500 -0.91511 0 0.403203
9550 -0.964498 0 0.264089
9600 -0.909714 0 0.415234
9650 -0.846306 0 0.532697
9700 -0.845859 0 0.533406
9750 -0.910275 0 0.414004
9800 -0.963592 0 0.267377
9850 -0.96972 0 0.24422
9900 -0.924003 0 0.382385
9950 -0.874576 0 0.484889
10000 -0.935082 0 0.354431
10050 -0.957794 0 0.287457
10100 -0.963545 0 0.267548
10150 -0.973584 0 0.228328
10200 -0.940535 0 0.339697
10250 -0.899526 0 0.436866
10300 -0.900347 0 0.435172
10350 -0.96172 0 0.274035
10400 -0.966822 0 0.255452
10450 -0.950933 0 0.309397
10500 -0.897299 0 0.441423
10550 -0.918995 0 0.394268
10600 -0.978165 0 0.207831
10650 -0.998213 0 0.0597561
10700 -0.996772 0 0.0802783
10750 -0.933931 0 0.357454
10800 -0.818177 0 0.574966
10850 -0.870915 0 0.491434
10900 -0.938312 0 0.345791
10950 -0.96742 0 0.253176
11000 -0.956531 0 0.291632
11050 -0.819702 0 0.572791
11100 -0.849877 0 0.52698
11150 -0.926411 0 0.376514
11200 -0.936694 0 0.350149
11250 -0.927106 0 0.374799
11300 -0.779564 0 0.626322
11350 -0.774756 0 0.63226
11400 -0.876975 0 0.480536
11450 -0.950482 0 0.31078
11500 -0.9792 0 0.202898
11550 -0.953103 0 0.302646
11600 -0.86194 0 0.50701
11650 -0.888014 0 0.459816
11700 -0.914358 0 0.404906
11750 -0.96235 0 0.271815
11800 -0.96558 0 0.260108
11850 -0.870134 0 0.492815
11900 -0.871918 0 0.489651
11950 -0.93588 0 0.352318
12000 -0.963929 0 0.266159
12050 -0.953205 0 0.302326
12100 -0.899475 0 0.436972
12150 -0.895441 0 0.445181
12200 -0.934378 0 0.356283
12250 -0.928472 0 0.371402
12300 -0.91765 0 0.397389
12350 -0.913665 0 0.406468
12400 -0.948333 0 0.317277
12450 -0.929591 0 0.368594
12500 -0.915335 0 0.402694
12550 -0.914863 0 0.403765
12600 -0.946486 0 0.322744
12650 -0.914613 0 0.404329
12700 -0.918058 0 0.396447
12750 -0.921794 0 0.38768
12800 -0.941558 0 0.336852
12850 -0.910138 0 0.414304
12900 -0.9156 0 0.40209
12950 -0.929654 0 0.368434
13000 -0.944794 0 0.327666
13050 -0.916756 0 0.399448
13100 -0.909919 0 0.414787
13150 -0.936409 0 0.350912
13200 -0.934235 0 0.356659
13250 -0.907783 0 0.41944
13300 -0.908621 0 0.417622
13350 -0.935408 0 0.35357
13400 -0.903942 0 0.427656
13450 -0.904124 0 0.427271
13500 -0.910493 0 0.413526
13550 -0.933846 0 0.357675
13600 -0.893045 0 0.449968
13650 -0.89816 0 0.439669
13700 -0.912336 0 0.409442
13750 -0.938365 0 0.345646
13800 -0.91241 0 0.409277
13850 -0.913449 0 0.406954
13900 -0.932646 0 0.360794
13950 -0.932575 0 0.360976
14000 -0.901366 0 0.433059
14050 -0.907263 0 0.420563
14100 -0.916616 0 0.399768
14150 -0.912405 0 0.409288
14200 -0.881549 0 0.472092
14250 -0.899489 0 0.436944
14300 -0.938908 0 0.344169
14350 -0.913669 0 0.406459
14400 -0.884485 0 0.466569
14450 -0.898907 0 0.43814
14500 -0.921391 0 0.388638
14550 -0.913488 0 0.406866
14600 -0.858894 0 0.512154
14650 -0.898323 0 0.439336
14700 -0.935363 0 0.35369
14750 -0.923148 0 0.384446
14800 -0.858209 0 0.5133
14850 -0.831931 0 0.554879
14900 -0.882459 0 0.47039
14950 -0.921477 0 0.388432
15000 -0.882861 0 0.469634
15050 -0.827612 0 0.5613
15100 -0.850369 0 0.526188
15150 -0.923283 0 0.38412
15200 -0.95321 0 0.30231
15250 -0.87207 0 0.489381
15300 -0.841156 0 0.540792
15350 -0.861518 0 0.507727
15400 -0.931428 0 0.363926
15450 -0.952413 0 0.30481
15500 -0.929295 0 0.369339
15550 -0.834412 0 0.551141
15600 -0.841571 0 0.540146
15650 -0.921457 0 0.38848
15700 -0.960861 0 0.277031
15750 -0.983894 0 0.178755
15800 -0.934436 0 0.356132
15850 -0.85644 0 0.516247
15900 -0.850498 0 0.525979
15950 -0.947475 0 0.319831
16000 -0.981625 0 0.190818
16050 -0.970965 0 0.23922
16100 -0.915423 0 0.402492
16150 -0.839072 0 0.544021
16200 -0.873472 0 0.486875
16250 -0.935215 0 0.35408
16300 -0.950183 0 0.311692
16350 -0.908199 0 0.418539
16400 -0.816405 0 0.57748
16450 -0.822214 0 0.569179
16500 -0.917963 0 0.396665
16550 -0.944899 0 0.327363
16600 -0.93558 0 0.353115
16650 -0.839024 0 0.544094
16700 -0.85467 0 0.519172
16750 -0.899638 0 0.436636
16800 -0.92415 0 0.382029
16850 -0.929276 0 0.369387
16900 -0.844172 0 0.536073
16950 -0.795294 0 0.606225
17000 -0.888515 0 0.458847
17050 -0.948054 0 0.318108
17100 -0.957898 0 0.287108
17150 -0.851261 0 0.524743
17200 -0.821691 0 0.569934
17250 -0.821671 0 0.569963
17300 -0.90831 0 0.418297
17350 -0.962204 0 0.272331
17400 -0.956969 0 0.290189
17450 -0.752324 0 0.658794
17500 -0.760202 0 0.649687
17550 -0.887378 0 0.461043
17600 -0.937924 0 0.34684
17650 -0.970546 0 0.240917
17700 -0.939867 0 0.341541
17750 -0.798421 0 0.6021
17800 -0.80361 0 0.595156
17850 -0.893412 0 0.449239
17900 -0.939183 0 0.343416
17950 -0.957073 0 0.289848
18000 -0.916932 0 0.399044
18050 -0.746316 0 0.665592
18100 -0.751749 0 0.659449
18150 -0.865982 0 0.500075
18200 -0.921249 0 0.388974
18250 -0.983627 0 0.180215
18300 -0.982126 0 0.188226
18350 -0.903768 0 0.428023
18400 -0.844106 0 0.536177
18450 -0.899414 0 0.437097
18500 -0.939137 0 0.343542
18550 -0.97434 0 0.225083
18600 -0.952955 0 0.30311
18650 -0.801888 0 0.597475
18700 -0.870318 0 0.49249
18750 -0.906573 0 0.422049
18800 -0.9327 0 0.360653
18850 -0.92351 0 0.383575
18900 -0.842229 0 0.53912
18950 -0.865866 0 0.500275
19000 -0.901869 0 0.432009
19050 -0.922006 0 0.387174
19100 -0.888491 0 0.458894
19150 -0.832322 0 0.554292
19200 -0.881952 0 0.47134
19250 -0.929535 0 0.368734
19300 -0.905689 0 0.423943
19350 -0.894059 0 0.44795
19400 -0.919416 0 0.393286
19450 -0.93383 0 0.357717
19500 -0.888154 0 0.459546
19550 -0.888501 0 0.458875
19600 -0.912793 0 0.408423
19650 -0.929306 0 0.36931
19700 -0.862181 0 0.5066
19750 -0.87398 0 0.485963
19800 -0.900197 0 0.435482
19850 -0.919655 0 0.392727
19900 -0.87891 0 0.476988
19950 -0.877503 0 0.479571
20000 -0.904302 0 0.426893
20050 -0.909005 0 0.416785
20100 -0.826589 0 0.562806
20150 -0.849941 0 0.526878
20200 -0.897303 0 0.441415
20250 -0.914077 0 0.405541
20300 -0.902261 0 0.431191
20350 -0.902903 0 0.429845
20400 -0.9305 0 0.366292
20450 -0.91476 0 0.403998
20500 -0.889194 0 0.457531
20550 -0.911779 0 0.410681
20600 -0.92621 0 0.377008
20650 -0.900582 0 0.434686
20700 -0.860772 0 0.508991
20750 -0.877811 0 0.479008
20800 -0.90777 0 0.419468
20850 -0.907454 0 0.420151
20900 -0.861461 0 0.507824
20950 -0.877191 0 0.480142
21000 -0.922721 0 0.385469
21050 -0.929667 0 0.3684
21100 -0.904618 0 0.426222
21150 -0.923609 0 0.383336
21200 -0.946833 0 0.321725
21250 -0.945554 0 0.325466
21300 -0.945884 0 0.324506
21350 -0.957011 0 0.29005
21400 -0.963502 0 0.267702
21450 -0.958602 0 0.28475
21500 -0.912613 0 0.408824
21550 -0.90018 0 0.435518
21600 -0.927506 0 0.373808
21650 -0.929385 0 0.369111
21700 -0.872078 0 0.489367
21750 -0.887746 0 0.460334
21800 -0.917948 0 0.396701
21850 -0.911392 0 0.411539
21900 -0.887418 0 0.460966
21950 -0.901246 0 0.433308
22000 -0.922954 0 0.38491
22050 -0.918445 0 0.39555
22100 -0.885898 0 0.46388
22150 -0.904245 0 0.427015
22200 -0.927362 0 0.374166
22250 -0.910296 0 0.413958
22300 -0.893572 0 0.448921
22350 -0.908231 0 0.41847
22400 -0.930064 0 0.367398
22450 -0.910166 0 0.414243
22500 -0.89688 0 0.442275
22550 -0.897965 0 0.440068
22600 -0.946197 0 0.323592
22650 -0.905082 0 0.425236
22700 -0.897041 0 0.441947
22750 -0.9039 0 0.427743
22800 -0.937934 0 0.346813
22850 -0.890806 0 0.454385
22900 -0.90077 0 0.434296
22950 -0.907761 0 0.419488
23000 -0.935804 0 0.35252
23050 -0.898432 0 0.439113
23100 -0.817005 0 0.57663
23150 -0.898673 0 0.438618
23200 -0.932767 0 0.360481
23250 -0.948277 0 0.317444
23300 -0.86597 0 0.500095
23350 -0.867926 0 0.496694
23400 -0.909461 0 0.41579
23450 -0.954299 0 0.298852
23500 -0.920072 0 0.391749
23550 -0.831537 0 0.555469
23600 -0.899458 0 0.437008
23650 -0.935926 0 0.352196
23700 -0.948836 0 0.315769
23750 -0.875132 0 0.483885
23800 -0.877669 0 0.479267
23850 -0.928461 0 0.37143
23900 -0.956974 0 0.290175
23950 -0.961073 0 0.276294
24000 -0.891545 0 0.452932
24050 -0.868714 0 0.495315
24100 -0.923601 0 0.383355
24150 -0.959351 0 0.282216
24200 -0.933889 0 0.357562
24250 -0.923293 0 0.384097
24300 -0.86991 0 0.49321
24350 -0.942823 0 0.333294
24400 -0.969345 0 0.245706
24450 -0.954416 0 0.298479
24500 -0.910265 0 0.414026
24550 -0.853093 0 0.521759
24600 -0.939651 0 0.342134
24650 -0.966773 0 0.255638
24700 -0.966418 0 0.256976
24750 -0.893339 0 0.449383
24800 -0.867287 0 0.497808
24850 -0.887027 0 0.461717
24900 -0.950295 0 0.31135
24950 -0.979736 0 0.200295
25000 -0.97294 0 0.23106
25050 -0.919268 0 0.393632
25100 -0.844935 0 0.53487
25150 -0.913921 0 0.405893
25200 -0.940772 0 0.33904
25250 -0.982281 0 0.187416
25300 -0.9659 0 0.258916
25350 -0.87341 0 0.486986
25400 -0.878864 0 0.477073
25450 -0.922046 0 0.38708
25500 -0.93638 0 0.350988
25550 -0.931316 0 0.364212
25600 -0.865718 0 0.500531
25650 -0.820335 0 0.571883
25700 -0.876561 0 0.481291
25750 -0.929032 0 0.369999
25800 -0.909142 0 0.416486
25850 -0.906201 0 0.422846
25900 -0.904404 0 0.426676
25950 -0.924308 0 0.381649
26000 -0.890399 0 0.455181
26050 -0.875899 0 0.482495
26100 -0.889237 0 0.457448
26150 -0.927847 0 0.37296
26200 -0.896738 0 0.442563
26250 -0.89649 0 0.443064
26300 -0.926272 0 0.376855
26350 -0.938407 0 0.345533
26400 -0.887102 0 0.461573
26450 -0.888886 0 0.458128
26500 -0.900298 0 0.435275
26550 -0.914019 0 0.405672
26600 -0.846642 0 0.532163
26650 -0.866105 0 0.499863
26700 -0.882226 0 0.470825
26750 -0.905863 0 0.42357
26800 -0.834782 0 0.550581
26850 -0.833135 0 0.553069
26900 -0.858457 0 0.512886
26950 -0.891573 0 0.452877
27000 -0.794719 0 0.606978
27050 -0.812825 0 0.582508
27100 -0.899489 0 0.436943
27150 -0.956417 0 0.292004
27200 -0.933074 0 0.359685
27250 -0.901531 0 0.432714
27300 -0.917339 0 0.398106
27350 -0.95524 0 0.295833
27400 -0.972721 0 0.231976
27450 -0.906693 0 0.421791
27500 -0.858054 0 0.51356
27550 -0.892289 0 0.451465
27600 -0.95356 0 0.301203
27650 -0.98294 0 0.183929
27700 -0.96631 0 0.257383
27750 -0.949791 0 0.312886
27800 -0.941102 0 0.338123
27850 -0.961267 0 0.275618
27900 -0.960166 0 0.27943
27950 -0.897898 0 0.440203
28000 -0.792518 0 0.609848
28050 -0.883626 0 0.468193
28100 -0.975623 0 0.219452
28150 -0.954271 0 0.298943
28200 -0.194962 0 0.980811
28250 0.487456 0 -0.873147
28300 0.610413 0 -0.792083
28350 0.47358 0 -0.880751
28400 0.522695 0 -0.85252
28450 0.325166 0 -0.945657
28500 -0.0187769 0 -0.999824
28550 -0.0198215 0 -0.999804
28600 -0.0468364 0 -0.998903
28650 -0.0486604 0 -0.998815
28700 -0.131257 0 -0.991348
28750 -0.181159 0 -0.983454
28800 -0.219043 0 -0.975715
28850 -0.121371 0 -0.992607
28900 -0.0399159 0 -0.999203
28950 0.0320368 0 -0.999487
29000 0.0358114 0 -0.999359
29050 0.0212636 0 -0.999774
29100 -0.0228677 0 -0.999739
29150 -0.033077 0 -0.999453
29200 -0.0422711 0 -0.999106
29250 -0.0960959 0 -0.995372
29300 -0.134109 0 -0.990967
29350 -0.132958 0 -0.991122
29400 -0.630734 0 -0.776
29450 -0.418992 0 -0.90799
