200 0 0 -0.114789
250 0 0 -0.118307
300 0 0 -0.117605
350 0 0 -0.12182
400 0 0 -0.119305
450 0 0 -0.121081
500 0 0 -0.11907
550 0 0 -0.114745
600 0 0 -0.115585
650 0 0 -0.119951
700 0 0 -0.125494
750 0 0 -0.153525
800 0 0 -0.136995
850 0 0 -0.107078
900 0 0 -0.309696
950 0 0 -0.583435
1000 0 0 -0.590748
1050 0 0 -0.655171
1100 0 0 -0.632403
1150 0 0 -0.600829
1200 0 0 -0.680353
1250 0 0 -0.761644
1300 0 0 -0.736635
1350 0 0 -0.792594
1400 0 0 -0.695052
1450 0 0 -0.486889
1500 0 0 -0.676263
1550 0 0 -0.719617
1600 0 0 -0.773743
1650 0 0 -0.868843
1700 0 0 -0.687197
1750 0 0 -0.764907
1800 0 0 -0.831543
1850 0 0 -0.797586
1900 0 0 -0.812801
1950 0 0 -0.73809
2000 0 0 -0.613255
2050 0 0 -0.882251
2100 0 0 -0.864852
2150 0 0 -0.953974
2200 0 0 -1.00034
2250 0 0 -0.806352
2300 0 0 -0.897907
2350 0 0 -1.03643
2400 0 0 -1.15793
2450 0 0 -1.15256
2500 0 0 -1.13911
2550 0 0 -1.21945
2600 0 0 -1.28469
2650 0 0 -1.3742
2700 0 0 -1.32762
2750 0 0 -1.46421
2800 0 0 -1.44419
2850 0 0 -1.52874
2900 0 0 -1.42343
2950 0 0 -1.54344
3000 0 0 -1.55592
3050 0 0 -1.55173
3100 0 0 -1.47409
3150 0 0 -1.55081
3200 0 0 -1.52059
3250 0 0 -1.51373
3300 0 0 -1.45051
3350 0 0 -1.50985
3400 0 0 -1.45697
3450 0 0 -1.46466
3500 0 0 -1.42648
3550 0 0 -1.53286
3600 0 0 -1.45946
3650 0 0 -1.4508
3700 0 0 -1.51188
3750 0 0 -1.54173
3800 0 0 -1.57886
3850 0 0 -1.4798
3900 0 0 -1.50919
3950 0 0 -1.61162
4000 0 0 -1.66081
4050 0 0 -1.47737
4100 0 0 -1.51907
4150 0 0 -1.57626
4200 0 0 -1.57956
4250 0 0 -1.45753
4300 0 0 -1.43208
4350 0 0 -1.42235
4400 0 0 -1.50538
4450 0 0 -1.3336
4500 0 0 -1.24403
4550 0 0 -1.15028
4600 0 0 -1.16
4650 0 0 -1.07753
4700 0 0 -1.06842
4750 0 0 -1.08647
4800 0 0 -1.00252
4850 0 0 -1.14218
4900 0 0 -0.886076
4950 0 0 -0.860918
5000 0 0 -1.08351
5050 0 0 -0.973086
5100 0 0 -1.04675
5150 0 0 -0.800777
5200 0 0 -0.840405
5250 0 0 -0.989936
5300 0 0 -0.870744
5350 0 0 -1.01094
5400 0 0 -0.835973
5450 0 0 -0.938885
5500 0 0 -0.974398
5550 0 0 -0.84924
5600 0 0 -0.937336
5650 0 0 -0.782802
5700 0 0 -0.83847
5750 0 0 -0.958451
5800 0 0 -0.830511
5850 0 0 -0.823776
5900 0 0 -0.714801
5950 0 0 -0.683973
6000 0 0 -0.818017
6050 0 0 -0.671121
6100 0 0 -0.755
6150 0 0 -0.787819
6200 0 0 -0.611746
6250 0 0 -0.826796
6300 0 0 -0.77971
6350 0 0 -0.771453
6400 0 0 -0.887438
6450 0 0 -0.723529
6500 0 0 -0.632179
6550 0 0 -0.726383
6600 0 0 -0.661746
6650 0 0 -0.797893
6700 0 0 -0.862399
6750 0 0 -0.662245
6800 0 0 -0.963402
6850 0 0 -1.06438
6900 0 0 -1.04573
6950 0 0 -1.10373
7000 0 0 -1.14817
7050 0 0 -1.20512
7100 0 0 -1.2991
7150 0 0 -1.38502
7200 0 0 -1.38896
7250 0 0 -1.55187
7300 0 0 -1.46491
7350 0 0 -1.48507
7400 0 0 -1.39439
7450 0 0 -1.52184
7500 0 0 -1.47639
7550 0 0 -1.47552
7600 0 0 -1.41996
7650 0 0 -1.54146
7700 0 0 -1.51892
7750 0 0 -1.53534
7800 0 0 -1.4983
7850 0 0 -1.58565
7900 0 0 -1.54283
7950 0 0 -1.58187
8000 0 0 -1.53717
8050 0 0 -1.52273
8100 0 0 -1.55711
8150 0 0 -1.45285
8200 0 0 -1.44271
8250 0 0 -1.41939
8300 0 0 -1.40699
8350 0 0 -1.32748
8400 0 0 -1.2595
8450 0 0 -1.16898
8500 0 0 -1.12552
8550 0 0 -1.11391
8600 0 0 -1.01095
8650 0 0 -0.974537
8700 0 0 -0.889739
8750 0 0 -0.957987
8800 0 0 -0.911315
8850 0 0 -0.832083
8900 0 0 -0.866118
8950 0 0 -0.772992
9000 0 0 -0.935957
9050 0 0 -0.807183
9100 0 0 -0.744556
9150 0 0 -0.821209
9200 0 0 -0.792054
9250 0 0 -0.951581
9300 0 0 -0.853966
9350 0 0 -0.767817
9400 0 0 -0.893235
9450 0 0 -0.801318
9500 0 0 -0.918296
9550 0 0 -0.901043
9600 0 0 -0.762655
9650 0 0 -0.816003
9700 0 0 -0.798149
9750 0 0 -0.876506
9800 0 0 -0.959885
9850 0 0 -0.781102
9900 0 0 -0.736196
9950 0 0 -0.821155
10000 0 0 -0.872401
10050 0 0 -0.977519
10100 0 0 -0.898234
10150 0 0 -0.787912
10200 0 0 -0.797825
10250 0 0 -0.739812
10300 0 0 -0.784874
10350 0 0 -0.858577
10400 0 0 -0.805329
10450 0 0 -0.604646
10500 0 0 -0.598107
10550 0 0 -0.410753
10600 0 0 -0.548997
10650 0 0 -0.624619
10700 0 0 -0.562641
10750 0 0 -0.347143
10800 0 0 -0.602467
10850 0 0 -0.664095
10900 0 0 -0.730151
10950 0 0 -0.735629
11000 0 0 -0.667019
11050 0 0 -0.869956
11100 0 0 -0.772272
11150 0 0 -0.846252
11200 0 0 -0.775946
11250 0 0 -0.627353
11300 0 0 -0.654897
11350 0 0 -0.711709
11400 0 0 -0.708537
11450 0 0 -0.868803
11500 0 0 -0.79804
11550 0 0 -0.641872
11600 0 0 -0.660116
11650 0 0 -0.636677
11700 0 0 -0.741843
11750 0 0 -0.76573
11800 0 0 -0.818605
11850 0 0 -1.23422
11900 0 0 -1.24702
11950 0 0 -1.3523
12000 0 0 -1.19599
12050 0 0 -1.34651
12100 0 0 -1.41607
12150 0 0 -1.45627
12200 0 0 -1.44925
12250 0 0 -1.49648
12300 0 0 -1.46751
12350 0 0 -1.4362
12400 0 0 -1.45079
12450 0 0 -1.56232
12500 0 0 -1.62378
12550 0 0 -1.5877
12600 0 0 -1.47101
12650 0 0 -1.54248
12700 0 0 -1.49292
12750 0 0 -1.44888
12800 0 0 -1.42249
12850 0 0 -1.53296
12900 0 0 -1.5174
12950 0 0 -1.46453
13000 0 0 -1.46439
13050 0 0 -1.54529
13100 0 0 -1.48833
13150 0 0 -1.57025
13200 0 0 -1.60224
13250 0 0 -1.61046
13300 0 0 -1.57734
13350 0 0 -1.52183
13400 0 0 -1.52869
13450 0 0 -1.49798
13500 0 0 -1.51722
13550 0 0 -1.41885
13600 0 0 -1.46207
13650 0 0 -1.56935
13700 0 0 -1.50273
13750 0 0 -1.41873
13800 0 0 -1.46615
13850 0 0 -1.46497
13900 0 0 -1.49927
13950 0 0 -1.46215
14000 0 0 -1.58584
14050 0 0 -1.60365
14100 0 0 -1.52018
14150 0 0 -1.54177
14200 0 0 -1.54242
14250 0 0 -1.57525
14300 0 0 -1.45714
14350 0 0 -1.40467
14400 0 0 -1.41977
14450 0 0 -1.38696
14500 0 0 -1.24728
14550 0 0 -1.25023
14600 0 0 -1.15545
14650 0 0 -1.10928
14700 0 0 -1.07013
14750 0 0 -1.00684
14800 0 0 -1.00171
14850 0 0 -1.01663
14900 0 0 -1.06156
14950 0 0 -0.936274
15000 0 0 -0.827721
15050 0 0 -0.923261
15100 0 0 -0.936541
15150 0 0 -1.00807
15200 0 0 -0.916815
15250 0 0 -0.790353
15300 0 0 -0.922104
15350 0 0 -0.84968
15400 0 0 -0.861605
15450 0 0 -0.845894
15500 0 0 -0.667836
15550 0 0 -0.778953
15600 0 0 -0.784649
15650 0 0 -0.826415
15700 0 0 -0.8891
15750 0 0 -0.762667
15800 0 0 -0.637294
15850 0 0 -0.723713
15900 0 0 -0.687027
15950 0 0 -0.776509
16000 0 0 -0.848901
16050 0 0 -0.628664
16100 0 0 -0.666096
16150 0 0 -0.767429
16200 0 0 -0.746089
16250 0 0 -0.829392
16300 0 0 -0.767984
16350 0 0 -0.645765
16400 0 0 -0.753501
16450 0 0 -0.777628
16500 0 0 -0.886852
16550 0 0 -0.968926
16600 0 0 -0.848014
16650 0 0 -0.858493
16700 0 0 -0.920835
16750 0 0 -0.885808
16800 0 0 -0.834147
16850 0 0 -0.702549
16900 0 0 -0.673303
16950 0 0 -0.738197
17000 0 0 -0.65605
17050 0 0 -0.70578
17100 0 0 -0.648995
17150 0 0 -0.468472
17200 0 0 -0.741649
17250 0 0 -0.672381
17300 0 0 -0.741187
17350 0 0 -0.810558
17400 0 0 -0.620163
17450 0 0 -0.630843
17500 0 0 -0.717699
17550 0 0 -0.750937
17600 0 0 -0.776997
17650 0 0 -0.74084
17700 0 0 -0.604658
17750 0 0 -0.718218
17800 0 0 -0.763426
17850 0 0 -0.673057
17900 0 0 -0.702393
17950 0 0 -0.695582
18000 0 0 -0.573903
18050 0 0 -0.593956
18100 0 0 -0.683373
18150 0 0 -0.622356
18200 0 0 -0.718594
18250 0 0 -0.793353
18300 0 0 -0.61116
18350 0 0 -0.66177
18400 0 0 -0.842398
18450 0 0 -0.77747
18500 0 0 -0.778662
18550 0 0 -0.76722
18600 0 0 -0.6738
18650 0 0 -1.02142
18700 0 0 -1.10034
18750 0 0 -1.24743
18800 0 0 -1.1305
18850 0 0 -1.21018
18900 0 0 -1.31984
18950 0 0 -1.31864
19000 0 0 -1.30886
19050 0 0 -1.28606
19100 0 0 -1.35463
19150 0 0 -1.39742
19200 0 0 -1.4715
19250 0 0 -1.4097
19300 0 0 -1.45294
19350 0 0 -1.34708
19400 0 0 -1.39191
19450 0 0 -1.40668
19500 0 0 -1.45371
19550 0 0 -1.44064
19600 0 0 -1.50788
19650 0 0 -1.45875
19700 0 0 -1.53117
19750 0 0 -1.50333
19800 0 0 -1.43139
19850 0 0 -1.39925
19900 0 0 -1.50516
19950 0 0 -1.4824
20000 0 0 -1.45983
20050 0 0 -1.45435
20100 0 0 -1.47572
20150 0 0 -1.52081
20200 0 0 -1.41054
20250 0 0 -1.40696
20300 0 0 -1.45261
20350 0 0 -1.43812
20400 0 0 -1.41986
20450 0 0 -1.41636
20500 0 0 -1.54045
20550 0 0 -1.58568
20600 0 0 -1.47708
20650 0 0 -1.46394
20700 0 0 -1.45119
20750 0 0 -1.47362
20800 0 0 -1.45643
20850 0 0 -1.49335
20900 0 0 -1.38573
20950 0 0 -1.38536
21000 0 0 -1.41564
21050 0 0 -1.40894
21100 0 0 -1.37817
21150 0 0 -1.36942
21200 0 0 -1.3106
21250 0 0 -1.34316
21300 0 0 -1.32712
21350 0 0 -1.2571
21400 0 0 -1.25504
21450 0 0 -1.30336
21500 0 0 -1.38192
21550 0 0 -1.40077
21600 0 0 -1.44369
21650 0 0 -1.42867
21700 0 0 -1.50106
21750 0 0 -1.52227
21800 0 0 -1.47991
21850 0 0 -1.46484
21900 0 0 -1.53859
21950 0 0 -1.50856
22000 0 0 -1.44003
22050 0 0 -1.45623
22100 0 0 -1.52363
22150 0 0 -1.53129
22200 0 0 -1.45952
22250 0 0 -1.48128
22300 0 0 -1.47223
22350 0 0 -1.47902
22400 0 0 -1.41704
22450 0 0 -1.50621
22500 0 0 -1.55108
22550 0 0 -1.56397
22600 0 0 -1.49138
22650 0 0 -1.5219
22700 0 0 -1.52399
22750 0 0 -1.44003
22800 0 0 -1.28407
22850 0 0 -1.28079
22900 0 0 -1.24014
22950 0 0 -1.23991
23000 0 0 -1.21173
23050 0 0 -1.17299
23100 0 0 -1.15155
23150 0 0 -1.143
23200 0 0 -1.22783
23250 0 0 -1.09047
23300 0 0 -1.04754
23350 0 0 -1.17611
23400 0 0 -1.14988
23450 0 0 -1.08112
23500 0 0 -0.99882
23550 0 0 -1.0463
23600 0 0 -1.11855
23650 0 0 -1.09985
23700 0 0 -0.912797
23750 0 0 -0.874308
23800 0 0 -1.10073
23850 0 0 -1.02623
23900 0 0 -1.04877
23950 0 0 -0.906033
24000 0 0 -0.905585
24050 0 0 -0.973797
24100 0 0 -1.00152
24150 0 0 -0.915204
24200 0 0 -0.789299
24250 0 0 -0.793534
24300 0 0 -0.776845
24350 0 0 -0.888157
24400 0 0 -0.985694
24450 0 0 -0.725694
24500 0 0 -0.776789
24550 0 0 -0.836464
24600 0 0 -0.857475
24650 0 0 -0.95441
24700 0 0 -0.697846
24750 0 0 -0.574723
24800 0 0 -0.770308
24850 0 0 -0.76607
24900 0 0 -0.867096
24950 0 0 -0.907342
25000 0 0 -0.706397
25050 0 0 -0.62995
25100 0 0 -0.747748
25150 0 0 -0.756157
25200 0 0 -0.801206
25250 0 0 -0.864362
25300 0 0 -0.725946
25350 0 0 -0.878705
25400 0 0 -1.08496
25450 0 0 -1.13766
25500 0 0 -1.18348
25550 0 0 -1.19416
25600 0 0 -1.33339
25650 0 0 -1.36294
25700 0 0 -1.43298
25750 0 0 -1.35532
25800 0 0 -1.48185
25850 0 0 -1.39255
25900 0 0 -1.46029
25950 0 0 -1.3502
26000 0 0 -1.52234
26050 0 0 -1.50746
26100 0 0 -1.53963
26150 0 0 -1.44003
26200 0 0 -1.53985
26250 0 0 -1.50091
26300 0 0 -1.55619
26350 0 0 -1.46285
26400 0 0 -1.51273
26450 0 0 -1.50371
26500 0 0 -1.49109
26550 0 0 -1.44558
26600 0 0 -1.45238
26650 0 0 -1.46251
26700 0 0 -1.41578
26750 0 0 -1.35072
26800 0 0 -1.41736
26850 0 0 -1.33345
26900 0 0 -1.28194
26950 0 0 -1.13394
27000 0 0 -1.12159
27050 0 0 -1.10183
27100 0 0 -1.11835
27150 0 0 -1.07271
27200 0 0 -0.934402
27250 0 0 -1.06832
27300 0 0 -0.964097
27350 0 0 -1.15889
27400 0 0 -0.990382
27450 0 0 -0.926537
27500 0 0 -1.00671
27550 0 0 -0.972109
27600 0 0 -1.09662
27650 0 0 -0.963772
27700 0 0 -0.858849
27750 0 0 -0.869105
27800 0 0 -0.859974
27850 0 0 -0.842015
27900 0 0 -0.713923
27950 0 0 -0.597579
28000 0 0 -0.614553
28050 0 0 -0.536959
28100 0 0 -0.494731
28150 0 0 -0.346388
28200 0 0 -0.129064
28250 0 0 -0.542722
28300 0 0 -0.454062
28350 0 0 -0.352184
28400 0 0 -0.269725
28450 0 0 -0.207355
28500 0 0 -0.185698
28550 0 0 -0.15288
28600 0 0 -0.151463
28650 0 0 -0.135474
28700 0 0 -0.127682
28750 0 0 -0.122783
28800 0 0 -0.120559
28850 0 0 -0.122978
28900 0 0 -0.12657
28950 0 0 -0.126851
29000 0 0 -0.126892
29050 0 0 -0.126585
29100 0 0 -0.124687
29150 0 0 -0.118888
29200 0 0 -0.117803
29250 0 0 -0.116407
29300 0 0 -0.120825
29350 0 0 -0.097729
29400 0 0 -0.0970463
29450 0 0 -0.0619869
