200 -0.0108817 0 -0.114272
250 -0.00522398 0 -0.118192
300 -0.0033173 0 -0.117558
350 0.00492668 0 -0.12172
400 0.00598366 0 -0.119155
450 -0.00769635 0 -0.120836
500 -0.0114485 0 -0.118519
550 -0.0149053 0 -0.113773
600 -0.0218352 0 -0.113504
650 -0.0133313 0 -0.119208
700 -0.0110139 0 -0.125009
750 -0.0568639 0 -0.142606
800 -0.0595745 0 -0.123363
850 -0.0692435 0 -0.081676
900 -0.232283 0 0.204833
950 -0.404228 0 0.42071
1000 -0.501154 0 0.312775
1050 -0.609383 0 0.240626
1100 -0.612742 0 0.156463
1150 -0.567779 0 0.196525
1200 -0.559519 0 0.401646
1250 -0.595949 0 0.477938
1300 -0.649365 0 0.346729
1350 -0.729453 0 0.311025
1400 -0.650425 0 0.245038
1450 -0.439546 0 0.20943
1500 -0.525654 0 0.425465
1550 -0.606279 0 0.387653
1600 -0.711027 0 0.272523
1650 -0.842081 0 0.18917
1700 -0.672822 0 0.138281
1750 -0.683054 0 0.343254
1800 -0.625262 0 0.548188
1850 -0.674187 0 0.426163
1900 -0.756743 0 0.296624
1950 -0.707208 0 0.211265
2000 -0.560292 0 0.24931
2050 -0.742148 0 0.477057
2100 -0.726179 0 0.469715
2150 -0.871527 0 0.387952
2200 -0.947932 0 0.319549
2250 -0.765136 0 0.254501
2300 -0.795624 0 0.416196
2350 -0.896527 0 0.520019
2400 -1.03753 0 0.524841
2450 -1.05932 0 0.462646
2500 -1.0676 0 0.397262
2550 -1.09236 0 0.540692
2600 -1.11595 0 0.636463
2650 -1.22532 0 0.622098
2700 -1.20699 0 0.552943
2750 -1.31495 0 0.644077
2800 -1.27197 0 0.68598
2850 -1.35875 0 0.698618
2900 -1.32352 0 0.525966
2950 -1.3662 0 0.718837
3000 -1.37312 0 0.731724
3050 -1.40854 0 0.651065
3100 -1.36329 0 0.560691
3150 -1.35592 0 0.752651
3200 -1.35815 0 0.679943
3250 -1.36533 0 0.651531
3300 -1.35144 0 0.52591
3350 -1.36636 0 0.642865
3400 -1.30922 0 0.639292
3450 -1.35119 0 0.56526
3500 -1.3172 0 0.547557
3550 -1.38195 0 0.663225
3600 -1.30472 0 0.654433
3650 -1.32745 0 0.586466
3700 -1.36998 0 0.639821
3750 -1.3665 0 0.713976
3800 -1.43003 0 0.669195
3850 -1.34823 0 0.609982
3900 -1.31895 0 0.733502
3950 -1.407 0 0.785921
4000 -1.4856 0 0.742482
4050 -1.33651 0 0.629572
4100 -1.31622 0 0.758365
4150 -1.3845 0 0.753513
4200 -1.41359 0 0.704827
4250 -1.33005 0 0.596124
4300 -1.17627 0 0.816853
4350 -1.17386 0 0.80321
4400 -1.28681 0 0.77259
4450 -1.20069 0 0.576587
4500 -1.02949 0 0.698785
4550 -0.869881 0 0.752965
4600 -0.969798 0 0.636471
4650 -0.96878 0 0.471736
4700 -0.947395 0 0.49393
4750 -0.870404 0 0.650236
4800 -0.80051 0 0.59572
4850 -1.04843 0 0.44036
4900 -0.835352 0 0.294405
4950 -0.741447 0 0.436779
5000 -0.880504 0 0.631434
5050 -0.819544 0 0.524638
5100 -0.957251 0 0.423514
5150 -0.766794 0 0.230805
5200 -0.729233 0 0.411659
5250 -0.786835 0 0.59741
5300 -0.740584 0 0.456128
5350 -0.908162 0 0.441656
5400 -0.78142 0 0.297042
5450 -0.839036 0 0.421335
5500 -0.814604 0 0.534669
5550 -0.726659 0 0.439518
5600 -0.877695 0 0.338377
5650 -0.74124 0 0.255331
5700 -0.702165 0 0.460155
5750 -0.755365 0 0.589777
5800 -0.69349 0 0.456968
5850 -0.743537 0 0.354626
5900 -0.67964 0 0.221429
5950 -0.608231 0 0.312847
6000 -0.646488 0 0.501203
6050 -0.556527 0 0.375075
6100 -0.705908 0 0.267806
6150 -0.767283 0 0.178707
6200 -0.579693 0 0.19542
6250 -0.692096 0 0.452323
6300 -0.627819 0 0.462376
6350 -0.694112 0 0.336671
6400 -0.858872 0 0.266444
6450 -0.70649 0 0.178037
6500 -0.55042 0 0.316217
6550 -0.557456 0 0.466493
6600 -0.542676 0 0.378697
6650 -0.734661 0 0.311298
6700 -0.834171 0 0.218843
6750 -0.630787 0 0.201683
6800 -0.825685 0 0.485836
6850 -0.924587 0 0.520614
6900 -0.938884 0 0.455856
6950 -1.03065 0 0.39157
7000 -1.07144 0 0.412707
7050 -1.06716 0 0.559895
7100 -1.11654 0 0.664081
7150 -1.25395 0 0.588134
7200 -1.317 0 0.493423
7250 -1.395 0 0.68952
7300 -1.2909 0 0.691101
7350 -1.32806 0 0.663679
7400 -1.28965 0 0.5302
7450 -1.351 0 0.700561
7500 -1.31447 0 0.672222
7550 -1.31408 0 0.671086
7600 -1.30831 0 0.562275
7650 -1.36082 0 0.726744
7700 -1.36463 0 0.66514
7750 -1.41078 0 0.605933
7800 -1.4012 0 0.5306
7850 -1.42282 0 0.699895
7900 -1.37838 0 0.693111
7950 -1.48571 0 0.543108
8000 -1.44681 0 0.519247
8050 -1.33118 0 0.739364
8100 -1.368 0 0.743766
8150 -1.34418 0 0.551321
8200 -1.33855 0 0.538225
8250 -1.27687 0 0.619886
8300 -1.26442 0 0.617145
8350 -1.20623 0 0.554253
8400 -1.1024 0 0.603462
8450 -0.922041 0 0.721876
8500 -0.898537 0 0.679261
8550 -0.94483 0 0.592457
8600 -0.819615 0 0.591825
8650 -0.66917 0 0.708473
8700 -0.576917 0 0.677349
8750 -0.783917 0 0.550648
8800 -0.843239 0 0.365073
8850 -0.703346 0 0.457937
8900 -0.707699 0 0.500217
8950 -0.663717 0 0.39454
9000 -0.872256 0 0.339389
9050 -0.779801 0 0.208458
9100 -0.650919 0 0.36148
9150 -0.701874 0 0.42633
9200 -0.710818 0 0.34955
9250 -0.893855 0 0.320826
9300 -0.827798 0 0.213798
9350 -0.700916 0 0.311811
9400 -0.749713 0 0.485591
9450 -0.699092 0 0.391638
9500 -0.840342 0 0.37026
9550 -0.869054 0 0.237956
9600 -0.694637 0 0.314797
9650 -0.690953 0 0.433413
9700 -0.675562 0 0.425811
9750 -0.797885 0 0.362877
9800 -0.924937 0 0.256651
9850 -0.757451 0 0.190761
9900 -0.680248 0 0.28151
9950 -0.718162 0 0.398169
10000 -0.815766 0 0.309206
10050 -0.936261 0 0.280995
10100 -0.865488 0 0.240321
10150 -0.767099 0 0.179903
10200 -0.750382 0 0.271019
10250 -0.665481 0 0.323199
10300 -0.706659 0 0.341556
10350 -0.82571 0 0.23528
10400 -0.7719 0 0.204123
10450 -0.55506 0 0.193314
10500 -0.531084 0 0.2647
10550 -0.378645 0 0.16343
10600 -0.53701 0 0.114098
10650 -0.623502 0 0.0373248
10700 -0.560825 0 0.0451678
10750 -0.324207 0 0.124087
10800 -0.471251 0 0.3439
10850 -0.565528 0 0.318493
10900 -0.669546 0 0.249868
10950 -0.708299 0 0.185967
11000 -0.638024 0 0.194524
11050 -0.713105 0 0.498303
11100 -0.656336 0 0.406972
11150 -0.783977 0 0.318625
11200 -0.710302 0 0.266343
11250 -0.579887 0 0.234598
11300 -0.51001 0 0.413084
11350 -0.551021 0 0.450048
11400 -0.621369 0 0.340477
11450 -0.825782 0 0.270007
11500 -0.78144 0 0.161921
11550 -0.61177 0 0.19426
11600 -0.554913 0 0.331453
11650 -0.553706 0 0.288756
11700 -0.664611 0 0.297663
11750 -0.733115 0 0.207168
11800 -0.790428 0 0.212926
11850 -1.07393 0 0.608241
11900 -1.0873 0 0.610604
11950 -1.26559 0 0.476439
12000 -1.15285 0 0.318325
12050 -1.2835 0 0.407085
12100 -1.27372 0 0.618782
12150 -1.304 0 0.648303
12200 -1.35415 0 0.516343
12250 -1.38944 0 0.555797
12300 -1.34666 0 0.583172
12350 -1.31221 0 0.583771
12400 -1.37822 0 0.461097
12450 -1.4541 0 0.576519
12500 -1.4863 0 0.653929
12550 -1.45234 0 0.640989
12600 -1.3923 0 0.474762
12650 -1.41077 0 0.623671
12700 -1.37059 0 0.591864
12750 -1.33557 0 0.561702
12800 -1.33941 0 0.478477
12850 -1.39355 0 0.634574
12900 -1.38881 0 0.610164
12950 -1.36182 0 0.539777
13000 -1.38355 0 0.479831
13050 -1.41666 0 0.617264
13100 -1.35426 0 0.617341
13150 -1.4704 0 0.55102
13200 -1.49466 0 0.570348
13250 -1.46175 0 0.67567
13300 -1.4331 0 0.659406
13350 -1.42371 0 0.538015
13400 -1.38185 0 0.653753
13450 -1.35436 0 0.640042
13500 -1.38142 0 0.62741
13550 -1.32498 0 0.507486
13600 -1.30398 0 0.657319
13650 -1.40867 0 0.69013
13700 -1.3704 0 0.615317
13750 -1.33139 0 0.49028
13800 -1.33773 0 0.60006
13850 -1.33817 0 0.596174
13900 -1.39828 0 0.540926
13950 -1.36357 0 0.527802
14000 -1.42942 0 0.686763
14050 -1.45493 0 0.674436
14100 -1.39342 0 0.607718
14150 -1.40672 0 0.631028
14200 -1.35972 0 0.728162
14250 -1.41692 0 0.688298
14300 -1.36812 0 0.501503
14350 -1.28341 0 0.570942
14400 -1.25055 0 0.663131
14450 -1.24225 0 0.609934
14500 -1.14954 0 0.483762
14550 -1.14273 0 0.508927
14600 -0.992404 0 0.591766
14650 -0.996494 0 0.487348
14700 -1.00096 0 0.378494
14750 -0.929466 0 0.387077
14800 -0.856198 0 0.516558
14850 -0.840701 0 0.561615
14900 -0.934297 0 0.497675
14950 -0.861299 0 0.363591
15000 -0.730762 0 0.388726
15050 -0.764102 0 0.518227
15100 -0.796405 0 0.492796
15150 -0.930734 0 0.38722
15200 -0.881807 0 0.279302
15250 -0.694686 0 0.388837
15300 -0.774708 0 0.49774
15350 -0.731488 0 0.43102
15400 -0.802523 0 0.31356
15450 -0.805641 0 0.257837
15500 -0.620616 0 0.246658
15550 -0.649968 0 0.429313
15600 -0.652159 0 0.418746
15650 -0.754619 0 0.316733
15700 -0.850699 0 0.245352
15750 -0.750334 0 0.136552
15800 -0.59551 0 0.22696
15850 -0.619817 0 0.373615
15900 -0.584315 0 0.361362
15950 -0.735722 0 0.248351
16000 -0.833303 0 0.161986
16050 -0.610411 0 0.150389
16100 -0.60976 0 0.268099
16150 -0.643928 0 0.417497
16200 -0.651688 0 0.363252
16250 -0.77566 0 0.293671
16300 -0.729725 0 0.239375
16350 -0.586483 0 0.270278
16400 -0.61185 0 0.431644
16450 -0.633894 0 0.439393
16500 -0.811777 0 0.34932
16550 -0.914342 0 0.316902
16600 -0.793385 0 0.299447
16650 -0.720297 0 0.467101
16700 -0.78701 0 0.478071
16750 -0.796907 0 0.386776
16800 -0.773914 0 0.321074
16850 -0.654956 0 0.260019
16900 -0.569836 0 0.362251
16950 -0.587183 0 0.447676
17000 -0.582911 0 0.301027
17050 -0.669118 0 0.224515
17100 -0.621671 0 0.186331
17150 -0.398792 0 0.245827
17200 -0.608736 0 0.427235
17250 -0.546686 0 0.381251
17300 -0.672702 0 0.312618
17350 -0.779042 0 0.220986
17400 -0.593477 0 0.179965
17450 -0.474598 0 0.415596
17500 -0.545596 0 0.46628
17550 -0.666365 0 0.346215
17600 -0.7335 0 0.277693
17650 -0.72245 0 0.169878
17700 -0.568619 0 0.200991
17750 -0.57363 0 0.432136
17800 -0.613497 0 0.454358
17850 -0.601317 0 0.302364
17900 -0.659676 0 0.241213
17950 -0.665722 0 0.201613
18000 -0.52623 0 0.229013
18050 -0.443279 0 0.395332
18100 -0.513725 0 0.45065
18150 -0.538949 0 0.311225
18200 -0.662003 0 0.279514
18250 -0.780363 0 0.142974
18300 -0.600236 0 0.115036
18350 -0.598086 0 0.283253
18400 -0.707923 0 0.453857
18450 -0.693242 0 0.33632
18500 -0.726106 0 0.267565
18550 -0.746374 0 0.172377
18600 -0.642101 0 0.204236
18650 -0.819064 0 0.610272
18700 -0.957647 0 0.541907
18750 -1.13089 0 0.526478
18800 -1.07042 0 0.41416
18850 -1.11977 0 0.46424
18900 -1.11053 0 0.71132
18950 -1.1417 0 0.659135
19000 -1.18042 0 0.565441
19050 -1.18575 0 0.497929
19100 -1.20358 0 0.621631
19150 -1.16311 0 0.77458
19200 -1.29792 0 0.693157
19250 -1.31244 0 0.5202
19300 -1.31636 0 0.615955
19350 -1.20436 0 0.603353
19400 -1.27975 0 0.547421
19450 -1.3136 0 0.503193
19500 -1.29112 0 0.668046
19550 -1.28001 0 0.661073
19600 -1.37458 0 0.61435
19650 -1.35555 0 0.537742
19700 -1.32038 0 0.775267
19750 -1.31392 0 0.730521
19800 -1.28853 0 0.623344
19850 -1.28682 0 0.549522
19900 -1.3229 0 0.717944
19950 -1.30081 0 0.710917
20000 -1.32013 0 0.623193
20050 -1.32201 0 0.606151
20100 -1.21981 0 0.830542
20150 -1.2926 0 0.80128
20200 -1.26568 0 0.622634
20250 -1.28607 0 0.57058
20300 -1.31064 0 0.626355
20350 -1.29849 0 0.61817
20400 -1.32118 0 0.519951
20450 -1.29548 0 0.571847
20500 -1.37003 0 0.704498
20550 -1.44587 0 0.651342
20600 -1.36808 0 0.556869
20650 -1.3184 0 0.636354
20700 -1.24915 0 0.738645
20750 -1.29356 0 0.705875
20800 -1.32389 0 0.611783
20850 -1.35607 0 0.627852
20900 -1.19381 0 0.703687
20950 -1.21516 0 0.665103
21000 -1.30624 0 0.545684
21050 -1.30985 0 0.519054
21100 -1.24672 0 0.587409
21150 -1.26481 0 0.524949
21200 -1.23751 0 0.420767
21250 -1.26909 0 0.43656
21300 -1.25517 0 0.430627
21350 -1.20319 0 0.364773
21400 -1.20924 0 0.335978
21450 -1.2494 0 0.37113
21500 -1.26116 0 0.564961
21550 -1.26095 0 0.610063
21600 -1.31934 0 0.530255
21650 -1.3238 0 0.525267
21700 -1.30933 0 0.733988
21750 -1.35243 0 0.70118
21800 -1.35848 0 0.587081
21850 -1.33504 0 0.602837
21900 -1.36537 0 0.709239
21950 -1.35959 0 0.653673
22000 -1.32908 0 0.55428
22050 -1.33747 0 0.576011
22100 -1.34978 0 0.70678
22150 -1.38466 0 0.653885
22200 -1.35351 0 0.546104
22250 -1.3484 0 0.613186
22300 -1.31555 0 0.660916
22350 -1.34329 0 0.618926
22400 -1.31728 0 0.518207
22450 -1.36686 0 0.623784
22500 -1.39063 0 0.685582
22550 -1.40396 0 0.688735
22600 -1.41114 0 0.482599
22650 -1.37745 0 0.647169
22700 -1.36708 0 0.673523
22750 -1.30165 0 0.615965
22800 -1.20344 0 0.443512
22850 -1.14198 0 0.582239
22900 -1.11762 0 0.538381
22950 -1.12541 0 0.52036
23000 -1.13394 0 0.427159
23050 -1.05385 0 0.515074
23100 -0.940821 0 0.664018
23150 -1.02718 0 0.501341
23200 -1.11392 0 0.430655
23250 -1.02959 0 0.343231
23300 -0.903886 0 0.522247
23350 -1.02081 0 0.584022
23400 -1.04577 0 0.478109
23450 -1.03171 0 0.323095
23500 -0.918987 0 0.391287
23550 -0.870037 0 0.581187
23600 -0.98527 0 0.478856
23650 -1.00845 0 0.383656
23700 -0.865177 0 0.287521
23750 -0.764844 0 0.423438
23800 -0.966078 0 0.527544
23850 -0.952813 0 0.381172
23900 -1.00364 0 0.304326
23950 -0.870764 0 0.250331
24000 -0.80737 0 0.410168
24050 -0.845951 0 0.482336
24100 -0.925006 0 0.383938
24150 -0.878001 0 0.258285
24200 -0.737117 0 0.282223
24250 -0.732664 0 0.304794
24300 -0.675785 0 0.383147
24350 -0.837375 0 0.296017
24400 -0.944244 0 0.241919
24450 -0.692501 0 0.217775
24500 -0.709307 0 0.325132
24550 -0.713159 0 0.436175
24600 -0.805727 0 0.293371
24650 -0.922697 0 0.243983
24700 -0.674411 0 0.17933
24750 -0.513422 0 0.258271
24800 -0.659081 0 0.381558
24850 -0.669811 0 0.351473
24900 -0.816282 0 0.268018
24950 -0.885323 0 0.18127
25000 -0.687282 0 0.16322
25050 -0.579093 0 0.247968
25100 -0.631798 0 0.399948
25150 -0.691067 0 0.306919
25200 -0.752189 0 0.271134
25250 -0.849629 0 0.161453
25300 -0.701197 0 0.187376
25350 -0.767476 0 0.427948
25400 -0.953528 0 0.517603
25450 -1.04898 0 0.440367
25500 -1.10819 0 0.415389
25550 -1.11214 0 0.434927
25600 -1.15299 0 0.65984
25650 -1.11779 0 0.776569
25700 -1.25518 0 0.687348
25750 -1.25919 0 0.501363
25800 -1.34721 0 0.617169
25850 -1.26193 0 0.588834
25900 -1.32069 0 0.623071
25950 -1.248 0 0.5153
26000 -1.35549 0 0.69294
26050 -1.32038 0 0.727341
26100 -1.36909 0 0.704299
26150 -1.33613 0 0.537075
26200 -1.38084 0 0.681478
26250 -1.34555 0 0.664998
26300 -1.44146 0 0.586458
26350 -1.37275 0 0.505464
26400 -1.33864 0 0.698412
26450 -1.33418 0 0.688807
26500 -1.3414 0 0.648866
26550 -1.32053 0 0.586246
26600 -1.22965 0 0.772905
26650 -1.26668 0 0.731053
26700 -1.24904 0 0.666586
26750 -1.22357 0 0.572124
26800 -1.17937 0 0.779038
26850 -1.10718 0 0.736583
26900 -1.09967 0 0.657245
26950 -1.01085 0 0.513464
27000 -0.891349 0 0.68078
27050 -0.895593 0 0.641823
27100 -1.00594 0 0.488656
27150 -1.02596 0 0.313236
27200 -0.869097 0 0.33702
27250 -0.963797 0 0.463929
27300 -0.884442 0 0.385542
27350 -1.10762 0 0.343517
27400 -0.963366 0 0.229745
27450 -0.840084 0 0.390805
27500 -0.86381 0 0.517006
27550 -0.867402 0 0.438874
27600 -1.03799 0 0.327693
27650 -0.946789 0 0.17734
27700 -0.827942 0 0.221294
27750 -0.825379 0 0.271798
27800 -0.809323 0 0.290777
27850 -0.809401 0 0.232075
27900 -0.685484 0 0.199491
27950 -0.536565 0 0.263056
28000 -0.487045 0 0.374784
28050 -0.474471 0 0.2514
28100 -0.482671 0 0.10857
28150 -0.330548 0 0.10355
28200 -0.0251625 0 0.126587
28250 0.264553 0 -0.473876
28300 0.277165 0 -0.359655
28350 0.166787 0 -0.310186
28400 0.0797661 0 -0.269546
28450 0.0292086 0 -0.201363
28500 -0.017927 0 -0.184461
28550 -0.00579757 0 -0.151917
28600 -0.00709397 0 -0.151297
28650 -0.00659221 0 -0.135313
28700 -0.0167592 0 -0.126577
28750 -0.0222432 0 -0.120752
28800 -0.015552 0 -0.128304
28850 -0.00778212 0 -0.12582
28900 -0.00183357 0 -0.127343
28950 0.00492051 0 -0.126844
29000 0.00454419 0 -0.126811
29050 0.00269164 0 -0.126556
29100 -0.00285129 0 -0.124654
29150 -0.00393246 0 -0.118823
29200 -0.00706932 0 -0.118591
29250 -0.0117974 0 -0.116247
29300 -0.0163199 0 -0.119874
29350 -0.0130085 0 -0.0968854
29400 -0.0612103 0 -0.0753079
29450 -0.025972 0 -0.0562835
