200 -0.0108817 0 -0.114272
250 -0.00522398 0 -0.118192
300 -0.0033173 0 -0.117558
350 0.00492668 0 -0.12172
400 0.00598366 0 -0.119155
450 -0.00769635 0 -0.120836
500 -0.0114485 0 -0.118519
550 -0.0149053 0 -0.113773
600 -0.0218352 0 -0.113504
650 -0.0133313 0 -0.119208
700 -0.0110139 0 -0.125009
750 -0.0568639 0 -0.142606
800 -0.0595745 0 -0.123363
850 -0.0692435 0 -0.081676
900 -0.232283 0 0.204833
950 -0.404228 0 0.42071
1000 -0.501154 0 0.312775
1050 -0.609383 0 0.240626
1100 -0.612742 0 0.156463
1150 -0.567779 0 0.196525
1200 -0.619179 0 0.388586
1250 -0.634817 0 0.468835
1300 -0.680584 0 0.347092
1350 -0.745874 0 0.304708
1400 -0.650425 0 0.245038
1450 -0.439546 0 0.20943
1500 -0.525654 0 0.425465
1550 -0.606279 0 0.387653
1600 -0.760571 0 0.274675
1650 -0.851956 0 0.202473
1700 -0.669033 0 0.158336
1750 -0.691697 0 0.350412
1800 -0.625262 0 0.548188
1850 -0.674187 0 0.426163
1900 -0.756743 0 0.296624
1950 -0.707208 0 0.211265
2000 -0.560292 0 0.24931
2050 -0.742148 0 0.477057
2100 -0.726179 0 0.469715
2150 -0.871527 0 0.387952
2200 -0.947932 0 0.319549
2250 -0.765136 0 0.254501
2300 -0.795624 0 0.416196
2350 -0.896527 0 0.520019
2400 -1.09047 0 0.517832
2450 -1.06443 0 0.46863
2500 -1.06182 0 0.408489
2550 -1.0915 0 0.546467
2600 -1.11595 0 0.636463
2650 -1.22532 0 0.622098
2700 -1.20699 0 0.552943
2750 -1.31495 0 0.644077
2800 -1.23075 0 0.657465
2850 -1.32253 0 0.683842
2900 -1.30465 0 0.525278
2950 -1.36066 0 0.716296
3000 -1.37312 0 0.731724
3050 -1.40854 0 0.651065
3100 -1.36329 0 0.560691
3150 -1.35592 0 0.752651
3200 -1.34393 0 0.649178
3250 -1.34002 0 0.6456
3300 -1.33647 0 0.528236
3350 -1.36153 0 0.64136
3400 -1.30922 0 0.639292
3450 -1.35119 0 0.56526
3500 -1.3172 0 0.547557
3550 -1.38195 0 0.663225
3600 -1.31189 0 0.638742
3650 -1.31871 0 0.589413
3700 -1.3616 0 0.644123
3750 -1.36643 0 0.712058
3800 -1.43003 0 0.669195
3850 -1.34823 0 0.609982
3900 -1.31895 0 0.733502
3950 -1.407 0 0.785921
4000 -1.4856 0 0.742482
4050 -1.33651 0 0.629572
4100 -1.31622 0 0.758365
4150 -1.3845 0 0.753513
4200 -1.41359 0 0.704827
4250 -1.33005 0 0.596124
4300 -1.17627 0 0.816853
4350 -1.17386 0 0.80321
4400 -1.26904 0 0.782135
4450 -1.20397 0 0.587712
4500 -1.0298 0 0.698104
4550 -0.865947 0 0.756534
4600 -0.969798 0 0.636471
4650 -0.96878 0 0.471736
4700 -0.947395 0 0.49393
4750 -0.870404 0 0.650236
4800 -0.77257 0 0.48198
4850 -1.01172 0 0.432886
4900 -0.836086 0 0.287966
4950 -0.759943 0 0.4361
5000 -0.880504 0 0.631434
5050 -0.819544 0 0.524638
5100 -0.957251 0 0.423514
5150 -0.766794 0 0.230805
5200 -0.707868 0 0.448809
5250 -0.802796 0 0.604452
5300 -0.7553 0 0.457904
5350 -0.917436 0 0.436774
5400 -0.78142 0 0.297042
5450 -0.839036 0 0.421335
5500 -0.814604 0 0.534669
5550 -0.726659 0 0.439518
5600 -0.869592 0 0.325414
5650 -0.726646 0 0.255722
5700 -0.6954 0 0.471074
5750 -0.755641 0 0.588772
5800 -0.69349 0 0.456968
5850 -0.743537 0 0.354626
5900 -0.67964 0 0.221429
5950 -0.608231 0 0.312847
6000 -0.646488 0 0.501203
6050 -0.556527 0 0.375075
6100 -0.705908 0 0.267806
6150 -0.767283 0 0.178707
6200 -0.579693 0 0.19542
6250 -0.692096 0 0.452323
6300 -0.627819 0 0.462376
6350 -0.694112 0 0.336671
6400 -0.872484 0 0.260297
6450 -0.712602 0 0.183788
6500 -0.556299 0 0.334466
6550 -0.556875 0 0.465276
6600 -0.542676 0 0.378697
6650 -0.734661 0 0.311298
6700 -0.834171 0 0.218843
6750 -0.630787 0 0.201683
6800 -0.880609 0 0.447399
6850 -0.971164 0 0.505263
6900 -0.973216 0 0.445242
6950 -1.04441 0 0.384425
7000 -1.07144 0 0.412707
7050 -1.06716 0 0.559895
7100 -1.11654 0 0.664081
7150 -1.25395 0 0.588134
7200 -1.32663 0 0.485616
7250 -1.38721 0 0.698828
7300 -1.28148 0 0.707286
7350 -1.32958 0 0.672035
7400 -1.28965 0 0.5302
7450 -1.351 0 0.700561
7500 -1.31447 0 0.672222
7550 -1.31408 0 0.671086
7600 -1.29977 0 0.563242
7650 -1.3477 0 0.739556
7700 -1.35933 0 0.675449
7750 -1.41185 0 0.608915
7800 -1.4012 0 0.5306
7850 -1.42282 0 0.699895
7900 -1.37838 0 0.693111
7950 -1.48571 0 0.543108
8000 -1.44681 0 0.519247
8050 -1.33118 0 0.739364
8100 -1.368 0 0.743766
8150 -1.34418 0 0.551321
8200 -1.33855 0 0.538225
8250 -1.27687 0 0.619886
8300 -1.26442 0 0.617145
8350 -1.20623 0 0.554253
8400 -1.07942 0 0.631818
8450 -0.910818 0 0.725318
8500 -0.879784 0 0.676422
8550 -0.927214 0 0.589446
8600 -0.819615 0 0.591825
8650 -0.66917 0 0.708473
8700 -0.576917 0 0.677349
8750 -0.783917 0 0.550648
8800 -0.844097 0 0.340677
8850 -0.704305 0 0.441974
8900 -0.700197 0 0.510066
8950 -0.654547 0 0.402506
9000 -0.872256 0 0.339389
9050 -0.779801 0 0.208458
9100 -0.650919 0 0.36148
9150 -0.701874 0 0.42633
9200 -0.642172 0 0.27509
9250 -0.84163 0 0.324476
9300 -0.795453 0 0.226786
9350 -0.703082 0 0.330618
9400 -0.749713 0 0.485591
9450 -0.699092 0 0.391638
9500 -0.840342 0 0.37026
9550 -0.869054 0 0.237956
9600 -0.688975 0 0.341964
9650 -0.695228 0 0.408773
9700 -0.684793 0 0.420919
9750 -0.79324 0 0.361485
9800 -0.924937 0 0.256651
9850 -0.757451 0 0.190761
9900 -0.680248 0 0.28151
9950 -0.718162 0 0.398169
10000 -0.815766 0 0.309206
10050 -0.936261 0 0.280995
10100 -0.865488 0 0.240321
10150 -0.767099 0 0.179903
10200 -0.750382 0 0.271019
10250 -0.665481 0 0.323199
10300 -0.706659 0 0.341556
10350 -0.82571 0 0.23528
10400 -0.726871 0 0.220079
10450 -0.555113 0 0.149132
10500 -0.525483 0 0.249937
10550 -0.392809 0 0.165923
10600 -0.53701 0 0.114098
10650 -0.623502 0 0.0373248
10700 -0.560825 0 0.0451678
10750 -0.324207 0 0.124087
10800 -0.509365 0 0.35865
10850 -0.55276 0 0.319254
10900 -0.68237 0 0.249641
10950 -0.704901 0 0.184814
11000 -0.638024 0 0.194524
11050 -0.713105 0 0.498303
11100 -0.656336 0 0.406972
11150 -0.783977 0 0.318625
11200 -0.753903 0 0.303831
11250 -0.577862 0 0.232701
11300 -0.505987 0 0.385081
11350 -0.554268 0 0.450452
11400 -0.621369 0 0.340477
11450 -0.825782 0 0.270007
11500 -0.78144 0 0.161921
11550 -0.61177 0 0.19426
11600 -0.576811 0 0.345195
11650 -0.573566 0 0.308309
11700 -0.694289 0 0.302938
11750 -0.734748 0 0.208665
11800 -0.790428 0 0.212926
11850 -1.07393 0 0.608241
11900 -1.0873 0 0.610604
11950 -1.26559 0 0.476439
12000 -1.15285 0 0.318325
12050 -1.2835 0 0.407085
12100 -1.27372 0 0.618782
12150 -1.304 0 0.648303
12200 -1.35415 0 0.516343
12250 -1.38944 0 0.555797
12300 -1.34666 0 0.583172
12350 -1.31221 0 0.583771
12400 -1.36332 0 0.458393
12450 -1.43542 0 0.577231
12500 -1.48362 0 0.651787
12550 -1.45289 0 0.640964
12600 -1.3923 0 0.474762
12650 -1.41077 0 0.623671
12700 -1.37059 0 0.591864
12750 -1.33557 0 0.561702
12800 -1.33075 0 0.483614
12850 -1.39184 0 0.636137
12900 -1.38652 0 0.612839
12950 -1.36157 0 0.540882
13000 -1.38355 0 0.479831
13050 -1.41666 0 0.617264
13100 -1.35426 0 0.617341
13150 -1.4704 0 0.55102
13200 -1.50733 0 0.582425
13250 -1.45963 0 0.665525
13300 -1.42962 0 0.648333
13350 -1.41978 0 0.538539
13400 -1.38185 0 0.653753
13450 -1.35436 0 0.640042
13500 -1.38142 0 0.62741
13550 -1.32498 0 0.507486
13600 -1.30178 0 0.645437
13650 -1.39258 0 0.673555
13700 -1.35651 0 0.603698
13750 -1.32105 0 0.492341
13800 -1.33773 0 0.60006
13850 -1.33817 0 0.596174
13900 -1.39828 0 0.540926
13950 -1.36357 0 0.527802
14000 -1.42942 0 0.686763
14050 -1.45493 0 0.674436
14100 -1.39342 0 0.607718
14150 -1.40672 0 0.631028
14200 -1.35972 0 0.728162
14250 -1.41692 0 0.688298
14300 -1.36812 0 0.501503
14350 -1.28341 0 0.570942
14400 -1.26712 0 0.628725
14450 -1.25029 0 0.577963
14500 -1.14118 0 0.480933
14550 -1.13798 0 0.515536
14600 -0.992404 0 0.591766
14650 -0.996494 0 0.487348
14700 -1.00096 0 0.378494
14750 -0.929466 0 0.387077
14800 -0.910835 0 0.519894
14850 -0.888191 0 0.559024
14900 -0.971422 0 0.491124
14950 -0.87355 0 0.359936
15000 -0.730762 0 0.388726
15050 -0.764102 0 0.518227
15100 -0.796405 0 0.492796
15150 -0.930734 0 0.38722
15200 -0.835628 0 0.289064
15250 -0.666774 0 0.387971
15300 -0.768333 0 0.499972
15350 -0.72844 0 0.433042
15400 -0.802523 0 0.31356
15450 -0.805641 0 0.257837
15500 -0.620616 0 0.246658
15550 -0.649968 0 0.429313
15600 -0.617229 0 0.35622
15650 -0.71657 0 0.268382
15700 -0.820815 0 0.238063
15750 -0.744891 0 0.137717
15800 -0.59551 0 0.22696
15850 -0.619817 0 0.373615
15900 -0.584315 0 0.361362
15950 -0.735722 0 0.248351
16000 -0.833303 0 0.161986
16050 -0.610411 0 0.150389
16100 -0.60976 0 0.268099
16150 -0.643928 0 0.417497
16200 -0.651688 0 0.363252
16250 -0.77566 0 0.293671
16300 -0.729725 0 0.239375
16350 -0.586483 0 0.270278
16400 -0.638529 0 0.414777
16450 -0.67605 0 0.440472
16500 -0.822582 0 0.34928
16550 -0.920843 0 0.315463
16600 -0.793385 0 0.299447
16650 -0.720297 0 0.467101
16700 -0.78701 0 0.478071
16750 -0.796907 0 0.386776
16800 -0.765649 0 0.315598
16850 -0.643179 0 0.263958
16900 -0.573085 0 0.36528
16950 -0.58659 0 0.445908
17000 -0.582911 0 0.301027
17050 -0.669118 0 0.224515
17100 -0.621671 0 0.186331
17150 -0.398792 0 0.245827
17200 -0.663305 0 0.395958
17250 -0.589557 0 0.34985
17300 -0.706803 0 0.304269
17350 -0.790887 0 0.221552
17400 -0.593477 0 0.179965
17450 -0.474598 0 0.415596
17500 -0.545596 0 0.46628
17550 -0.666365 0 0.346215
17600 -0.757496 0 0.287287
17650 -0.734786 0 0.211379
17700 -0.583152 0 0.22786
17750 -0.569323 0 0.425382
17800 -0.613497 0 0.454358
17850 -0.601317 0 0.302364
17900 -0.659676 0 0.241213
17950 -0.665722 0 0.201613
18000 -0.52623 0 0.229013
18050 -0.443279 0 0.395332
18100 -0.513725 0 0.45065
18150 -0.538949 0 0.311225
18200 -0.662003 0 0.279514
18250 -0.780363 0 0.142974
18300 -0.600236 0 0.115036
18350 -0.598086 0 0.283253
18400 -0.702759 0 0.444538
18450 -0.682324 0 0.340558
18500 -0.721456 0 0.263401
18550 -0.743186 0 0.171136
18600 -0.642101 0 0.204236
18650 -0.819064 0 0.610272
18700 -0.957647 0 0.541907
18750 -1.13089 0 0.526478
18800 -1.08585 0 0.419879
18850 -1.11197 0 0.4746
18900 -1.10302 0 0.713814
18950 -1.1404 0 0.661011
19000 -1.18042 0 0.565441
19050 -1.18575 0 0.497929
19100 -1.20358 0 0.621631
19150 -1.16311 0 0.77458
19200 -1.32691 0 0.742861
19250 -1.32475 0 0.548521
19300 -1.31425 0 0.620907
19350 -1.19902 0 0.606064
19400 -1.27975 0 0.547421
19450 -1.3136 0 0.503193
19500 -1.29112 0 0.668046
19550 -1.28001 0 0.661073
19600 -1.37711 0 0.638399
19650 -1.36199 0 0.56638
19700 -1.31709 0 0.778206
19750 -1.31172 0 0.729527
19800 -1.28853 0 0.623344
19850 -1.28682 0 0.549522
19900 -1.3229 0 0.717944
19950 -1.30081 0 0.710917
20000 -1.32013 0 0.623193
20050 -1.32201 0 0.606151
20100 -1.21981 0 0.830542
20150 -1.2926 0 0.80128
20200 -1.26568 0 0.622634
20250 -1.28607 0 0.57058
20300 -1.31064 0 0.626355
20350 -1.29849 0 0.61817
20400 -1.32389 0 0.530463
20450 -1.29094 0 0.580934
20500 -1.36794 0 0.705486
20550 -1.44944 0 0.648453
20600 -1.36808 0 0.556869
20650 -1.3184 0 0.636354
20700 -1.24915 0 0.738645
20750 -1.29356 0 0.705875
20800 -1.31547 0 0.604621
20850 -1.34974 0 0.625966
20900 -1.19359 0 0.703662
20950 -1.21426 0 0.665491
21000 -1.30624 0 0.545684
21050 -1.30985 0 0.519054
21100 -1.24672 0 0.587409
21150 -1.26481 0 0.524949
21200 -1.23356 0 0.424169
21250 -1.26714 0 0.438778
21300 -1.25717 0 0.429568
21350 -1.2028 0 0.362845
21400 -1.20924 0 0.335978
21450 -1.2494 0 0.37113
21500 -1.26116 0 0.564961
21550 -1.26095 0 0.610063
21600 -1.3468 0 0.577499
21650 -1.35342 0 0.555446
21700 -1.30536 0 0.7353
21750 -1.35153 0 0.702176
21800 -1.35848 0 0.587081
21850 -1.33504 0 0.602837
21900 -1.36537 0 0.709239
21950 -1.35959 0 0.653673
22000 -1.32908 0 0.55428
22050 -1.33747 0 0.576011
22100 -1.34978 0 0.70678
22150 -1.38466 0 0.653885
22200 -1.35351 0 0.546104
22250 -1.3484 0 0.613186
22300 -1.31555 0 0.660916
22350 -1.34329 0 0.618926
22400 -1.31899 0 0.521689
22450 -1.37161 0 0.627862
22500 -1.39215 0 0.686362
22550 -1.40548 0 0.687107
22600 -1.41114 0 0.482599
22650 -1.37745 0 0.647169
22700 -1.36708 0 0.673523
22750 -1.30165 0 0.615965
22800 -1.19546 0 0.426998
22850 -1.12573 0 0.573994
22900 -1.10808 0 0.545658
22950 -1.12115 0 0.533652
23000 -1.13394 0 0.427159
23050 -1.05385 0 0.515074
23100 -0.940821 0 0.664018
23150 -1.02718 0 0.501341
23200 -1.09669 0 0.453421
23250 -1.04253 0 0.350727
23300 -0.90825 0 0.518192
23350 -1.02161 0 0.586289
23400 -1.04577 0 0.478109
23450 -1.03171 0 0.323095
23500 -0.918987 0 0.391287
23550 -0.870037 0 0.581187
23600 -0.961488 0 0.456947
23650 -0.994434 0 0.376521
23700 -0.866766 0 0.282396
23750 -0.76774 0 0.419851
23800 -0.966078 0 0.527544
23850 -0.952813 0 0.381172
23900 -1.00364 0 0.304326
23950 -0.870764 0 0.250331
24000 -0.80737 0 0.410168
24050 -0.845951 0 0.482336
24100 -0.925006 0 0.383938
24150 -0.878001 0 0.258285
24200 -0.737117 0 0.282223
24250 -0.732664 0 0.304794
24300 -0.675785 0 0.383147
24350 -0.837375 0 0.296017
24400 -0.961369 0 0.217248
24450 -0.716923 0 0.189714
24500 -0.711451 0 0.31033
24550 -0.712855 0 0.434033
24600 -0.805727 0 0.293371
24650 -0.922697 0 0.243983
24700 -0.674411 0 0.17933
24750 -0.513422 0 0.258271
24800 -0.637988 0 0.387019
24850 -0.679162 0 0.35725
24900 -0.816176 0 0.269889
24950 -0.88588 0 0.182434
25000 -0.687282 0 0.16322
25050 -0.579093 0 0.247968
25100 -0.631798 0 0.399948
25150 -0.691067 0 0.306919
25200 -0.728543 0 0.275569
25250 -0.837328 0 0.174838
25300 -0.698177 0 0.189958
25350 -0.766001 0 0.418007
25400 -0.953528 0 0.517603
25450 -1.04898 0 0.440367
25500 -1.10819 0 0.415389
25550 -1.11214 0 0.434927
25600 -1.21213 0 0.701967
25650 -1.16029 0 0.782049
25700 -1.25976 0 0.68955
25750 -1.26144 0 0.499612
25800 -1.34721 0 0.617169
25850 -1.26193 0 0.588834
25900 -1.32069 0 0.623071
25950 -1.248 0 0.5153
26000 -1.35549 0 0.69294
26050 -1.32038 0 0.727341
26100 -1.36909 0 0.704299
26150 -1.33613 0 0.537075
26200 -1.38084 0 0.681478
26250 -1.34555 0 0.664998
26300 -1.44146 0 0.586458
26350 -1.37275 0 0.505464
26400 -1.36157 0 0.692825
26450 -1.352 0 0.688079
26500 -1.35006 0 0.648923
26550 -1.32671 0 0.586474
26600 -1.22965 0 0.772905
26650 -1.26668 0 0.731053
26700 -1.24904 0 0.666586
26750 -1.22357 0 0.572124
26800 -1.19989 0 0.777089
26850 -1.13315 0 0.737352
26900 -1.10716 0 0.656882
26950 -1.01156 0 0.513604
27000 -0.891349 0 0.68078
27050 -0.895593 0 0.641823
27100 -1.00594 0 0.488656
27150 -1.02596 0 0.313236
27200 -0.896326 0 0.316324
27250 -0.966518 0 0.461531
27300 -0.880043 0 0.378783
27350 -1.10845 0 0.339488
27400 -0.963366 0 0.229745
27450 -0.840084 0 0.390805
27500 -0.86381 0 0.517006
27550 -0.867402 0 0.438874
27600 -1.03446 0 0.333712
27650 -0.947067 0 0.176643
27700 -0.826119 0 0.220521
27750 -0.825013 0 0.271806
27800 -0.809323 0 0.290777
27850 -0.809401 0 0.232075
27900 -0.685484 0 0.199491
27950 -0.536565 0 0.263056
28000 -0.487045 0 0.374784
28050 -0.474471 0 0.2514
28100 -0.482671 0 0.10857
28150 -0.330548 0 0.10355
28200 -0.0251625 0 0.126587
28250 0.264553 0 -0.473876
28300 0.277165 0 -0.359655
28350 0.166787 0 -0.310186
28400 -0.00940391 0 0.0167148
28450 -0.0299557 0 -0.155972
28500 -0.0578862 0 -0.162994
28550 -0.0164707 0 -0.154964
28600 -0.00709397 0 -0.151297
28650 -0.00659221 0 -0.135313
28700 -0.0167592 0 -0.126577
28750 -0.0222432 0 -0.120752
28800 -0.016928 0 -0.119447
28850 -0.0102038 0 -0.123261
28900 -0.00322639 0 -0.127056
28950 0.00464293 0 -0.126871
29000 0.00454419 0 -0.126811
29050 0.00269164 0 -0.126556
29100 -0.00285129 0 -0.124654
29150 -0.00393246 0 -0.118823
29200 -0.00941759 0 -0.117325
29250 -0.0134739 0 -0.115825
29300 -0.0169684 0 -0.11984
29350 -0.0131563 0 -0.0969072
29400 -0.0612103 0 -0.0753079
29450 -0.025972 0 -0.0562835
