200 -0.0108817 0 -0.114272
250 -0.00522398 0 -0.118192
300 -0.0033173 0 -0.117558
350 0.00492668 0 -0.12172
400 0.00598366 0 -0.119155
450 -0.00769635 0 -0.120836
500 -0.0114485 0 -0.118519
550 -0.0149053 0 -0.113773
600 -0.0218352 0 -0.113504
650 -0.0133313 0 -0.119208
700 -0.0110139 0 -0.125009
750 -0.0568639 0 -0.142606
800 -0.0595745 0 -0.123363
850 -0.0692435 0 -0.081676
900 -0.232283 0 0.204833
950 -0.404228 0 0.42071
1000 -0.501154 0 0.312775
1050 -0.609383 0 0.240626
1100 -0.612742 0 0.156463
1150 -0.567779 0 0.196525
1200 -0.693975 0 0.0549447
1250 -0.247701 0 -0.694874
1300 -0.768862 0 0.272312
1350 -0.711966 0 0.27839
1400 -0.650425 0 0.245038
1450 -0.439546 0 0.20943
1500 -0.525654 0 0.425465
1550 -0.606279 0 0.387653
1600 0.855094 0 -0.590206
1650 -1.09281 0 0.466813
1700 -0.965705 0 0.3845
1750 -0.719524 0 0.466168
1800 -0.625262 0 0.548188
1850 -0.674187 0 0.426163
1900 -0.756743 0 0.296624
1950 -0.707208 0 0.211265
2000 -0.560292 0 0.24931
2050 -0.742148 0 0.477057
2100 -0.726179 0 0.469715
2150 -0.871527 0 0.387952
2200 -0.947932 0 0.319549
2250 -0.765136 0 0.254501
2300 -0.795624 0 0.416196
2350 -0.896527 0 0.520019
2400 -0.987737 0 0.503997
2450 -0.963249 0 0.492828
2500 -1.02778 0 0.449072
2550 -1.07458 0 0.562401
2600 -1.11595 0 0.636463
2650 -1.22532 0 0.622098
2700 -1.20699 0 0.552943
2750 -1.31495 0 0.644077
2800 0.875195 0 -0.576322
2850 -1.17098 0 0.525753
2900 -1.18216 0 0.508765
2950 -1.24583 0 0.569623
3000 -1.37312 0 0.731724
3050 -1.40854 0 0.651065
3100 -1.36329 0 0.560691
3150 -1.35592 0 0.752651
3200 0.879074 0 -0.568961
3250 0.879044 0 -0.568932
3300 0.878727 0 -0.568548
3350 0.877244 0 -0.566217
3400 -1.30922 0 0.639292
3450 -1.35119 0 0.56526
3500 -1.3172 0 0.547557
3550 -1.38195 0 0.663225
3600 0.879076 0 -0.568975
3650 0.879039 0 -0.569006
3700 0.878533 0 -0.568841
3750 0.87646 0 -0.566009
3800 -1.43003 0 0.669195
3850 -1.34823 0 0.609982
3900 -1.31895 0 0.733502
3950 -1.407 0 0.785921
4000 -1.4856 0 0.742482
4050 -1.33651 0 0.629572
4100 -1.31622 0 0.758365
4150 -1.3845 0 0.753513
4200 -1.41359 0 0.704827
4250 -1.33005 0 0.596124
4300 -1.17627 0 0.816853
4350 -1.17386 0 0.80321
4400 0.873082 0 -0.564944
4450 -1.19204 0 0.521151
4500 -1.14171 0 0.537071
4550 -1.03615 0 0.606185
4600 -0.969798 0 0.636471
4650 -0.96878 0 0.471736
4700 -0.947395 0 0.49393
4750 -0.870404 0 0.650236
4800 0.878858 0 -0.569503
4850 0.872985 0 -0.568685
4900 0.819052 0 -0.529376
4950 -0.921746 0 0.312164
5000 -0.880504 0 0.631434
5050 -0.819544 0 0.524638
5100 -0.957251 0 0.423514
5150 -0.766794 0 0.230805
5200 0.879001 0 -0.568988
5250 0.878341 0 -0.568534
5300 0.872012 0 -0.565332
5350 -1.21372 0 0.470663
5400 -0.78142 0 0.297042
5450 -0.839036 0 0.421335
5500 -0.814604 0 0.534669
5550 -0.726659 0 0.439518
5600 0.879072 0 -0.56897
5650 0.879046 0 -0.568924
5700 0.873758 0 -0.563692
5750 0.839544 0 -0.524816
5800 -0.69349 0 0.456968
5850 -0.743537 0 0.354626
5900 -0.67964 0 0.221429
5950 -0.608231 0 0.312847
6000 -0.646488 0 0.501203
6050 -0.556527 0 0.375075
6100 -0.705908 0 0.267806
6150 -0.767283 0 0.178707
6200 -0.579693 0 0.19542
6250 -0.692096 0 0.452323
6300 -0.627819 0 0.462376
6350 -0.694112 0 0.336671
6400 -0.538946 0 0.267191
6450 -0.461256 0 0.288555
6500 -0.459628 0 0.406121
6550 -0.54595 0 0.439488
6600 -0.542676 0 0.378697
6650 -0.734661 0 0.311298
6700 -0.834171 0 0.218843
6750 -0.630787 0 0.201683
6800 -0.86541 0 0.0646613
6850 -1.00172 0 0.279147
6900 -0.964224 0 0.329457
6950 -1.03399 0 0.374167
7000 -1.07144 0 0.412707
7050 -1.06716 0 0.559895
7100 -1.11654 0 0.664081
7150 -1.25395 0 0.588134
7200 -1.21896 0 0.460649
7250 -1.2162 0 0.615244
7300 -1.18569 0 0.709316
7350 -1.28737 0 0.675359
7400 -1.28965 0 0.5302
7450 -1.351 0 0.700561
7500 -1.31447 0 0.672222
7550 -1.31408 0 0.671086
7600 0.879089 0 -0.569208
7650 0.879027 0 -0.569206
7700 0.878385 0 -0.56867
7750 -1.25302 0 0.536094
7800 -1.4012 0 0.5306
7850 -1.42282 0 0.699895
7900 -1.37838 0 0.693111
7950 -1.48571 0 0.543108
8000 -1.44681 0 0.519247
8050 -1.33118 0 0.739364
8100 -1.368 0 0.743766
8150 -1.34418 0 0.551321
8200 -1.33855 0 0.538225
8250 -1.27687 0 0.619886
8300 -1.26442 0 0.617145
8350 -1.20623 0 0.554253
8400 -1.07257 0 0.481887
8450 -0.940983 0 0.619242
8500 -0.880628 0 0.554372
8550 -0.900648 0 0.54021
8600 -0.819615 0 0.591825
8650 -0.66917 0 0.708473
8700 -0.576917 0 0.677349
8750 -0.783917 0 0.550648
8800 -1.05157 0 0.404145
8850 -0.952646 0 0.437142
8900 -0.86117 0 0.597977
8950 -0.740245 0 0.471912
9000 -0.872256 0 0.339389
9050 -0.779801 0 0.208458
9100 -0.650919 0 0.36148
9150 -0.701874 0 0.42633
9200 -0.599153 0 0.329939
9250 -0.706882 0 0.403687
9300 -0.721446 0 0.317777
9350 -0.686614 0 0.403635
9400 -0.749713 0 0.485591
9450 -0.699092 0 0.391638
9500 -0.840342 0 0.37026
9550 -0.869054 0 0.237956
9600 -0.670278 0 0.322042
9650 -0.732704 0 0.329191
9700 -0.681565 0 0.339005
9750 -0.756808 0 0.350742
9800 -0.924937 0 0.256651
9850 -0.757451 0 0.190761
9900 -0.680248 0 0.28151
9950 -0.718162 0 0.398169
10000 -0.815766 0 0.309206
10050 -0.936261 0 0.280995
10100 -0.865488 0 0.240321
10150 -0.767099 0 0.179903
10200 -0.750382 0 0.271019
10250 -0.665481 0 0.323199
10300 -0.706659 0 0.341556
10350 -0.82571 0 0.23528
10400 -0.600937 0 0.244371
10450 -0.490143 0 0.155504
10500 -0.46004 0 0.20942
10550 -0.350307 0 0.14658
10600 -0.53701 0 0.114098
10650 -0.623502 0 0.0373248
10700 -0.560825 0 0.0451678
10750 -0.324207 0 0.124087
10800 -0.246131 0 0.299712
10850 -0.256879 0 0.240834
10900 -0.485985 0 0.218952
10950 -0.624627 0 0.168619
11000 -0.638024 0 0.194524
11050 -0.713105 0 0.498303
11100 -0.656336 0 0.406972
11150 -0.783977 0 0.318625
11200 -0.532742 0 0.279741
11250 -0.452471 0 0.209436
11300 -0.45568 0 0.363928
11350 -0.552603 0 0.441788
11400 -0.621369 0 0.340477
11450 -0.825782 0 0.270007
11500 -0.78144 0 0.161921
11550 -0.61177 0 0.19426
11600 -0.497126 0 0.301938
11650 -0.390187 0 0.27221
11700 -0.571758 0 0.29907
11750 -0.682921 0 0.20061
11800 -0.790428 0 0.212926
11850 -1.07393 0 0.608241
11900 -1.0873 0 0.610604
11950 -1.26559 0 0.476439
12000 -1.15285 0 0.318325
12050 -1.2835 0 0.407085
12100 -1.27372 0 0.618782
12150 -1.304 0 0.648303
12200 -1.35415 0 0.516343
12250 -1.38944 0 0.555797
12300 -1.34666 0 0.583172
12350 -1.31221 0 0.583771
12400 -1.27613 0 0.402858
12450 -1.36184 0 0.564228
12500 -1.4664 0 0.664304
12550 -1.43064 0 0.6545
12600 -1.3923 0 0.474762
12650 -1.41077 0 0.623671
12700 -1.37059 0 0.591864
12750 -1.33557 0 0.561702
12800 0.87907 0 -0.568973
12850 0.87907 0 -0.56897
12900 0.878969 0 -0.568849
12950 0.87704 0 -0.567637
13000 -1.38355 0 0.479831
13050 -1.41666 0 0.617264
13100 -1.35426 0 0.617341
13150 -1.4704 0 0.55102
13200 0.879073 0 -0.568969
13250 0.879068 0 -0.568969
13300 0.87886 0 -0.568822
13350 -1.25763 0 0.507417
13400 -1.38185 0 0.653753
13450 -1.35436 0 0.640042
13500 -1.38142 0 0.62741
13550 -1.32498 0 0.507486
13600 0.879073 0 -0.568969
13650 0.879073 0 -0.568969
13700 0.879071 0 -0.56897
13750 0.878898 0 -0.568933
13800 -1.33773 0 0.60006
13850 -1.33817 0 0.596174
13900 -1.39828 0 0.540926
13950 -1.36357 0 0.527802
14000 -1.42942 0 0.686763
14050 -1.45493 0 0.674436
14100 -1.39342 0 0.607718
14150 -1.40672 0 0.631028
14200 -1.35972 0 0.728162
14250 -1.41692 0 0.688298
14300 -1.36812 0 0.501503
14350 -1.28341 0 0.570942
14400 -1.21931 0 0.478941
14450 -1.18772 0 0.464449
14500 -1.11295 0 0.472764
14550 -1.1409 0 0.541912
14600 -0.992404 0 0.591766
14650 -0.996494 0 0.487348
14700 -1.00096 0 0.378494
14750 -0.929466 0 0.387077
14800 -1.3636 0 0.343799
14850 -1.34627 0 0.436022
14900 -1.25888 0 0.445193
14950 -1.03772 0 0.374966
15000 -0.730762 0 0.388726
15050 -0.764102 0 0.518227
15100 -0.796405 0 0.492796
15150 -0.930734 0 0.38722
15200 -0.739783 0 0.290537
15250 -0.57633 0 0.316927
15300 -0.74725 0 0.541472
15350 -0.675994 0 0.460931
15400 -0.802523 0 0.31356
15450 -0.805641 0 0.257837
15500 -0.620616 0 0.246658
15550 -0.649968 0 0.429313
15600 -0.658212 0 0.309409
15650 -0.707428 0 0.289918
15700 -0.80886 0 0.275189
15750 -0.769889 0 0.13224
15800 -0.59551 0 0.22696
15850 -0.619817 0 0.373615
15900 -0.584315 0 0.361362
15950 -0.735722 0 0.248351
16000 -0.833303 0 0.161986
16050 -0.610411 0 0.150389
16100 -0.60976 0 0.268099
16150 -0.643928 0 0.417497
16200 -0.651688 0 0.363252
16250 -0.77566 0 0.293671
16300 -0.729725 0 0.239375
16350 -0.586483 0 0.270278
16400 -0.615076 0 -0.0874757
16450 -0.675039 0 0.111965
16500 -0.747705 0 0.190831
16550 -0.895904 0 0.310908
16600 -0.793385 0 0.299447
16650 -0.720297 0 0.467101
16700 -0.78701 0 0.478071
16750 -0.796907 0 0.386776
16800 0.0277313 0 -1.10927
16850 -0.755282 0 0.468719
16900 -0.696176 0 0.511903
16950 -0.674051 0 0.403715
17000 -0.582911 0 0.301027
17050 -0.669118 0 0.224515
17100 -0.621671 0 0.186331
17150 -0.398792 0 0.245827
17200 0.856733 0 -0.563115
17250 -1.16074 0 0.560432
17300 -1.13468 0 0.511953
17350 -1.02719 0 0.318625
17400 -0.593477 0 0.179965
17450 -0.474598 0 0.415596
17500 -0.545596 0 0.46628
17550 -0.666365 0 0.346215
17600 0.878924 0 -0.569038
17650 0.878503 0 -0.568908
17700 0.870614 0 -0.564382
17750 -1.06159 0 0.399311
17800 -0.613497 0 0.454358
17850 -0.601317 0 0.302364
17900 -0.659676 0 0.241213
17950 -0.665722 0 0.201613
18000 -0.52623 0 0.229013
18050 -0.443279 0 0.395332
18100 -0.513725 0 0.45065
18150 -0.538949 0 0.311225
18200 -0.662003 0 0.279514
18250 -0.780363 0 0.142974
18300 -0.600236 0 0.115036
18350 -0.598086 0 0.283253
18400 -0.88326 0 0.682438
18450 -0.795632 0 0.567142
18500 -0.764915 0 0.359127
18550 -0.815031 0 0.203384
18600 -0.642101 0 0.204236
18650 -0.819064 0 0.610272
18700 -0.957647 0 0.541907
18750 -1.13089 0 0.526478
18800 -0.991831 0 0.569355
18850 -1.06614 0 0.610894
18900 -1.15213 0 0.673567
18950 -1.17137 0 0.648228
19000 -1.18042 0 0.565441
19050 -1.18575 0 0.497929
19100 -1.20358 0 0.621631
19150 -1.16311 0 0.77458
19200 -1.26908 0 0.682707
19250 -1.25173 0 0.559825
19300 -1.23212 0 0.537428
19350 -1.17226 0 0.562841
19400 -1.27975 0 0.547421
19450 -1.3136 0 0.503193
19500 -1.29112 0 0.668046
19550 -1.28001 0 0.661073
19600 0.879047 0 -0.568971
19650 0.878972 0 -0.568906
19700 0.878783 0 -0.568752
19750 0.87564 0 -0.565142
19800 -1.28853 0 0.623344
19850 -1.28682 0 0.549522
19900 -1.3229 0 0.717944
19950 -1.30081 0 0.710917
20000 -1.32013 0 0.623193
20050 -1.32201 0 0.606151
20100 -1.21981 0 0.830542
20150 -1.2926 0 0.80128
20200 -1.26568 0 0.622634
20250 -1.28607 0 0.57058
20300 -1.31064 0 0.626355
20350 -1.29849 0 0.61817
20400 -1.26238 0 0.594267
20450 -1.25635 0 0.599657
20500 -1.33635 0 0.634837
20550 -1.45972 0 0.600992
20600 -1.36808 0 0.556869
20650 -1.3184 0 0.636354
20700 -1.24915 0 0.738645
20750 -1.29356 0 0.705875
20800 -1.28236 0 0.421291
20850 -1.30407 0 0.543656
20900 -1.15126 0 0.709329
20950 -1.19072 0 0.674464
21000 -1.30624 0 0.545684
21050 -1.30985 0 0.519054
21100 -1.24672 0 0.587409
21150 -1.26481 0 0.524949
21200 -1.24038 0 0.29828
21250 -1.25158 0 0.366437
21300 -1.24224 0 0.420767
21350 -1.19691 0 0.352694
21400 -1.20924 0 0.335978
21450 -1.2494 0 0.37113
21500 -1.26116 0 0.564961
21550 -1.26095 0 0.610063
21600 -1.37337 0 0.658234
21650 -1.37875 0 0.58919
21700 -1.26588 0 0.64981
21750 -1.29594 0 0.654726
21800 -1.35848 0 0.587081
21850 -1.33504 0 0.602837
21900 -1.36537 0 0.709239
21950 -1.35959 0 0.653673
22000 -1.32908 0 0.55428
22050 -1.33747 0 0.576011
22100 -1.34978 0 0.70678
22150 -1.38466 0 0.653885
22200 -1.35351 0 0.546104
22250 -1.3484 0 0.613186
22300 -1.31555 0 0.660916
22350 -1.34329 0 0.618926
22400 -1.29027 0 0.395543
22450 -1.31807 0 0.543085
22500 -1.3343 0 0.67084
22550 -1.3682 0 0.703042
22600 -1.41114 0 0.482599
22650 -1.37745 0 0.647169
22700 -1.36708 0 0.673523
22750 -1.30165 0 0.615965
22800 0.878495 0 -0.569766
22850 0.878049 0 -0.568854
22900 0.875096 0 -0.566515
22950 -1.15204 0 0.556309
23000 -1.13394 0 0.427159
23050 -1.05385 0 0.515074
23100 -0.940821 0 0.664018
23150 -1.02718 0 0.501341
23200 0.879023 0 -0.56893
23250 0.878218 0 -0.568227
23300 0.868177 0 -0.558827
23350 -1.16816 0 0.498835
23400 -1.04577 0 0.478109
23450 -1.03171 0 0.323095
23500 -0.918987 0 0.391287
23550 -0.870037 0 0.581187
23600 0.879074 0 -0.568969
23650 0.879069 0 -0.568967
23700 0.878391 0 -0.568044
23750 0.859512 0 -0.547243
23800 -0.966078 0 0.527544
23850 -0.952813 0 0.381172
23900 -1.00364 0 0.304326
23950 -0.870764 0 0.250331
24000 -0.80737 0 0.410168
24050 -0.845951 0 0.482336
24100 -0.925006 0 0.383938
24150 -0.878001 0 0.258285
24200 -0.737117 0 0.282223
24250 -0.732664 0 0.304794
24300 -0.675785 0 0.383147
24350 -0.837375 0 0.296017
24400 -0.0101498 0 -1.19768
24450 -0.550611 0 0.197776
24500 -0.610637 0 0.327108
24550 -0.702793 0 0.391036
24600 -0.805727 0 0.293371
24650 -0.922697 0 0.243983
24700 -0.674411 0 0.17933
24750 -0.513422 0 0.258271
24800 -1.13373 0 0.579635
24850 -1.21168 0 0.554268
24900 -1.15061 0 0.455288
24950 -1.09995 0 0.234413
25000 -0.687282 0 0.16322
25050 -0.579093 0 0.247968
25100 -0.631798 0 0.399948
25150 -0.691067 0 0.306919
25200 -0.673381 0 0.522474
25250 -0.846876 0 0.322416
25300 -0.725783 0 0.198315
25350 -0.782468 0 0.332686
25400 -0.953528 0 0.517603
25450 -1.04898 0 0.440367
25500 -1.10819 0 0.415389
25550 -1.11214 0 0.434927
25600 -1.52726 0 0.58955
25650 -1.42614 0 0.64993
25700 -1.3323 0 0.637241
25750 -1.26551 0 0.474566
25800 -1.34721 0 0.617169
25850 -1.26193 0 0.588834
25900 -1.32069 0 0.623071
25950 -1.248 0 0.5153
26000 -1.35549 0 0.69294
26050 -1.32038 0 0.727341
26100 -1.36909 0 0.704299
26150 -1.33613 0 0.537075
26200 -1.38084 0 0.681478
26250 -1.34555 0 0.664998
26300 -1.44146 0 0.586458
26350 -1.37275 0 0.505464
26400 0.879031 0 -0.568956
26450 0.878915 0 -0.568816
26500 0.877703 0 -0.568004
26550 -1.25288 0 0.523404
26600 -1.22965 0 0.772905
26650 -1.26668 0 0.731053
26700 -1.24904 0 0.666586
26750 -1.22357 0 0.572124
26800 0.879074 0 -0.568969
26850 0.879074 0 -0.568969
26900 0.879073 0 -0.568969
26950 0.878373 0 -0.568433
27000 -0.891349 0 0.68078
27050 -0.895593 0 0.641823
27100 -1.00594 0 0.488656
27150 -1.02596 0 0.313236
27200 0.840407 0 -0.550001
27250 0.77484 0 -0.480452
27300 -1.19445 0 0.423867
27350 -1.23359 0 0.345752
27400 -0.963366 0 0.229745
27450 -0.840084 0 0.390805
27500 -0.86381 0 0.517006
27550 -0.867402 0 0.438874
27600 -0.625429 0 0.308168
27650 -0.72144 0 0.265734
27700 -0.785218 0 0.253256
27750 -0.816889 0 0.259087
27800 -0.809323 0 0.290777
27850 -0.809401 0 0.232075
27900 -0.685484 0 0.199491
27950 -0.536565 0 0.263056
28000 -0.487045 0 0.374784
28050 -0.474471 0 0.2514
28100 -0.482671 0 0.10857
28150 -0.330548 0 0.10355
28200 -0.0251625 0 0.126587
28250 0.264553 0 -0.473876
28300 0.277165 0 -0.359655
28350 0.166787 0 -0.310186
28400 0.000925539 0 -0.791764
28450 -0.000731349 0 -0.523612
28500 -0.114903 0 -0.505331
28550 0.0776994 0 0.010719
28600 -0.00709397 0 -0.151297
28650 -0.00659221 0 -0.135313
28700 -0.0167592 0 -0.126577
28750 -0.0222432 0 -0.120752
28800 -0.135205 0 -0.476695
28850 -0.259925 0 0.306184
28900 -0.0571771 0 0.14026
28950 0.175414 0 -0.310648
29000 0.00454419 0 -0.126811
29050 0.00269164 0 -0.126556
29100 -0.00285129 0 -0.124654
29150 -0.00393246 0 -0.118823
29200 -0.0629834 0 0.130775
29250 0.169273 0 -0.279624
29300 0.109699 0 -0.244108
29350 0.0672934 0 -0.155345
29400 -0.0612103 0 -0.0753079
29450 -0.025972 0 -0.0562835
