200 -0.0108817 0 -0.114272
250 -0.00522398 0 -0.118192
300 -0.0033173 0 -0.117558
350 0.00492668 0 -0.12172
400 0.00598366 0 -0.119155
450 -0.00769635 0 -0.120836
500 -0.0114485 0 -0.118519
550 -0.0149053 0 -0.113773
600 -0.0218352 0 -0.113504
650 -0.0133313 0 -0.119208
700 -0.0110139 0 -0.125009
750 -0.0568639 0 -0.142606
800 -0.0595745 0 -0.123363
850 -0.0692435 0 -0.081676
900 -0.232283 0 0.204833
950 -0.404228 0 0.42071
1000 -0.501154 0 0.312775
1050 -0.609383 0 0.240626
1100 -0.612742 0 0.156463
1150 -0.567779 0 0.196525
1200 -0.780377 0 0.268321
1250 -0.787272 0 0.411452
1300 -0.789934 0 0.326709
1350 -0.775656 0 0.286919
1400 -0.650425 0 0.245038
1450 -0.439546 0 0.20943
1500 -0.525654 0 0.425465
1550 -0.606279 0 0.387653
1600 -0.748128 0 0.273521
1650 -0.824144 0 0.242791
1700 -0.6773 0 0.200606
1750 -0.71397 0 0.37015
1800 -0.625262 0 0.548188
1850 -0.674187 0 0.426163
1900 -0.756743 0 0.296624
1950 -0.707208 0 0.211265
2000 -0.560292 0 0.24931
2050 -0.742148 0 0.477057
2100 -0.726179 0 0.469715
2150 -0.871527 0 0.387952
2200 -0.947932 0 0.319549
2250 -0.765136 0 0.254501
2300 -0.795624 0 0.416196
2350 -0.896527 0 0.520019
2400 -1.05777 0 0.502661
2450 -1.01306 0 0.483547
2500 -1.04673 0 0.429144
2550 -1.08288 0 0.557813
2600 -1.11595 0 0.636463
2650 -1.22532 0 0.622098
2700 -1.20699 0 0.552943
2750 -1.31495 0 0.644077
2800 -1.13722 0 0.542721
2850 -1.1582 0 0.608611
2900 -1.2054 0 0.527109
2950 -1.31068 0 0.672328
3000 -1.37312 0 0.731724
3050 -1.40854 0 0.651065
3100 -1.36329 0 0.560691
3150 -1.35592 0 0.752651
3200 -1.21897 0 0.576817
3250 -1.21674 0 0.581554
3300 -1.23804 0 0.521764
3350 -1.30472 0 0.596587
3400 -1.30922 0 0.639292
3450 -1.35119 0 0.56526
3500 -1.3172 0 0.547557
3550 -1.38195 0 0.663225
3600 -1.26848 0 0.642615
3650 -1.26728 0 0.609688
3700 -1.29952 0 0.615979
3750 -1.35401 0 0.678167
3800 -1.43003 0 0.669195
3850 -1.34823 0 0.609982
3900 -1.31895 0 0.733502
3950 -1.407 0 0.785921
4000 -1.4856 0 0.742482
4050 -1.33651 0 0.629572
4100 -1.31622 0 0.758365
4150 -1.3845 0 0.753513
4200 -1.41359 0 0.704827
4250 -1.33005 0 0.596124
4300 -1.17627 0 0.816853
4350 -1.17386 0 0.80321
4400 -1.18437 0 0.71927
4450 -1.19193 0 0.599153
4500 -1.04097 0 0.667232
4550 -0.881422 0 0.741933
4600 -0.969798 0 0.636471
4650 -0.96878 0 0.471736
4700 -0.947395 0 0.49393
4750 -0.870404 0 0.650236
4800 -0.811856 0 0.276084
4850 -0.999294 0 0.364988
4900 -0.891468 0 0.267299
4950 -0.819254 0 0.406718
5000 -0.880504 0 0.631434
5050 -0.819544 0 0.524638
5100 -0.957251 0 0.423514
5150 -0.766794 0 0.230805
5200 -0.761381 0 0.521482
5250 -0.89242 0 0.61251
5300 -0.821236 0 0.458794
5350 -0.961368 0 0.41774
5400 -0.78142 0 0.297042
5450 -0.839036 0 0.421335
5500 -0.814604 0 0.534669
5550 -0.726659 0 0.439518
5600 -0.761327 0 0.234178
5650 -0.607854 0 0.223264
5700 -0.651032 0 0.483526
5750 -0.765306 0 0.57928
5800 -0.69349 0 0.456968
5850 -0.743537 0 0.354626
5900 -0.67964 0 0.221429
5950 -0.608231 0 0.312847
6000 -0.646488 0 0.501203
6050 -0.556527 0 0.375075
6100 -0.705908 0 0.267806
6150 -0.767283 0 0.178707
6200 -0.579693 0 0.19542
6250 -0.692096 0 0.452323
6300 -0.627819 0 0.462376
6350 -0.694112 0 0.336671
6400 -0.788878 0 0.247746
6450 -0.660957 0 0.191704
6500 -0.53175 0 0.352191
6550 -0.549925 0 0.462799
6600 -0.542676 0 0.378697
6650 -0.734661 0 0.311298
6700 -0.834171 0 0.218843
6750 -0.630787 0 0.201683
6800 -0.906544 0 0.27646
6850 -1.01477 0 0.416881
6900 -0.995886 0 0.399485
6950 -1.04896 0 0.376783
7000 -1.07144 0 0.412707
7050 -1.06716 0 0.559895
7100 -1.11654 0 0.664081
7150 -1.25395 0 0.588134
7200 -1.26531 0 0.470762
7250 -1.27962 0 0.696003
7300 -1.21698 0 0.760955
7350 -1.31626 0 0.701743
7400 -1.28965 0 0.5302
7450 -1.351 0 0.700561
7500 -1.31447 0 0.672222
7550 -1.31408 0 0.671086
7600 -1.20976 0 0.570289
7650 -1.2425 0 0.708719
7700 -1.27735 0 0.681864
7750 -1.38833 0 0.609197
7800 -1.4012 0 0.5306
7850 -1.42282 0 0.699895
7900 -1.37838 0 0.693111
7950 -1.48571 0 0.543108
8000 -1.44681 0 0.519247
8050 -1.33118 0 0.739364
8100 -1.368 0 0.743766
8150 -1.34418 0 0.551321
8200 -1.33855 0 0.538225
8250 -1.27687 0 0.619886
8300 -1.26442 0 0.617145
8350 -1.20623 0 0.554253
8400 -1.06198 0 0.57495
8450 -0.899621 0 0.684693
8500 -0.84344 0 0.619133
8550 -0.891837 0 0.567277
8600 -0.819615 0 0.591825
8650 -0.66917 0 0.708473
8700 -0.576917 0 0.677349
8750 -0.783917 0 0.550648
8800 -0.851594 0 0.30716
8850 -0.678742 0 0.385463
8900 -0.677096 0 0.57801
8950 -0.630907 0 0.457382
9000 -0.872256 0 0.339389
9050 -0.779801 0 0.208458
9100 -0.650919 0 0.36148
9150 -0.701874 0 0.42633
9200 -0.555302 0 0.282881
9250 -0.735836 0 0.365184
9300 -0.73348 0 0.276302
9350 -0.693876 0 0.371582
9400 -0.749713 0 0.485591
9450 -0.699092 0 0.391638
9500 -0.840342 0 0.37026
9550 -0.869054 0 0.237956
9600 -0.63252 0 0.310183
9650 -0.685301 0 0.353164
9700 -0.660997 0 0.38256
9750 -0.773819 0 0.354984
9800 -0.924937 0 0.256651
9850 -0.757451 0 0.190761
9900 -0.680248 0 0.28151
9950 -0.718162 0 0.398169
10000 -0.815766 0 0.309206
10050 -0.936261 0 0.280995
10100 -0.865488 0 0.240321
10150 -0.767099 0 0.179903
10200 -0.750382 0 0.271019
10250 -0.665481 0 0.323199
10300 -0.706659 0 0.341556
10350 -0.82571 0 0.23528
10400 -0.625641 0 0.219307
10450 -0.514136 0 0.152382
10500 -0.498541 0 0.233662
10550 -0.385641 0 0.158874
10600 -0.53701 0 0.114098
10650 -0.623502 0 0.0373248
10700 -0.560825 0 0.0451678
10750 -0.324207 0 0.124087
10800 -0.273612 0 0.303289
10850 -0.322642 0 0.249853
10900 -0.543563 0 0.219313
10950 -0.651514 0 0.173013
11000 -0.638024 0 0.194524
11050 -0.713105 0 0.498303
11100 -0.656336 0 0.406972
11150 -0.783977 0 0.318625
11200 -0.599477 0 0.266749
11250 -0.476449 0 0.185333
11300 -0.463097 0 0.365086
11350 -0.543562 0 0.447324
11400 -0.621369 0 0.340477
11450 -0.825782 0 0.270007
11500 -0.78144 0 0.161921
11550 -0.61177 0 0.19426
11600 -0.487623 0 0.343262
11650 -0.411809 0 0.301203
11700 -0.562702 0 0.297524
11750 -0.675955 0 0.202786
11800 -0.790428 0 0.212926
11850 -1.07393 0 0.608241
11900 -1.0873 0 0.610604
11950 -1.26559 0 0.476439
12000 -1.15285 0 0.318325
12050 -1.2835 0 0.407085
12100 -1.27372 0 0.618782
12150 -1.304 0 0.648303
12200 -1.35415 0 0.516343
12250 -1.38944 0 0.555797
12300 -1.34666 0 0.583172
12350 -1.31221 0 0.583771
12400 -1.33639 0 0.44816
12450 -1.41158 0 0.575665
12500 -1.48824 0 0.651668
12550 -1.45235 0 0.640056
12600 -1.3923 0 0.474762
12650 -1.41077 0 0.623671
12700 -1.37059 0 0.591864
12750 -1.33557 0 0.561702
12800 -1.24299 0 0.510195
12850 -1.27148 0 0.573766
12900 -1.28264 0 0.594528
12950 -1.34577 0 0.55317
13000 -1.38355 0 0.479831
13050 -1.41666 0 0.617264
13100 -1.35426 0 0.617341
13150 -1.4704 0 0.55102
13200 -1.46674 0 0.59175
13250 -1.43522 0 0.64693
13300 -1.41752 0 0.634288
13350 -1.4235 0 0.536637
13400 -1.38185 0 0.653753
13450 -1.35436 0 0.640042
13500 -1.38142 0 0.62741
13550 -1.32498 0 0.507486
13600 -1.25932 0 0.581376
13650 -1.28148 0 0.608902
13700 -1.27068 0 0.558739
13750 -1.27346 0 0.498021
13800 -1.33773 0 0.60006
13850 -1.33817 0 0.596174
13900 -1.39828 0 0.540926
13950 -1.36357 0 0.527802
14000 -1.42942 0 0.686763
14050 -1.45493 0 0.674436
14100 -1.39342 0 0.607718
14150 -1.40672 0 0.631028
14200 -1.35972 0 0.728162
14250 -1.41692 0 0.688298
14300 -1.36812 0 0.501503
14350 -1.28341 0 0.570942
14400 -1.25653 0 0.502159
14450 -1.21964 0 0.480789
14500 -1.11823 0 0.468907
14550 -1.12978 0 0.538566
14600 -0.992404 0 0.591766
14650 -0.996494 0 0.487348
14700 -1.00096 0 0.378494
14750 -0.929466 0 0.387077
14800 -1.24327 0 0.467699
14850 -1.23879 0 0.517117
14900 -1.2031 0 0.444993
14950 -0.954676 0 0.346032
15000 -0.730762 0 0.388726
15050 -0.764102 0 0.518227
15100 -0.796405 0 0.492796
15150 -0.930734 0 0.38722
15200 -0.704466 0 0.299521
15250 -0.543717 0 0.347213
15300 -0.73322 0 0.535228
15350 -0.69649 0 0.454687
15400 -0.802523 0 0.31356
15450 -0.805641 0 0.257837
15500 -0.620616 0 0.246658
15550 -0.649968 0 0.429313
15600 -0.572752 0 0.260487
15650 -0.667311 0 0.224379
15700 -0.789119 0 0.239319
15750 -0.748976 0 0.130802
15800 -0.59551 0 0.22696
15850 -0.619817 0 0.373615
15900 -0.584315 0 0.361362
15950 -0.735722 0 0.248351
16000 -0.833303 0 0.161986
16050 -0.610411 0 0.150389
16100 -0.60976 0 0.268099
16150 -0.643928 0 0.417497
16200 -0.651688 0 0.363252
16250 -0.77566 0 0.293671
16300 -0.729725 0 0.239375
16350 -0.586483 0 0.270278
16400 -0.631514 0 0.174678
16450 -0.68843 0 0.297842
16500 -0.812168 0 0.277457
16550 -0.916008 0 0.310341
16600 -0.793385 0 0.299447
16650 -0.720297 0 0.467101
16700 -0.78701 0 0.478071
16750 -0.796907 0 0.386776
16800 -0.594313 0 0.306319
16850 -0.559815 0 0.325038
16900 -0.58208 0 0.417404
16950 -0.610199 0 0.420498
17000 -0.582911 0 0.301027
17050 -0.669118 0 0.224515
17100 -0.621671 0 0.186331
17150 -0.398792 0 0.245827
17200 -0.720451 0 0.16638
17250 -0.632975 0 0.187063
17300 -0.709923 0 0.242607
17350 -0.792604 0 0.227791
17400 -0.593477 0 0.179965
17450 -0.474598 0 0.415596
17500 -0.545596 0 0.46628
17550 -0.666365 0 0.346215
17600 -0.593328 0 0.353607
17650 -0.662644 0 0.260132
17700 -0.558137 0 0.238748
17750 -0.576145 0 0.414151
17800 -0.613497 0 0.454358
17850 -0.601317 0 0.302364
17900 -0.659676 0 0.241213
17950 -0.665722 0 0.201613
18000 -0.52623 0 0.229013
18050 -0.443279 0 0.395332
18100 -0.513725 0 0.45065
18150 -0.538949 0 0.311225
18200 -0.662003 0 0.279514
18250 -0.780363 0 0.142974
18300 -0.600236 0 0.115036
18350 -0.598086 0 0.283253
18400 -0.615103 0 0.462182
18450 -0.57381 0 0.368863
18500 -0.635978 0 0.265888
18550 -0.721496 0 0.164492
18600 -0.642101 0 0.204236
18650 -0.819064 0 0.610272
18700 -0.957647 0 0.541907
18750 -1.13089 0 0.526478
18800 -0.990983 0 0.474458
18850 -1.03552 0 0.528529
18900 -1.10197 0 0.721946
18950 -1.14752 0 0.676011
19000 -1.18042 0 0.565441
19050 -1.18575 0 0.497929
19100 -1.20358 0 0.621631
19150 -1.16311 0 0.77458
19200 -1.33097 0 0.813053
19250 -1.30898 0 0.597963
19300 -1.27434 0 0.586157
19350 -1.1781 0 0.595631
19400 -1.27975 0 0.547421
19450 -1.3136 0 0.503193
19500 -1.29112 0 0.668046
19550 -1.28001 0 0.661073
19600 -1.26134 0 0.647039
19650 -1.27768 0 0.618413
19700 -1.27159 0 0.677742
19750 -1.28174 0 0.677291
19800 -1.28853 0 0.623344
19850 -1.28682 0 0.549522
19900 -1.3229 0 0.717944
19950 -1.30081 0 0.710917
20000 -1.32013 0 0.623193
20050 -1.32201 0 0.606151
20100 -1.21981 0 0.830542
20150 -1.2926 0 0.80128
20200 -1.26568 0 0.622634
20250 -1.28607 0 0.57058
20300 -1.31064 0 0.626355
20350 -1.29849 0 0.61817
20400 -1.31555 0 0.58593
20450 -1.28779 0 0.611508
20500 -1.37235 0 0.682813
20550 -1.46718 0 0.628464
20600 -1.36808 0 0.556869
20650 -1.3184 0 0.636354
20700 -1.24915 0 0.738645
20750 -1.29356 0 0.705875
20800 -1.30562 0 0.523186
20850 -1.33467 0 0.59322
20900 -1.17294 0 0.710499
20950 -1.20422 0 0.669923
21000 -1.30624 0 0.545684
21050 -1.30985 0 0.519054
21100 -1.24672 0 0.587409
21150 -1.26481 0 0.524949
21200 -1.23877 0 0.405885
21250 -1.27348 0 0.42444
21300 -1.25775 0 0.422395
21350 -1.20077 0 0.355158
21400 -1.20924 0 0.335978
21450 -1.2494 0 0.37113
21500 -1.26116 0 0.564961
21550 -1.26095 0 0.610063
21600 -1.35946 0 0.702967
21650 -1.37015 0 0.625359
21700 -1.28833 0 0.700213
21750 -1.33254 0 0.687853
21800 -1.35848 0 0.587081
21850 -1.33504 0 0.602837
21900 -1.36537 0 0.709239
21950 -1.35959 0 0.653673
22000 -1.32908 0 0.55428
22050 -1.33747 0 0.576011
22100 -1.34978 0 0.70678
22150 -1.38466 0 0.653885
22200 -1.35351 0 0.546104
22250 -1.3484 0 0.613186
22300 -1.31555 0 0.660916
22350 -1.34329 0 0.618926
22400 -1.31023 0 0.46109
22450 -1.34978 0 0.598902
22500 -1.37235 0 0.687778
22550 -1.39348 0 0.69816
22600 -1.41114 0 0.482599
22650 -1.37745 0 0.647169
22700 -1.36708 0 0.673523
22750 -1.30165 0 0.615965
22800 -1.15902 0 0.417481
22850 -1.06965 0 0.541559
22900 -1.07608 0 0.569095
22950 -1.09712 0 0.597445
23000 -1.13394 0 0.427159
23050 -1.05385 0 0.515074
23100 -0.940821 0 0.664018
23150 -1.02718 0 0.501341
23200 -1.07071 0 0.469355
23250 -1.06943 0 0.360389
23300 -0.920851 0 0.507157
23350 -1.02354 0 0.590367
23400 -1.04577 0 0.478109
23450 -1.03171 0 0.323095
23500 -0.918987 0 0.391287
23550 -0.870037 0 0.581187
23600 -0.873217 0 0.351162
23650 -0.95579 0 0.316276
23700 -0.846663 0 0.255426
23750 -0.771705 0 0.397101
23800 -0.966078 0 0.527544
23850 -0.952813 0 0.381172
23900 -1.00364 0 0.304326
23950 -0.870764 0 0.250331
24000 -0.80737 0 0.410168
24050 -0.845951 0 0.482336
24100 -0.925006 0 0.383938
24150 -0.878001 0 0.258285
24200 -0.737117 0 0.282223
24250 -0.732664 0 0.304794
24300 -0.675785 0 0.383147
24350 -0.837375 0 0.296017
24400 -0.808785 0 0.101274
24450 -0.636961 0 0.110776
24500 -0.643215 0 0.313233
24550 -0.695855 0 0.417175
24600 -0.805727 0 0.293371
24650 -0.922697 0 0.243983
24700 -0.674411 0 0.17933
24750 -0.513422 0 0.258271
24800 -0.41665 0 0.238213
24850 -0.465012 0 0.23462
24900 -0.666081 0 0.207381
24950 -0.810734 0 0.180842
25000 -0.687282 0 0.16322
25050 -0.579093 0 0.247968
25100 -0.631798 0 0.399948
25150 -0.691067 0 0.306919
25200 -0.617575 0 0.33898
25250 -0.777506 0 0.217755
25300 -0.681496 0 0.172656
25350 -0.771602 0 0.378791
25400 -0.953528 0 0.517603
25450 -1.04898 0 0.440367
25500 -1.10819 0 0.415389
25550 -1.11214 0 0.434927
25600 -1.43711 0 0.696253
25650 -1.34705 0 0.723621
25700 -1.3113 0 0.663425
25750 -1.26543 0 0.484477
25800 -1.34721 0 0.617169
25850 -1.26193 0 0.588834
25900 -1.32069 0 0.623071
25950 -1.248 0 0.5153
26000 -1.35549 0 0.69294
26050 -1.32038 0 0.727341
26100 -1.36909 0 0.704299
26150 -1.33613 0 0.537075
26200 -1.38084 0 0.681478
26250 -1.34555 0 0.664998
26300 -1.44146 0 0.586458
26350 -1.37275 0 0.505464
26400 -1.34244 0 0.697718
26450 -1.34575 0 0.721115
26500 -1.35382 0 0.649288
26550 -1.34262 0 0.579312
26600 -1.22965 0 0.772905
26650 -1.26668 0 0.731053
26700 -1.24904 0 0.666586
26750 -1.22357 0 0.572124
26800 -1.2541 0 0.777674
26850 -1.21226 0 0.796491
26900 -1.18257 0 0.667809
26950 -1.0251 0 0.511339
27000 -0.891349 0 0.68078
27050 -0.895593 0 0.641823
27100 -1.00594 0 0.488656
27150 -1.02596 0 0.313236
27200 -0.880249 0 0.281186
27250 -0.951253 0 0.436873
27300 -0.848957 0 0.351404
27350 -1.07909 0 0.312605
27400 -0.963366 0 0.229745
27450 -0.840084 0 0.390805
27500 -0.86381 0 0.517006
27550 -0.867402 0 0.438874
27600 -0.868189 0 0.326931
27650 -0.841251 0 0.188922
27700 -0.782035 0 0.223019
27750 -0.812111 0 0.268648
27800 -0.809323 0 0.290777
27850 -0.809401 0 0.232075
27900 -0.685484 0 0.199491
27950 -0.536565 0 0.263056
28000 -0.487045 0 0.374784
28050 -0.474471 0 0.2514
28100 -0.482671 0 0.10857
28150 -0.330548 0 0.10355
28200 -0.0251625 0 0.126587
28250 0.264553 0 -0.473876
28300 0.277165 0 -0.359655
28350 0.166787 0 -0.310186
28400 -0.207518 0 0.0894175
28450 -0.126774 0 -0.306931
28500 -0.0985015 0 -0.23028
28550 0.0017377 0 -0.157982
28600 -0.00709397 0 -0.151297
28650 -0.00659221 0 -0.135313
28700 -0.0167592 0 -0.126577
28750 -0.0222432 0 -0.120752
28800 -0.0328062 0 -0.137344
28850 0.00298029 0 -0.120145
28900 -0.00197338 0 -0.133405
28950 0.013131 0 -0.122761
29000 0.00454419 0 -0.126811
29050 0.00269164 0 -0.126556
29100 -0.00285129 0 -0.124654
29150 -0.00393246 0 -0.118823
29200 -0.0115943 0 -0.118185
29250 -0.0115744 0 -0.114147
29300 -0.0171257 0 -0.120111
29350 -0.0124136 0 -0.096594
29400 -0.0612103 0 -0.0753079
29450 -0.025972 0 -0.0562835
