# Created at Sun Sep 17 16:33:53 CDT 2017
971670620560971 1
971671134141293 2
971671706986752 3
971672200822202 4
971672714402524 5
971673168687192 6
971673682236996 7
971674136582700 8
971674650132504 9
971675104447690 10
971675598283139 11
971676052628842 12
971676566178647 13
971677020493832 14
971677514298764 15
971677968644467 16
971678462386717 17
971678936477293 18
971679430282224 19
971679904342283 20
971680417922605 21
971680892013182 22
971681445083250 23
971681958663572 24
971682294448484 25
971683104354490 26
971683736404051 27
971684309249510 28
971685000594724 29
971685514175047 30
971686225265135 31
971686798110594 32
971687469649900 33
971688062270750 34
971688812859473 35
971689425194678 36
971692664666113 37
971693415276465 38
971694007866797 39
971694462181983 40
971695015282569 41
971695449852881 42
971695983178076 43
971696437493262 44
971696951043067 45
971697385613379 46
971697899224219 47
971698333727135 48
971698867082848 49
971699321367516 50
971699815202965 51
971700309007897 52
971700862077965 53
971701355913415 54
971701928758874 55
971702481859460 56
971703133745446 57
971703686754479 58
971704200365319 59
971706215135827 60
971706985491051 61
971707558336510 62
971708131151452 63
971709671876067 64
971710244752043 65
971713168152922 66
971713780518645 67
971714452088469 68
971715182953948 69
971715736024016 70
971716348389739 71
971717810151213 72
971718363167609 73
971718896492805 74
971719370552863 75
971719884133185 76
971720298958625 77
971720832253303 78
971721247109260 79
971721740914191 80
971722195259894 81
971722689064826 82
971723143349494 83
971723637184943 84
971724091500129 85
971724565560187 86
971725019936408 87
971725513741340 88
971725948311652 89
971726442086066 90
971726896431769 91
971727390236701 92
971727824837531 93
971728358146977 94
971728792717289 95
971729286552739 96
971729740837406 97
971730254417729 98
971730748253178 99
971731301353764 100
971731795189213 101
971732407554936 102
971732960594487 103
971733612449955 104
971734165489506 105
971734422325444 106
971734876610112 107
971735390190434 108
971736042045903 109
971738372867712 110
971740960544714 111
971741651889929 112
971742224704870 113
971742995090612 114
971743567936071 115
971744121006140 116
971744930881628 117
971745444492468 118
971745938297400 119
971746906162390 120
971747913608679 121
971752595027122 122
971753088862571 123
971753641932639 124
971754116023216 125
971754669093284 126
971755103694114 127
971755617243919 128
971756071589622 129
971756585169944 130
971757039454612 131
971757572810325 132
971758007380637 133
971758540716458 134
971758995031643 135
971759508581448 136
971759962957669 137
971760476507473 138
971760930883694 139
971761464208889 140
971761918463040 141
971762471533108 142
971762925878811 143
971763439428616 144
971763913549710 145
971764427099514 146
971764920904446 147
971765474035550 148
971765928381253 149
971766461675930 150
971766915991116 151
971767409796048 152
971767883917141 153
971768397468169 154
971768851813872 155
971769365363677 156
971769819678862 157
971770333289702 158
971770767860015 159
971771281440337 160
971771755530913 161
971772308570464 162
971772782630523 163
971773375220855 164
971773888801177 165
971774481391509 166
971775014716704 167
971775627082427 168
971776160438140 169
971776812263091 170
971777345588286 171
971777977698882 172
971778511060458 173
971779024640780 174
971779794965487 175
971780525861483 176
971784753003817 177
971785266584139 178
971785839429598 179
971786313550692 180
971786866559725 181
971787301160555 182
971787834516268 183
971788288789372 184
971788802369695 185
971789236940007 186
971789770265202 187
971790224580388 188
971790738191228 189
971791212312322 190
971791765382390 191
971792259156804 192
971792832002263 193
971793365327458 194
971793977693181 195
971794530763249 196
971795162873845 197
971795715943913 198
971796348085027 199
971796940675359 200
