# Created at Sun Sep 17 16:20:08 CDT 2017
970840801789761 1
970841275819302 2
970841809113979 3
970842263337612 4
970842796662807 5
970843290376186 6
970843803956509 7
970844297669888 8
970844850739956 9
970845344483852 10
970845897492886 11
970846371583462 12
970846904817104 13
970847359101772 14
970847931849713 15
970848425654644 16
970848958888287 17
970849472407574 18
970850005702252 19
970850499507183 20
970851052516216 21
970851546260113 22
970852119075054 23
970852593074078 24
970853165858502 25
970853659632916 26
970854212641949 27
970854706416363 28
970855259516949 29
970855753291363 30
970856306239361 31
970856760524029 32
970857313533062 33
970857807340720 34
970858360380271 35
970858854185202 36
970859407163718 37
970859900968649 38
970860454038718 39
970860928007224 40
970861500822165 41
970861974821189 42
970862547636130 43
970863021635153 44
970863574674704 45
970864048673728 46
970864621458151 47
970865075742819 48
970865648496726 49
970866142301657 50
970866715116599 51
970867189115622 52
970867742143210 53
970868235917624 54
970868769242820 55
970869282762107 56
970869835771140 57
970870329606589 58
970870882585105 59
970871376390037 60
970871949143943 61
970872423173484 62
970872995927390 63
970873489762839 64
970873786027488 65
970874576036033 66
970875168565329 67
970875662370261 68
970876235124167 69
970876728929099 70
970877301713523 71
970877795454859 72
970878368269801 73
970878881789088 74
970879434859156 75
970879928603053 76
970880501448512 77
970880995161891 78
970881587752223 79
970882101240992 80
970882674025416 81
970883187575221 82
970883740584254 83
970884234389186 84
970884807173609 85
970885300917506 86
970885873732447 87
970886367537379 88
970886920576930 89
970887394575953 90
970887967360377 91
970888441379820 92
970889033939634 93
970889527744566 94
970890120243345 95
970890614017759 96
970891167057310 97
970891680576597 98
970892253361021 99
970892727421080 100
970893300174986 101
970893793979918 102
970894366733824 103
970894860538755 104
970895433353697 105
970895907322203 106
970896480137144 107
970896954197203 108
970897507206236 109
970898000980650 110
970898554048728 111
970899047792625 112
970899620668601 113
970900114412498 114
970900687166404 115
970901161226463 116
970901733980369 117
970902227785301 118
970902780794334 119
970903254854392 120
970903827608299 121
970904321443748 122
970904894197654 123
970905348451805 124
970905921297264 125
970906434816551 126
970906987825584 127
970907501344871 128
970908074159812 129
970908548209725 130
970909101188241 131
970909614768563 132
970909891257821 133
970910661582528 134
970911254111825 135
970911708427010 136
970912320670662 137
970912814506112 138
970913367515145 139
970913861289559 140
970914414390145 141
970914908134041 142
970915480918465 143
970915974723397 144
970916527732430 145
970917021537362 146
970917594291268 147
970918107841073 148
970918700412807 149
970919194187222 150
970919767032681 151
970920280551968 152
970920853305874 153
970921347110806 154
970921900119839 155
970922413669643 156
970922986484585 157
970923460544643 158
970924072788296 159
970924527072964 160
970925099948940 161
970925593692837 162
970926166477261 163
970926640506802 164
970927233036098 165
970927707065640 166
970928319333997 167
970928793363538 168
970929366147962 169
970929840208020 170
970930393217054 171
970930887052503 172
970931459775892 173
970931973356214 174
970932526365247 175
970933020170179 176
970933612699476 177
970934106504407 178
970934679319349 179
970935173063245 180
970935765653577 181
970936259397474 182
970936832181897 183
970937325986829 184
970937918546643 185
970938412333005 186
970938708597653 187
970939459208005 188
970940031961911 189
970940525736325 190
970941098520749 191
970941592295163 192
970942165079587 193
970942658884518 194
970943231699460 195
970943745249264 196
970944298288815 197
970944811777585 198
970945364817135 199
970945858683102 200
970946451181882 201
970946925180905 202
970947517771237 203
970947991800778 204
970948564558163 205
970949038648739 206
970949611433163 207
970950085493222 208
970950658277646 209
970951152052060 210
970951724867001 211
970952218610898 212
970952771650448 213
970953265455380 214
970953858015194 215
970954332044736 216
970954904890194 217
970955378858700 218
970955971449032 219
970956445417538 220
970957018232480 221
970957492262021 222
970958065046444 223
970958558844090 224
970959151403905 225
970959645208836 226
970960217993260 227
970960731512547 228
970961304327489 229
970961798071385 230
970962390661717 231
970962943670750 232
970963575720311 233
