200 -0.00995633 0 0.0458093
250 -0.00311172 0 0.0244988
300 -0.00910485 0 0.0169653
350 -0.00651069 0 0.00319857
400 -0.0108626 0 0.00315643
450 -0.014535 0 0.0132998
500 -0.0110286 0 0.015958
550 -0.0109237 0 0.0149961
600 -0.0102253 0 0.0145926
650 -0.0064746 0 0.0218365
700 -0.00928852 0 0.0122451
750 -0.0214647 0 -0.133704
800 -0.333649 0 -0.151459
850 0.0183243 0 -0.390105
900 0.348725 0 -0.75762
950 0.650691 0 -1.09954
1000 0.368904 0 -1.0893
1050 0.147368 0 -0.972198
1100 0.316039 0 -0.874045
1150 0.643041 0 -1.05821
1200 0.55656 0 -1.10771
1250 0.256777 0 -1.13071
1300 0.357869 0 -1.01726
1350 0.468317 0 -1.05929
1400 0.49117 0 -1.10494
1450 0.370581 0 -1.11605
1500 0.16694 0 -1.05831
1550 0.404211 0 -0.960713
1600 0.659533 0 -1.12517
1650 0.436088 0 -1.11334
1700 0.287701 0 -1.12427
1750 0.342401 0 -1.01248
1800 0.517342 0 -1.09004
1850 0.455685 0 -1.12178
1900 0.255128 0 -1.18296
1950 0.186469 0 -0.984331
2000 0.506751 0 -1.02543
2050 0.629847 0 -1.13546
2100 0.390085 0 -1.14138
2150 0.156996 0 -1.07469
2200 0.423309 0 -0.954687
2250 0.803794 0 -1.14629
2300 0.510491 0 -1.22087
2350 0.178108 0 -1.22805
2400 0.387401 0 -1.02334
2450 0.72489 0 -1.17113
2500 0.534243 0 -1.19256
2550 0.214831 0 -1.23818
2600 0.333222 0 -1.07158
2650 0.718931 0 -1.19153
2700 0.599108 0 -1.20955
2750 0.223615 0 -1.22805
2800 0.210038 0 -1.02758
2850 0.642883 0 -1.15302
2900 0.693107 0 -1.27173
2950 0.263246 0 -1.22912
3000 0.195835 0 -1.02591
3050 0.556773 0 -1.05943
3100 0.7137 0 -1.23203
3150 0.316474 0 -1.19486
3200 0.203803 0 -1.07373
3250 0.463244 0 -1.04874
3300 0.655522 0 -1.23191
3350 0.410844 0 -1.21679
3400 0.290513 0 -1.12388
3450 0.431648 0 -1.04761
3500 0.620018 0 -1.13314
3550 0.440075 0 -1.15437
3600 0.255466 0 -1.20857
3650 0.407063 0 -1.05747
3700 0.658361 0 -1.16454
3750 0.488459 0 -1.14881
3800 0.261117 0 -1.15044
3850 0.279641 0 -0.959911
3900 0.707528 0 -1.15987
3950 0.685159 0 -1.30313
4000 0.205928 0 -1.26219
4050 0.185432 0 -0.972667
4100 0.450362 0 -0.983135
4150 0.617929 0 -1.20476
4200 0.318871 0 -1.19556
4250 0.126683 0 -1.05673
4300 0.435385 0 -0.966772
4350 0.747732 0 -1.18427
4400 0.432037 0 -1.1705
4450 0.158682 0 -1.19525
4500 0.355856 0 -0.99204
4550 0.692227 0 -1.11819
4600 0.525986 0 -1.13806
4650 0.18969 0 -1.23632
4700 0.191677 0 -0.972049
4750 0.617941 0 -1.05596
4800 0.671797 0 -1.1803
4850 0.301135 0 -1.24465
4900 0.173019 0 -1.09022
4950 0.529431 0 -1.03112
5000 0.768574 0 -1.20715
5050 0.388584 0 -1.26317
5100 0.087866 0 -1.18035
5150 0.356549 0 -0.954196
5200 0.713666 0 -1.19047
5250 0.495873 0 -1.18118
5300 0.17198 0 -1.13413
5350 0.303199 0 -1.01077
5400 0.668559 0 -1.1781
5450 0.566376 0 -1.22889
5500 0.206206 0 -1.20189
5550 0.167843 0 -0.965079
5600 0.645004 0 -1.14154
5650 0.642245 0 -1.22535
5700 0.26075 0 -1.16411
5750 0.0935656 0 -1.00766
5800 0.559427 0 -1.06372
5850 0.753073 0 -1.23237
5900 0.32006 0 -1.16294
5950 0.151407 0 -1.06229
6000 0.399157 0 -0.958798
6050 0.670934 0 -1.16785
6100 0.396109 0 -1.09361
6150 0.275919 0 -0.944517
6200 0.274338 0 -0.806789
6250 0.209713 0 -0.533732
6300 0.0709088 0 -0.19248
6350 0.0352112 0 -0.121317
6400 0.0143903 0 -0.113765
6450 -0.00923801 0 -0.0862334
6500 -0.00613244 0 -0.0562591
6550 -0.00170116 0 -0.0264168
6600 0.0012475 0 -0.00600928
6650 -0.00497936 0 0.00836114
6700 -0.0120326 0 0.0147569
6750 -0.0129727 0 0.0125209
6800 -0.016928 0 0.0317489
6850 -0.0150298 0 0.0265803
6900 -0.0139454 0 0.0222829
6950 -0.013306 0 0.025512
7000 -0.00898258 0 0.0228279
7050 -0.0143049 0 0.0277833
7100 -0.0160813 0 0.0263802
7150 -0.0144144 0 0.0263107
7200 -0.013835 0 0.0359874
7250 -0.013291 0 0.0244858
7300 -0.0125909 0 0.0255763
7350 -0.010271 0 0.0214862
7400 -0.00653313 0 0.0143423
7450 -0.00597499 0 0.0157689
7500 -0.0355494 0 -0.0566948
7550 -0.0954088 0 -0.11708
7600 0.0676833 0 -0.480802
7650 0.43922 0 -0.866321
7700 0.478179 0 -1.07507
7750 0.249159 0 -1.08863
7800 0.266967 0 -0.966263
7850 0.407275 0 -0.920274
7900 0.602856 0 -1.066
7950 0.400256 0 -1.02581
8000 0.182584 0 -1.09655
8050 0.283201 0 -0.882951
8100 0.699317 0 -1.09987
8150 0.60874 0 -1.19465
8200 0.28091 0 -1.11496
8250 0.266505 0 -0.953361
8300 0.468911 0 -0.991812
8350 0.600573 0 -1.14158
8400 0.348436 0 -1.1487
8450 0.266402 0 -1.02951
8500 0.404968 0 -0.97265
8550 0.644099 0 -1.13877
8600 0.48962 0 -1.13744
8650 0.189169 0 -1.11914
8700 0.27691 0 -0.94966
8750 0.649931 0 -1.10159
8800 0.603617 0 -1.20158
8850 0.204395 0 -1.24728
8900 0.159266 0 -0.979579
8950 0.519058 0 -1.00506
9000 0.65988 0 -1.18532
9050 0.298217 0 -1.10566
9100 0.209783 0 -1.12196
9150 0.462162 0 -1.04593
9200 0.673438 0 -1.19805
9250 0.41347 0 -1.17686
9300 0.186177 0 -1.14178
9350 0.367661 0 -1.02246
9400 0.646186 0 -1.18239
9450 0.451431 0 -1.17924
9500 0.145601 0 -1.19392
9550 0.278322 0 -0.944993
9600 0.796917 0 -1.24807
9650 0.571408 0 -1.35297
9700 0.167821 0 -1.3092
9750 0.243964 0 -0.952937
9800 0.633304 0 -1.12502
9850 0.618152 0 -1.27061
9900 0.276873 0 -1.18242
9950 0.208025 0 -1.06142
10000 0.536702 0 -1.06862
10050 0.760426 0 -1.2738
10100 0.336814 0 -1.28954
10150 0.169136 0 -1.08596
10200 0.533786 0 -1.03475
10250 0.74846 0 -1.28456
10300 0.369177 0 -1.32701
10350 0.201233 0 -1.15265
10400 0.452755 0 -1.05784
10450 0.70097 0 -1.16229
10500 0.441356 0 -1.13894
10550 0.267734 0 -1.10319
10600 0.36501 0 -0.991879
10650 0.536802 0 -1.07533
10700 0.515008 0 -1.13893
10750 0.227589 0 -1.1788
10800 0.241491 0 -0.918822
10850 0.5794 0 -1.05443
10900 0.613225 0 -1.1688
10950 0.238038 0 -1.19296
11000 0.140379 0 -1.02419
11050 0.539672 0 -1.04486
11100 0.71767 0 -1.21527
11150 0.350219 0 -1.20278
11200 0.15557 0 -1.09008
11250 0.455624 0 -1.04169
11300 0.71631 0 -1.20927
11350 0.385998 0 -1.17099
11400 0.161632 0 -1.12562
11450 0.338962 0 -0.898235
11500 0.801107 0 -1.21029
11550 0.601208 0 -1.22695
11600 0.193279 0 -1.2462
11650 0.254518 0 -0.951671
11700 0.664468 0 -1.09015
11750 0.652054 0 -1.22087
11800 0.24003 0 -1.2132
11850 0.213047 0 -1.01152
11900 0.464625 0 -1.03071
11950 0.536611 0 -1.12081
12000 0.318506 0 -1.11843
12050 0.154814 0 -0.96206
12100 0.42669 0 -0.97059
12150 0.689955 0 -1.21297
12200 0.341205 0 -1.20395
12250 0.187643 0 -1.05305
12300 0.390349 0 -0.93575
12350 0.631309 0 -1.10552
12400 0.445279 0 -1.16024
12450 0.144226 0 -1.15181
12500 0.391445 0 -1.01361
12550 0.820874 0 -1.24196
12600 0.565732 0 -1.29362
12650 0.205119 0 -1.17672
12700 0.273062 0 -0.959722
12750 0.680047 0 -1.10207
12800 0.577901 0 -1.18739
12850 0.226123 0 -1.17157
12900 0.149757 0 -0.893423
12950 0.43768 0 -0.891503
13000 0.501878 0 -0.7752
13050 0.363239 0 -0.587557
13100 0.118075 0 -0.374948
13150 -0.0181919 0 -0.200448
13200 -0.0354845 0 0.0235498
13250 0.0129853 0 -0.0683718
13300 0.0608582 0 -0.109232
13350 0.0338424 0 -0.0749574
13400 -0.0121863 0 -0.0780513
13450 0.0111049 0 -0.0742249
13500 -0.0147319 0 -0.0322738
13550 -0.015834 0 -0.174759
13600 0.017681 0 -0.0121389
13650 -0.0122422 0 -0.0817301
13700 -0.380696 0 0.186568
13750 -0.57636 0 0.101083
13800 0.156814 0 -0.204273
13850 0.107282 0 -0.177683
13900 0.0418711 0 -0.114865
13950 -0.00692103 0 -0.0959803
14000 0.00648062 0 -0.0120797
14050 -0.0170102 0 0.00568208
14100 -0.0128621 0 0.0114812
14150 -0.00679588 0 0.00575222
14200 -0.00464366 0 0.0108709
14250 -0.0110642 0 0.0131184
14300 -0.00367712 0 0.00128714
14350 -0.0140404 0 -0.000580524
14400 -0.0198766 0 0.0201816
14450 -0.0182123 0 0.0405999
14500 -0.00753055 0 0.0296227
14550 -0.00155069 0 0.0396054
14600 -0.0200945 0 0.0717482
14650 -0.0117784 0 0.0985899
