# Created at Sat Oct 21 14:47:16 CDT 2017
3902883550121310 1
3902884103160861 2
3902884596996310 3
3902885110546115 4
3902885604320529 5
3902886137645724 6
3902886611675265 7
3902887145000461 8
3902887698023198 9
3902888172052739 10
3902888665888189 11
3902889139917730 12
3902889653528570 13
3902890147272466 14
3902890660791753 15
3902891154596685 16
3902891668177007 17
3902892162012456 18
3902892675531743 19
3902893169367193 20
3902893682886480 21
3902894176691411 22
3902894433466314 23
3902894848261236 24
3902895401331304 25
3902895914850591 26
3902896448175786 27
3902896961725591 28
3902897455530523 29
3902897949316072 30
3902898462896395 31
3902898956731844 32
3902899450475740 33
3902899983770418 34
3902900497320223 35
3902901010931063 36
3902901504735994 37
3902901998540926 38
3902902531805086 39
3902903045354891 40
3902903302160311 41
3902903598455477 42
3902904210729647 43
3902904744054842 44
3902905297124910 45
3902905869909334 46
3902906343969393 47
3902906877294588 48
3902907410589266 49
3902907904409603 50
3902908398245053 51
3902908892019467 52
3902909405569271 53
3902909879629330 54
3902910353719906 55
3902910827749447 56
3902911301840023 57
3902911775869564 58
3902912269705013 59
3902912783254818 60
3902913277059750 61
3902913770834164 62
3902914284414486 63
3902914778188900 64
3902915271993832 65
3902915765798763 66
3902916279379086 67
3902916536153988 68
3902916812734799 69
3902917504081444 70
3902918057120995 71
3902918590415673 72
3902919123771386 73
3902919617545800 74
3902920131095605 75
3902920644675927 76
3902921177970605 77
3902921691520409 78
3902922224876122 79
3902922738425927 80
3902923251945214 81
3902923765495019 82
3902924279075341 83
3902924753165917 84
3902925266715722 85
3902925800010400 86
3902926293845849 87
3902926767875390 88
3902927261710839 89
3902927775250534 90
3902928288800338 91
3902928802350143 92
3902929335675338 93
3902929849225143 94
3902930362835983 95
3902930856610397 96
3902931370160202 97
3902931883771041 98
3902932377545456 99
3902932871350387 100
3902933384930709 101
3902933898511032 102
3902934570080856 103
3902935182385543 104
3902935735486129 105
3902936249066452 106
3902936802106002 107
3902937315655807 108
3902937849009793 109
3902938362529080 110
3902938876139920 111
3902939409404080 112
3902939922984402 113
3902940436564725 114
3902940969920438 115
3902941483439725 116
3902941996989529 117
3902942510569852 118
3902943043925564 119
3902943557444852 120
3902944110514920 121
3902944604350369 122
3902945157389920 123
3902945690715115 124
3902946184520047 125
3902946737590115 126
3902947211650174 127
3902947665968966 128
3902948179549289 129
3902948653639865 130
3902949147414279 131
3902949404250216 132
3902949720259738 133
3902950352370334 134
3902950826369357 135
3902951359694552 136
3902951873305392 137
3902952386824679 138
3902952860884738 139
3902953354720187 140
3902953868300509 141
3902954322615695 142
3902954855910373 143
3902955349745822 144
3902955843550754 145
3902956337355685 146
3902956831160617 147
3902957364483041 148
3902958016338510 149
3902958549694223 150
3902959023693246 151
3902959596538705 152
3902960189129037 153
3902960781688852 154
3902961255779428 155
