200 -0.00468848 0 -0.00668154
250 0.0119221 0 -0.0142035
300 0.0204547 0 -0.00147029
350 0.0143075 0 -0.00766883
400 0.0175258 0 -0.00642832
450 0.0119034 0 -0.0210461
500 -0.0113744 0 0.000122128
550 0.00251973 0 -0.0262105
600 -0.00738137 0 -0.152231
650 -0.259864 0 0.0168495
700 -0.579133 0 0.112249
750 -0.769424 0 0.224514
800 -0.767706 0 -0.988901
850 -0.898982 0 0.268011
900 -0.890465 0 0.201604
950 -0.938843 0 0.194045
1000 -0.959674 0 0.164126
1050 -0.974187 0 0.297407
1100 -0.961331 0 0.178709
1150 -0.883424 0 0.242677
1200 -0.975972 0 0.319365
1250 -0.956125 0 0.229415
1300 -0.97804 0 0.0596258
1350 -0.892779 0 0.139503
1400 -0.879989 0 0.249798
1450 -0.894385 0 0.228116
1500 -1.04806 0 0.128347
1550 -0.936071 0 0.181157
1600 -0.942174 0 0.255188
1650 -0.907148 0 0.25606
1700 -0.960215 0 0.22712
1750 -0.978736 0 0.128956
1800 -0.96204 0 0.195794
1850 -0.995702 0 0.340699
1900 -1.05213 0 0.339927
1950 -1.04885 0 0.178576
2000 -0.910886 0 0.236765
2050 -0.948577 0 0.416127
2100 -0.986624 0 0.39377
2150 -1.05257 0 0.173631
2200 -0.879348 0 0.208373
2250 -0.955627 0 0.335967
2300 -0.964205 0 0.311579
2350 -1.02431 0 0.100358
2400 -0.93553 0 0.158529
2450 -0.939582 0 0.332448
2500 -0.955204 0 0.337293
2550 -1.12465 0 0.208763
2600 -0.985273 0 0.19419
2650 -0.941364 0 0.308379
2700 -0.979813 0 0.238983
2750 -0.908481 0 0.274965
2800 -0.99767 0 0.206746
2850 -0.934825 0 0.181056
2900 -1.04279 0 0.363276
2950 -0.920427 0 0.33616
3000 -0.969721 0 0.214219
3050 -0.79234 0 0.192176
3100 -0.910122 0 0.240521
3150 -0.866638 0 0.307859
3200 -1.00062 0 0.177685
3250 -0.836824 0 0.14291
3300 -0.89973 0 0.30907
3350 -0.852955 0 0.32531
3400 -0.274587 0 -0.312095
3450 -0.911859 0 0.162106
3500 -0.812011 0 0.255369
3550 -0.816656 0 0.325645
3600 -0.799285 0 0.399931
3650 -0.919028 0 0.265383
3700 -0.766971 0 0.352716
3750 -0.805102 0 0.495337
3800 -0.924686 0 0.407751
3850 -0.902511 0 0.154333
3900 -0.789583 0 0.16305
3950 -0.882218 0 0.284533
4000 -0.888753 0 0.315549
4050 -0.978281 0 0.195603
4100 -0.847029 0 0.19438
4150 -0.914767 0 0.36088
4200 -0.892338 0 0.390009
4250 -0.875114 0 0.383146
4300 -0.88748 0 0.211906
4350 -0.771984 0 0.251996
4400 -0.86011 0 0.338546
4450 -0.79267 0 0.340101
4500 -0.900408 0 0.203271
4550 -0.906906 0 0.207987
4600 -0.993216 0 0.327511
4650 -0.961386 0 0.370084
4700 -1.0015 0 0.224574
4750 -0.896711 0 0.303764
4800 -0.921789 0 0.397379
4850 -0.821859 0 0.440987
4900 -0.780751 0 0.393014
4950 -0.911679 0 0.246855
5000 -0.877333 0 0.310489
5050 -0.879699 0 0.38914
5100 -0.894315 0 0.402691
5150 -0.959109 0 0.180636
5200 -0.845713 0 0.190457
5250 -0.960464 0 0.318674
5300 -0.885477 0 0.287206
5350 -0.94118 0 0.152881
5400 -0.84086 0 0.198912
5450 -0.868496 0 0.305331
5500 -0.896695 0 0.285952
5550 -0.98378 0 0.333594
5600 -1.03807 0 0.222484
5650 -0.883411 0 0.288156
5700 -0.895277 0 0.431968
5750 -0.928917 0 0.354493
5800 -0.907381 0 0.16691
5850 -0.755794 0 0.236564
5900 -0.886007 0 0.313502
5950 -0.810713 0 0.24424
6000 -0.856266 0 0.101063
6050 -0.79331 0 0.10985
6100 -0.829288 0 0.292437
6150 -0.829153 0 0.377371
6200 -0.992719 0 0.246491
6250 -0.909426 0 0.186392
6300 -0.899459 0 0.279935
6350 -0.838682 0 0.369379
6400 -0.770943 0 0.340894
6450 -0.957895 0 0.218672
6500 -0.824051 0 0.188811
6550 -0.98181 0 0.27856
6600 -0.870855 0 0.184179
6650 -0.905619 0 0.178478
6700 -0.899224 0 0.0769022
6750 -0.949428 0 0.317559
6800 -1.00365 0 0.338717
6850 -0.91757 0 0.301801
6900 -0.983105 0 0.231272
6950 -0.239928 0 -0.393618
7000 -0.806351 0 0.340531
7050 -0.764946 0 0.309721
7100 -0.824503 0 0.0890673
7150 -0.696477 0 0.0149754
7200 -0.74705 0 0.220648
7250 -0.724932 0 0.241284
7300 -0.586988 0 -0.933234
7350 -0.839013 0 0.158599
7400 -0.765187 0 0.191393
7450 -0.732224 0 0.199255
7500 -0.750701 0 0.276622
7550 -0.903805 0 -1.41798
7600 -0.738765 0 0.0996632
7650 -0.808049 0 0.238106
7700 -0.762588 0 0.277909
7750 -0.8759 0 0.130559
7800 -0.803151 0 0.173562
7850 -0.753692 0 0.265027
7900 -0.746499 0 0.289816
7950 -0.168605 0 -0.164356
8000 -0.920127 0 0.149544
8050 -0.841526 0 0.261851
8100 -0.796105 0 0.337049
8150 -0.894489 0 0.367845
8200 -0.92258 0 0.123046
8250 -0.80063 0 0.101966
8300 -0.913231 0 0.262697
8350 -0.872354 0 0.294302
8400 -0.986395 0 0.251116
8450 -0.855537 0 0.26187
8500 -0.883328 0 0.335784
8550 -0.80796 0 0.367824
8600 -0.943714 0 0.409994
8650 -1.01444 0 0.230039
8700 -0.867526 0 0.299298
8750 -0.853326 0 0.271813
8800 -0.830661 0 0.33149
8850 -0.893245 0 0.0969221
8900 -0.769236 0 0.0337427
8950 -0.94519 0 0.20455
9000 -0.89747 0 0.248243
9050 -0.874643 0 0.206669
9100 -0.961452 0 0.20981
9150 -0.886796 0 0.117863
9200 -1.00496 0 0.351575
9250 -0.914749 0 0.306331
9300 -1.06715 0 0.190381
9350 -0.83289 0 0.143601
9400 -0.901147 0 0.253173
9450 -0.838167 0 0.273551
9500 -0.875337 0 0.095636
9550 -0.837595 0 0.100505
9600 -0.929067 0 0.244943
9650 -0.886832 0 0.358129
9700 -1.03143 0 0.223044
9750 -0.900672 0 0.173781
9800 -0.872258 0 0.251017
9850 -0.945381 0 0.217421
9900 -0.889143 0 0.219368
9950 -0.928063 0 0.0687205
10000 -0.839353 0 0.205138
10050 -0.918323 0 0.34636
10100 -0.931478 0 0.278413
10150 -0.929477 0 0.0735845
10200 -0.797983 0 0.156775
10250 -0.889725 0 0.299427
10300 -0.849355 0 0.336937
10350 -0.995428 0 0.201827
10400 -0.869331 0 0.188128
10450 -0.913434 0 0.322153
10500 -0.901827 0 0.224623
10550 -0.999796 0 0.232176
10600 -1.02047 0 0.13708
10650 -0.933324 0 0.229142
10700 -0.980741 0 0.359007
10750 -1.03496 0 0.282395
10800 -1.01519 0 0.113878
10850 -0.851369 0 0.201709
10900 -0.859034 0 0.381885
10950 -0.826063 0 0.338527
11000 -0.938593 0 0.117352
11050 -0.872761 0 0.14899
11100 -0.948081 0 0.366218
11150 -0.870409 0 0.363132
11200 -0.955451 0 0.235832
11250 -0.836121 0 0.26087
11300 -0.859406 0 0.383423
11350 -0.907626 0 0.386413
11400 -1.07847 0 0.172624
11450 -0.826008 0 0.17595
11500 -0.860844 0 0.368365
11550 -0.861688 0 0.333402
11600 -0.959463 0 0.29988
11650 -0.977224 0 0.231749
11700 -0.87841 0 0.305042
11750 -0.858003 0 0.445887
11800 -0.89152 0 0.427593
11850 -0.898631 0 0.186503
11900 -0.816716 0 0.256575
11950 -0.924273 0 0.47706
12000 -0.9933 0 0.462892
12050 -1.01499 0 0.254202
12100 -0.794056 0 0.253843
12150 -0.87708 0 0.391427
12200 -0.936454 0 0.349269
12250 -0.954226 0 0.112066
12300 -0.829917 0 0.134922
12350 -0.866119 0 0.312901
12400 -0.863792 0 0.409386
12450 -1.0093 0 0.256457
12500 -0.864267 0 0.225969
12550 -0.920309 0 0.405858
12600 -0.932395 0 0.407598
12650 -0.958393 0 0.394608
12700 -1.00873 0 0.241808
12750 -0.888535 0 0.315412
12800 -0.889132 0 0.367081
12850 -0.818734 0 0.34972
12900 -0.85363 0 0.181637
12950 -0.869659 0 0.162416
13000 -0.897551 0 0.333278
13050 -0.83366 0 0.322973
13100 -0.787709 0 0.287425
13150 -0.58513 0 0.141535
13200 -0.538894 0 0.210188
13250 -0.0120623 0 0.0101121
13300 -0.0392213 0 0.0379078
13350 -0.0319944 0 -0.0564673
13400 -0.0230265 0 -0.323436
13450 -0.0240856 0 -0.203293
13500 0.0215843 0 -0.130839
13550 -0.0239796 0 -0.00100207
13600 -0.000671241 0 -0.070864
13650 0.0154782 0 -0.0342169
13700 0.0165564 0 -0.0274277
13750 0.00526984 0 -0.0293924
13800 0.0194868 0 -0.0259673
13850 0.0322813 0 -0.0017999
13900 0.00922305 0 -0.00579672
