200 0 0 -0.0421378
250 0 0 -0.0229427
300 0 0 -0.0191374
350 0 0 -0.024053
400 0 0 -0.0330868
450 0 0 -0.0306053
500 0 0 -0.0398861
550 0 0 -0.028093
600 0 0 -0.0150704
650 0 0 -0.0373033
700 0 0 -0.0716751
750 0 0 -0.439973
800 0 0 -0.630898
850 0 0 -0.689461
900 0 0 -0.832025
950 0 0 -0.785829
1000 0 0 -0.639733
1050 0 0 -0.718906
1100 0 0 -0.621298
1150 0 0 -0.779775
1200 0 0 -0.822637
1250 0 0 -0.901619
1300 0 0 -0.780141
1350 0 0 -0.746218
1400 0 0 -0.932333
1450 0 0 -0.902978
1500 0 0 -1.14462
1550 0 0 -1.03775
1600 0 0 -1.10323
1650 0 0 -0.924123
1700 0 0 -0.946891
1750 0 0 -0.739248
1800 0 0 -0.762497
1850 0 0 -0.628372
1900 0 0 -0.524907
1950 0 0 -0.506079
2000 0 0 -0.566834
2050 0 0 -0.580335
2100 0 0 -0.521827
2150 0 0 -0.661534
2200 0 0 -0.568677
2250 0 0 -0.657263
2300 0 0 -0.681642
2350 0 0 -0.601203
2400 0 0 -0.62533
2450 0 0 -0.583758
2500 0 0 -0.594352
2550 0 0 -0.690147
2600 0 0 -0.811768
2650 0 0 -0.782442
2700 0 0 -0.775959
2750 0 0 -0.570698
2800 0 0 -0.733903
2850 0 0 -0.769199
2900 0 0 -0.965479
2950 0 0 -0.883609
3000 0 0 -0.914408
3050 0 0 -0.51014
3100 0 0 -0.974329
3150 0 0 -1.04135
3200 0 0 -0.901052
3250 0 0 -0.835922
3300 0 0 -0.740263
3350 0 0 -1.04912
3400 0 0 -1.00855
3450 0 0 -1.14524
3500 0 0 -0.970129
3550 0 0 -1.13905
3600 0 0 -1.07542
3650 0 0 -1.21996
3700 0 0 -0.957833
3750 0 0 -1.07695
3800 0 0 -0.999197
3850 0 0 -0.961562
3900 0 0 -1.02448
3950 0 0 -0.98816
4000 0 0 -0.997942
4050 0 0 -0.879992
4100 0 0 -0.903693
4150 0 0 -0.822823
4200 0 0 -1.00877
4250 0 0 -0.868582
4300 0 0 -0.846889
4350 0 0 -0.676739
4400 0 0 -0.656523
4450 0 0 -0.542715
4500 0 0 -0.670075
4550 0 0 -0.52597
4600 0 0 -0.842189
4650 0 0 -0.724161
4700 0 0 -0.821085
4750 0 0 -1.06853
4800 0 0 -1.07188
4850 0 0 -0.975703
4900 0 0 -1.03217
4950 0 0 -1.07529
5000 0 0 -1.11927
5050 0 0 -1.1354
5100 0 0 -1.05542
5150 0 0 -1.21054
5200 0 0 -1.05753
5250 0 0 -1.06175
5300 0 0 -0.99304
5350 0 0 -1.22783
5400 0 0 -1.13355
5450 0 0 -1.13332
5500 0 0 -0.978487
5550 0 0 -1.17935
5600 0 0 -1.11866
5650 0 0 -1.06617
5700 0 0 -1.03769
5750 0 0 -1.18461
5800 0 0 -1.30158
5850 0 0 -1.24781
5900 0 0 -1.29705
5950 0 0 -1.23146
6000 0 0 -1.15198
6050 0 0 -1.15231
6100 0 0 -1.23495
6150 0 0 -1.37623
6200 0 0 -1.20006
6250 0 0 -1.11378
6300 0 0 -1.25138
6350 0 0 -1.23456
6400 0 0 -1.29593
6450 0 0 -1.09019
6500 0 0 -1.19043
6550 0 0 -0.954437
6600 0 0 -1.02418
6650 0 0 -1.09991
6700 0 0 -1.1019
6750 0 0 -1.37757
6800 0 0 -1.21334
6850 0 0 -1.44904
6900 0 0 -1.31502
6950 0 0 -1.35292
7000 0 0 -1.2913
7050 0 0 -1.19286
7100 0 0 -1.00299
7150 0 0 -1.25585
7200 0 0 -1.14543
7250 0 0 -1.27512
7300 0 0 -1.08304
7350 0 0 -1.28146
7400 0 0 -1.14647
7450 0 0 -1.16434
7500 0 0 -1.20469
7550 0 0 -1.13975
7600 0 0 -1.03785
7650 0 0 -1.16933
7700 0 0 -1.15444
7750 0 0 -1.05133
7800 0 0 -0.910867
7850 0 0 -0.886531
7900 0 0 -0.778411
7950 0 0 -0.94322
8000 0 0 -0.824488
8050 0 0 -1.05737
8100 0 0 -0.943737
8150 0 0 -1.10911
8200 0 0 -1.0179
8250 0 0 -0.961424
8300 0 0 -1.0701
8350 0 0 -1.0275
8400 0 0 -0.980636
8450 0 0 -1.06223
8500 0 0 -1.00515
8550 0 0 -0.89882
8600 0 0 -1.04281
8650 0 0 -0.952387
8700 0 0 -1.14321
8750 0 0 -0.882404
8800 0 0 -0.899871
8850 0 0 -0.737928
8900 0 0 -0.756944
8950 0 0 -0.802727
9000 0 0 -0.860727
9050 0 0 -0.968074
9100 0 0 -0.920877
9150 0 0 -0.90083
9200 0 0 -0.837607
9250 0 0 -0.729805
9300 0 0 -0.847906
9350 0 0 -0.790237
9400 0 0 -0.674351
9450 0 0 -0.847921
9500 0 0 -0.7564
9550 0 0 -1.00522
9600 0 0 -0.945196
9650 0 0 -0.925679
9700 0 0 -0.90374
9750 0 0 -1.05769
9800 0 0 -0.874144
9850 0 0 -1.0491
9900 0 0 -0.903104
9950 0 0 -0.978909
10000 0 0 -0.926574
10050 0 0 -0.901885
10100 0 0 -0.911689
10150 0 0 -1.06551
10200 0 0 -1.18015
10250 0 0 -1.25901
10300 0 0 -1.32641
10350 0 0 -1.12389
10400 0 0 -1.00203
10450 0 0 -1.09686
10500 0 0 -1.05922
10550 0 0 -1.10797
10600 0 0 -1.13114
10650 0 0 -1.16394
10700 0 0 -1.12844
10750 0 0 -1.03448
10800 0 0 -1.13738
10850 0 0 -1.05814
10900 0 0 -1.17386
10950 0 0 -1.03453
11000 0 0 -1.07745
11050 0 0 -0.8909
11100 0 0 -1.06143
11150 0 0 -0.956328
11200 0 0 -1.03704
11250 0 0 -0.93768
11300 0 0 -0.916952
11350 0 0 -0.724987
11400 0 0 -0.935653
11450 0 0 -0.885824
11500 0 0 -0.957958
11550 0 0 -1.12457
11600 0 0 -0.909818
11650 0 0 -1.1002
11700 0 0 -1.02852
11750 0 0 -1.13718
11800 0 0 -0.841908
11850 0 0 -1.04528
11900 0 0 -0.851764
11950 0 0 -0.966145
12000 0 0 -0.922142
12050 0 0 -0.957147
12100 0 0 -1.15321
12150 0 0 -1.13245
12200 0 0 -1.21971
12250 0 0 -1.1498
12300 0 0 -1.19528
12350 0 0 -1.04985
12400 0 0 -1.16459
12450 0 0 -1.09268
12500 0 0 -1.26466
12550 0 0 -1.06734
12600 0 0 -1.22832
12650 0 0 -1.08637
12700 0 0 -0.962321
12750 0 0 -1.10572
12800 0 0 -1.09574
12850 0 0 -1.05809
12900 0 0 -0.876294
12950 0 0 -0.955986
13000 0 0 -0.77552
13050 0 0 -0.810902
13100 0 0 -0.702634
13150 0 0 -0.707839
13200 0 0 -0.68849
