200 -0.00668663 0 0.0226011
250 -0.0110056 0 0.0192831
300 -0.0130571 0 0.0230762
350 -0.0116681 0 0.0185549
400 -0.0139688 0 0.0307558
450 -0.0250694 0 0.071819
500 -0.05228 0 0.0830382
550 -0.0360219 0 0.0176338
600 -0.0163539 0 -0.00526615
650 0.0283059 0 -0.0984974
700 -0.409429 0 -0.0704299
750 -0.425884 0 -0.0230272
800 -0.557435 0 0.0823431
850 -0.698513 0 0.311521
900 -0.794371 0 0.362874
950 -0.883169 0 0.305377
1000 -0.932668 0 0.219163
1050 -0.841945 0 0.314364
1100 -0.789236 0 0.458462
1150 -0.912177 0 0.371063
1200 -1.11501 0 0.425828
1250 -1.16062 0 0.304214
1300 -1.07139 0 0.389677
1350 -1.05021 0 0.350939
1400 -1.17649 0 0.346202
1450 -1.20213 0 0.268031
1500 -1.17434 0 0.421032
1550 -1.16244 0 0.443376
1600 -1.27057 0 0.479406
1650 -1.26904 0 0.415965
1700 -1.17499 0 0.531221
1750 -1.18682 0 0.529467
1800 -1.23504 0 0.434491
1850 -1.1867 0 0.388908
1900 -1.21001 0 0.543684
1950 -1.23911 0 0.47771
2000 -1.26936 0 0.524427
2050 -1.22746 0 0.535706
2100 -1.16658 0 0.601075
2150 -1.184 0 0.541823
2200 -1.30819 0 0.455438
2250 -1.29793 0 0.425362
2300 -1.25525 0 0.564501
2350 -1.13194 0 0.465167
2400 -1.1871 0 0.546074
2450 -1.16583 0 0.502408
2500 -1.22151 0 0.526961
2550 -1.14768 0 0.479332
2600 -1.31515 0 0.396902
2650 -1.2763 0 0.414363
2700 -1.25685 0 0.53463
2750 -1.15865 0 0.4863
2800 -1.29891 0 0.520057
2850 -1.25514 0 0.493308
2900 -1.27218 0 0.54126
2950 -1.21573 0 0.46173
3000 -1.2274 0 0.409282
3050 -1.15248 0 0.428817
3100 -1.27368 0 0.495947
3150 -1.15879 0 0.45759
3200 -1.20244 0 0.426365
3250 -1.1632 0 0.501552
3300 -1.31057 0 0.514579
3350 -1.29544 0 0.44093
3400 -1.23168 0 0.343111
3450 -1.17192 0 0.427817
3500 -1.32888 0 0.496244
3550 -1.29507 0 0.412883
3600 -1.23905 0 0.429439
3650 -1.16314 0 0.438405
3700 -1.25889 0 0.482301
3750 -1.2206 0 0.456389
3800 -1.16239 0 0.332016
3850 -1.11144 0 0.360364
3900 -1.202 0 0.514893
3950 -1.13188 0 0.447431
4000 -1.22457 0 0.516435
4050 -1.11586 0 0.511242
4100 -1.18059 0 0.540521
4150 -1.07629 0 0.450571
4200 -1.10444 0 0.328217
4250 -1.08991 0 0.406779
4300 -1.18183 0 0.550633
4350 -1.07131 0 0.47948
4400 -1.12387 0 0.502517
4450 -0.946446 0 0.522492
4500 -0.959764 0 0.526522
4550 -0.959371 0 0.451077
4600 -1.08605 0 0.297094
4650 -1.03281 0 0.29937
4700 -1.04066 0 0.53186
4750 -0.997856 0 0.42722
4800 -1.21372 0 0.432927
4850 -1.14057 0 0.342817
4900 -1.05608 0 0.44878
4950 -1.1236 0 0.452447
5000 -1.11785 0 0.415961
5050 -1.21106 0 0.308573
5100 -1.20811 0 0.4676
5150 -1.23107 0 0.459423
5200 -1.23906 0 0.404913
5250 -1.23671 0 0.34371
5300 -1.15142 0 0.434828
5350 -1.24667 0 0.450178
5400 -1.19648 0 0.430655
5450 -1.17419 0 0.317133
5500 -1.19565 0 0.420583
5550 -1.27394 0 0.485705
5600 -1.2761 0 0.274755
5650 -1.25088 0 0.208291
5700 -1.23096 0 0.387735
5750 -1.3786 0 0.508358
5800 -1.32962 0 0.441972
5850 -1.29815 0 0.286036
5900 -1.26922 0 0.430028
5950 -1.30339 0 0.498717
6000 -1.28402 0 0.430207
6050 -1.2342 0 0.305765
6100 -1.24086 0 0.364955
6150 -1.26041 0 0.46242
6200 -1.16818 0 0.385541
6250 -1.14103 0 0.28419
6300 -1.0752 0 0.377062
6350 -1.13749 0 0.535382
6400 -1.15305 0 0.349965
6450 -1.11659 0 0.388205
6500 -0.989422 0 0.393218
6550 -1.08325 0 0.491684
6600 -1.00757 0 0.435512
6650 -1.07975 0 0.349124
6700 -1.02351 0 0.325374
6750 -1.01151 0 0.471891
6800 -0.921089 0 0.329935
6850 -0.94534 0 0.3223
6900 -0.913701 0 0.216879
6950 -0.849557 0 0.357253
7000 -1.0327 0 0.460054
7050 -1.09918 0 0.405114
7100 -1.23966 0 0.28459
7150 -1.06945 0 0.404672
7200 -1.12183 0 0.397297
7250 -1.12027 0 0.316058
7300 -1.16073 0 0.330789
7350 -1.19662 0 0.381822
7400 -1.25487 0 0.482141
7450 -1.26981 0 0.416694
7500 -1.23271 0 0.317769
7550 -1.20127 0 0.390761
7600 -1.33035 0 0.508851
7650 -1.25779 0 0.425486
7700 -1.21516 0 0.355625
7750 -1.17925 0 0.380534
7800 -1.24203 0 0.550361
7850 -1.25849 0 0.448345
7900 -1.29142 0 0.359742
7950 -1.23257 0 0.374347
8000 -1.28108 0 0.511285
8050 -1.3298 0 0.501114
8100 -1.29293 0 0.423721
8150 -1.18455 0 0.376481
8200 -1.21772 0 0.526061
8250 -1.1504 0 0.458189
8300 -1.26459 0 0.372772
8350 -1.24516 0 0.351149
8400 -1.28846 0 0.497959
8450 -1.28332 0 0.447063
8500 -1.25499 0 0.407717
8550 -1.18465 0 0.375787
8600 -1.1768 0 0.5595
8650 -1.12363 0 0.430293
8700 -1.27994 0 0.355063
8750 -1.24254 0 0.317064
8800 -1.26794 0 0.444465
8850 -1.29826 0 0.380322
8900 -1.32007 0 0.319824
8950 -1.22591 0 0.335635
9000 -1.25653 0 0.501318
9050 -1.23653 0 0.431717
9100 -1.27185 0 0.248106
9150 -1.21399 0 0.284074
9200 -1.38214 0 0.525062
9250 -1.37738 0 0.480504
9300 -1.29925 0 0.417163
9350 -1.21565 0 0.351007
9400 -1.22053 0 0.548099
9450 -1.1461 0 0.45435
9500 -1.24866 0 0.372963
9550 -1.17861 0 0.350601
9600 -1.29214 0 0.510516
9650 -1.29524 0 0.448576
9700 -1.31702 0 0.362867
9750 -1.26412 0 0.347142
9800 -1.25611 0 0.532615
9850 -1.2647 0 0.466212
9900 -1.31284 0 0.398033
9950 -1.22132 0 0.421738
10000 -1.17589 0 0.572734
10050 -1.17256 0 0.477116
10100 -1.23443 0 0.422674
10150 -1.13639 0 0.33383
10200 -1.023 0 0.516757
10250 -0.842908 0 0.401923
10300 -0.881198 0 0.425054
10350 -0.952349 0 0.338361
10400 -1.15575 0 0.507752
10450 -0.996059 0 0.49726
10500 -0.961294 0 0.449591
10550 -0.946678 0 0.347541
10600 -0.947337 0 0.473951
10650 -0.985886 0 0.43188
10700 -0.9381 0 0.317831
10750 -1.12174 0 0.2017
10800 -1.19455 0 0.275784
10850 -1.05278 0 0.399914
10900 -1.01933 0 0.343928
10950 -1.12019 0 0.293692
11000 -1.14939 0 0.32538
11050 -1.17623 0 0.480704
11100 -1.15126 0 0.416677
11150 -1.15408 0 0.359341
11200 -1.08328 0 0.354305
11250 -1.06416 0 0.54146
11300 -1.13815 0 0.443757
11350 -1.22613 0 0.390645
11400 -1.25433 0 0.246522
11450 -1.21793 0 0.471767
11500 -1.13866 0 0.40032
11550 -1.2087 0 0.309291
11600 -1.18705 0 0.206789
11650 -1.18831 0 0.413312
11700 -1.15763 0 0.469306
11750 -1.15306 0 0.433072
11800 -1.28645 0 0.272786
11850 -1.24452 0 0.426029
11900 -1.26703 0 0.431062
11950 -1.22343 0 0.378998
12000 -1.14962 0 0.163266
12050 -1.11809 0 0.33979
12100 -1.18661 0 0.445579
12150 -1.2177 0 0.432932
12200 -1.2042 0 0.275326
12250 -1.16857 0 0.352181
12300 -1.24072 0 0.38616
12350 -1.11044 0 0.360296
12400 -1.14344 0 0.15997
12450 -1.12714 0 0.283915
12500 -1.19306 0 0.420784
12550 -1.07301 0 0.345585
12600 -1.09419 0 0.284807
12650 -1.05476 0 0.268976
12700 -1.02811 0 0.39455
12750 -0.69415 0 0.277922
12800 -0.753467 0 0.278591
12850 -0.339532 0 0.171366
12900 -0.0731943 0 0.167405
12950 -0.193307 0 0.111761
13000 0.0148637 0 0.0841025
13050 -0.0354602 0 0.0382085
13100 -0.0254948 0 0.0649393
13150 -0.0703911 0 0.0737506
13200 -0.163314 0 0.0179007
13250 -0.118069 0 0.0434775
13300 -0.0307499 0 -0.00103963
13350 -0.00488133 0 -0.00266996
13400 0.0119585 0 0.0108744
13450 0.00181609 0 0.0276352
13500 -0.0170148 0 0.0191307
13550 -0.00251168 0 0.0262858
13600 0.00636937 0 0.0404869
13650 -0.0100923 0 0.0315145
