# Created at Sun Oct 15 16:08:20 CDT 2017
3389343443280807 1
3389343937085738 2
3389344470380416 3
3389344904981246 4
3389345359265914 5
3389345872846237 6
3389346386457076 7
3389346880292526 8
3389347374097457 9
3389347867932906 10
3389348361768356 11
3389348875348678 12
3389349408734908 13
3389349902539840 14
3389350416150680 15
3389350909956643 16
3389351403853127 17
3389351917463967 18
3389352431013772 19
3389352964338967 20
3389353458143899 21
3389353932234475 22
3389354445814797 23
3389355077955911 24
3389355591505715 25
3389356065626809 26
3389356579176614 27
3389357092817971 28
3389357566847512 29
3389358060713479 30
3389358574293801 31
3389359068129250 32
3389359561995217 33
3389360075545022 34
3389360569380471 35
3389361063172214 36
3389361576783054 37
3389362090363376 38
3389362584198826 39
3389363117524021 40
3389363631134861 41
3389364144745701 42
3389364638550632 43
3389365152130955 44
3389365646027439 45
3389366159607761 46
3389366653473728 47
3389367147278660 48
3389367660858982 49
3389368154694431 50
3389368668305271 51
3389369201660984 52
3389369754761570 53
3389370268341892 54
3389370801684131 55
3389371295519581 56
3389371809160938 57
3389372302996387 58
3389372816515674 59
3389373330126514 60
3389373843737354 61
3389374377093067 62
3389374969683399 63
3389375542528858 64
3389376056139698 65
3389376589495411 66
3389377083391895 67
3389377616656055 68
3389378150011768 69
3389378683367481 70
3389379196947803 71
3389379710558643 72
3389380224138965 73
3389380717982634 74
3389381231593473 75
3389381705684050 76
3389382199488981 77
3389382713160856 78
3389383206935270 79
3389383681056364 80
3389384194667204 81
3389384727992399 82
3389385241572721 83
3389385755214079 84
3389386288508757 85
3389386782405241 86
3389387236689909 87
3389387750331266 88
3389388303370817 89
3389388797267302 90
3389389310817106 91
3389389804683073 92
3389390397303923 93
3389390970144160 94
3389391483816035 95
3389391977590449 96
3389392530691035 97
3389393044332392 98
3389393557912714 99
3389394051748163 100
3389394545553095 101
3389395059163935 102
3389395572774775 103
3389396086355097 104
3389396619710810 105
3389397133321650 106
3389397646932490 107
3389398160573847 108
3389398654378779 109
3389399187703974 110
3389399721059687 111
3389400274190790 112
3389400807490520 113
3389401321101360 114
3389401854457073 115
3389402368037395 116
3389402861903362 117
3389403375483684 118
3389403908808880 119
3389404402735882 120
3389404916285686 121
3389405449641399 122
3389405943507366 123
3389406457118206 124
3389406970698528 125
3389407444758587 126
3389407958369426 127
3389408432490520 128
3389408926325969 129
3389409400416546 130
3389409913996868 131
3389410407893352 132
3389410921450079 133
3389411415377081 134
3389411948641241 135
3389412205477179 136
3389412501802862 137
3389413114138067 138
3389413647493780 139
3389414180818975 140
3389414714205206 141
3389415306826055 142
3389415879640997 143
3389416432833136 144
3389416906923712 145
