# Created at Thu Mar 08 13:47:45 CST 2018
2236966151716923 1
2236966724562382 2
2236967198652958 3
2236967751814579 4
2236968225844120 5
2236968778914189 6
2236969253035283 7
2236969766646122 8
2236970299971318 9
2236970813551640 10
2236971307417607 11
2236971860487675 12
2236972354323124 13
2236972887739872 14
2236973401223264 15
2236973895089231 16
2236974388924680 17
2236974902566037 18
2236975396370969 19
2236975949471555 20
2236976443337522 21
2236976996377073 22
2236977509987912 23
2236978063149533 24
2236978339699826 25
2236980236001096 26
2236980789071164 27
2236981361947141 28
2236981875527463 29
2236982448403440 30
2236982922494016 31
2236983436087046 32
2236983949636851 33
2236984502798472 34
2236985016348277 35
2236985529928599 36
2236986063314829 37
2236986616384898 38
2236987110250865 39
2236987584280406 40
2236988078176890 41
2236988591726695 42
2236989085592661 43
2236989618948374 44
2236990132498179 45
2236990626394663 46
2236991139944468 47
2236991673300181 48
2236992186880503 49
2236992720266734 50
2236993214122751 51
2236993786998728 52
2236994241252878 53
2236994833843210 54
2236995288188914 55
2236995821544626 56
2236996354900339 57
2236997006755808 58
2236997441356638 59
2236997974681833 60
2236998488262156 61
2236999041423777 62
2236999535198191 63
2237000601879099 64
2237001154979685 65
2237001688396433 66
2237002261211375 67
2237002774791697 68
2237003288474835 69
2237003841514386 70
2237004355094708 71
2237004927940167 72
2237005481010235 73
2237005955161846 74
2237006528007305 75
2237007041557110 76
2237007535423077 77
2237008049003399 78
2237008523063458 79
2237009016959942 80
2237009530509747 81
2237010024345196 82
2237010537956036 83
2237011031791485 84
2237011565147198 85
2237012039207257 86
2237012533073223 87
2237013046684063 88
2237013540525077 89
2237014034330009 90
2237014567685722 91
2237015021970390 92
2237015555326102 93
2237016049192069 94
2237016542997001 95
2237016997342704 96
2237017510923026 97
2237017985013602 98
2237018518399833 99
2237018972715018 100
2237019486295341 101
2237019980130790 102
2237020473966239 103
2237020987607597 104
2237021520932792 105
2237021935727714 106
2237022488797782 107
2237022962918876 108
2237023476499121 109
2237023970395605 110
2237024464261572 111
2237024958066503 112
2237025511228125 113
2237025985288183 114
2237026479093115 115
2237026972928564 116
2237027486508886 117
2237028000089208 118
2237028533444921 119
2237029007596533 120
2237029580411474 121
2237030054471533 122
2237030489072363 123
2237031575498144 124
2237031970548193 125
2237032523679296 126
2237033511366161 127
2237034459516796 128
2237035328718456 129
2237036770704540 130
2237042104170116 131
2237042538740428 132
2237043032606395 133
2237043546220728 134
2237044039995142 135
2237044514055200 136
2237045027666040 137
2237045482011743 138
2237045995653101 139
2237046489427515 140
2237047022813745 141
2237047536394067 142
2237048109209009 143
2237048524064966 144
2237049096971460 145
2237049531480737 146
2237050104326196 147
2237050598192163 148
2237051052568384 149
2237051585863062 150
2237052119188257 151
2237054706929590 152
2237055200734522 153
2237055734120752 154
2237056267476465 155
2237056741536524 156
2237057255147363 157
2237057748952295 158
2237058262563135 159
2237058736653711 160
2237059269978906 161
2237059783589746 162
2237060336690332 163
2237060830525781 164
2237061344136621 165
2237061857716944 166
2237062371297266 167
2237062825612451 168
2237063398442722 169
2237063872563816 170
2237064445439793 171
2237064919499851 172
2237065492375828 173
2237065986180759 174
2237066539311863 175
2237067013341404 176
2237067546727634 177
2237068080083347 178
2237068593663670 179
2237069087499119 180
2237069620885349 181
2237070687566257 182
2237071201116062 183
2237071714726902 184
2237072248052097 185
2237072741887547 186
2237073275277122 187
2237073808602317 188
2237074341958030 189
2237074875283226 190
2237075408608421 191
2237075902443870 192
2237076416085227 193
2237076929665550 194
2237077443245872 195
2237077937081321 196
2237078450692161 197
2237079023507102 198
2237079477822288 199
2237080011269554 200
2237080524788841 201
2237081018624290 202
2237081551980003 203
2237082065621360 204
2237082559426292 205
2237083112550080 206
2237083606355012 207
2237084179200471 208
2237084673066437 209
2237087083009064 210
2237087675599396 211
2237088880616486 212
