200 -0.0097256 0 0.0171822
250 -0.00869547 0 0.0190219
300 -0.00650682 0 0.0222603
350 -0.0184045 0 0.0210048
400 -0.0167896 0 0.0152871
450 -0.0178176 0 0.0173207
500 -0.0165514 0 0.0251197
550 -0.0111245 0 0.0265601
600 -0.0115608 0 0.0272103
650 -0.0110381 0 0.02983
700 0.0181328 0 -0.00903317
750 0.0625656 0 -0.114644
800 0.0219083 0 -0.40186
850 -0.128727 0 -0.633861
900 -0.138561 0 -0.714367
950 -0.0483116 0 -0.861533
1000 0.0519824 0 -1.04999
1050 -0.0133668 0 -1.04899
1100 -0.184216 0 -1.10353
1150 -0.200172 0 -1.06988
1200 -0.0423321 0 -1.07825
1250 -0.0897718 0 -0.966487
1300 -0.193624 0 -1.00053
1350 -0.0550927 0 -1.0139
1400 0.423102 0 -0.556675
1450 0.170612 0 0.0181652
1500 -0.0344099 0 0.469869
1550 -0.0286775 0 0.429332
1600 0.1223 0 0.487418
1650 -0.00508279 0 0.702148
1700 -0.0562621 0 0.831741
1750 0.122117 0 0.83335
1800 0.282316 0 0.903356
1850 0.145421 0 0.819387
1900 0.0717003 0 0.687831
1950 0.138959 0 0.829803
2000 0.233722 0 0.837086
2050 0.114015 0 0.748922
2100 -0.00807329 0 0.788625
2150 0.101129 0 0.717198
2200 0.24872 0 0.835965
2250 0.167583 0 0.871654
2300 0.0344838 0 0.96824
2350 0.0913276 0 0.871725
2400 0.140702 0 0.817085
2450 0.167594 0 0.833213
2500 -0.00141436 0 0.918403
2550 0.0476283 0 1.1149
2600 0.0969849 0 1.01166
2650 0.0511714 0 0.923062
2700 -0.0273931 0 0.809781
2750 0.268901 0 0.808312
2800 0.76575 0 0.348136
2850 1.06463 0 -0.0815194
2900 0.586088 0 -0.56997
2950 0.045891 0 -0.854082
3000 -0.218847 0 -0.866807
3050 -0.148704 0 -1.07822
3100 -0.0518561 0 -1.11037
3150 -0.193382 0 -1.20196
3200 -0.141658 0 -1.19656
3250 -0.0675816 0 -1.20974
3300 0.0119719 0 -1.09962
3350 -0.144353 0 -1.09287
3400 -0.279578 0 -1.1097
3450 -0.112486 0 -1.15858
3500 -0.148911 0 -0.903418
3550 -0.124482 0 -0.921612
3600 -0.193723 0 -0.996972
3650 -0.0649978 0 -1.0302
3700 0.0525256 0 -1.03846
3750 -0.018528 0 -1.16749
3800 -0.156746 0 -1.22683
3850 -0.065609 0 -1.17382
3900 0.0200645 0 -1.25662
3950 -0.0663521 0 -1.30729
4000 -0.181237 0 -1.33239
4050 -0.0235889 0 -1.25873
4100 0.0837657 0 -1.31494
4150 -0.0160577 0 -1.2012
4200 -0.0961106 0 -1.13942
4250 -0.104098 0 -1.06754
4300 -0.1308 0 -1.10728
4350 -0.241783 0 -0.802256
4400 -0.153861 0 -0.363739
4450 0.0355095 0 -0.0827612
4500 0.0830557 0 0.170168
4550 0.0326092 0 0.679056
4600 0.0271085 0 0.75901
4650 0.0694593 0 0.525219
4700 0.113953 0 0.555745
4750 -0.0197188 0 0.589052
4800 -0.0106264 0 0.598801
4850 0.215336 0 0.750192
4900 0.278666 0 0.786874
4950 0.0752011 0 0.687613
5000 -0.0411601 0 0.799985
5050 0.123914 0 0.653904
5100 0.202157 0 0.678986
5150 0.119961 0 0.609672
5200 0.00318271 0 0.772377
5250 0.097987 0 0.842053
5300 0.182151 0 0.991477
5350 0.0894739 0 0.914639
5400 -0.0793412 0 1.04078
5450 0.0395694 0 0.950218
5500 0.0952996 0 0.940739
5550 0.119699 0 0.869794
5600 0.0216418 0 0.793553
5650 0.100123 0 0.700738
5700 0.190738 0 0.744082
5750 0.138581 0 0.823869
5800 -0.00400352 0 0.810425
5850 0.0578151 0 0.978277
5900 0.182213 0 0.918721
5950 0.147098 0 0.915438
6000 0.0114319 0 0.82699
6050 0.0418929 0 0.942648
6100 0.0427387 0 0.827603
6150 -0.0739879 0 0.703077
6200 -0.730701 0 0.329452
6250 -1.05316 0 -0.0897185
6300 -0.744102 0 -0.451829
6350 -0.314836 0 -0.849708
6400 -0.0147131 0 -0.757047
6450 -0.0279326 0 -0.979784
6500 -0.124879 0 -1.07449
6550 -0.0358299 0 -1.12428
6600 0.137142 0 -1.13079
6650 -0.0404524 0 -1.20647
6700 -0.12667 0 -1.2052
6750 -0.0254562 0 -1.20861
6800 0.0276134 0 -1.20444
6850 -0.0326556 0 -1.21128
6900 -0.212204 0 -1.20494
6950 -0.123058 0 -1.23954
7000 0.0343943 0 -1.19047
7050 -0.0390846 0 -1.20934
7100 -0.171141 0 -1.25609
7150 -0.109534 0 -1.23602
7200 0.0133328 0 -1.31513
7250 -0.0566187 0 -1.22986
7300 -0.2041 0 -1.26262
7350 -0.10194 0 -1.24539
7400 -0.000834676 0 -1.31046
7450 -0.0265369 0 -1.20271
7500 -0.145698 0 -1.28069
7550 -0.159171 0 -1.16066
7600 -0.0127505 0 -1.21868
7650 -0.00529817 0 -1.15983
7700 -0.132772 0 -1.21925
7750 -0.215998 0 -1.23477
7800 -0.123172 0 -1.25568
7850 -0.0134109 0 -1.17049
7900 -0.128028 0 -1.23701
7950 -0.214308 0 -1.21108
8000 -0.11181 0 -1.23365
8050 -0.0905948 0 -1.13786
8100 -0.181836 0 -1.08547
8150 -0.28373 0 -1.08027
8200 -0.147255 0 -1.10546
8250 -0.0399767 0 -0.999986
8300 -0.0521401 0 -0.926758
8350 -0.143948 0 -1.03861
8400 -0.0539761 0 -1.01283
8450 0.0683026 0 -1.13547
8500 0.0387997 0 -1.09001
8550 -0.117754 0 -1.12823
8600 -0.113193 0 -1.15443
8650 -0.0202627 0 -1.17994
8700 0.0227084 0 -1.07317
8750 -0.140245 0 -1.12231
8800 -0.0349273 0 -0.985152
8850 0.453606 0 -0.310883
8900 0.330302 0 0.442643
8950 -0.0382515 0 0.809461
9000 -0.04786 0 0.904661
9050 0.144269 0 0.921358
9100 0.0404103 0 0.910241
9150 0.029401 0 0.994334
9200 0.1743 0 1.09292
9250 0.26954 0 1.2132
9300 0.125974 0 1.00141
9350 -0.0362134 0 0.986703
9400 0.0640829 0 1.08078
9450 0.173969 0 0.826558
9500 0.131089 0 0.678213
9550 0.0183125 0 0.767319
9600 0.052522 0 0.91186
9650 0.207079 0 1.21474
9700 0.14253 0 0.998484
9750 -0.0100876 0 1.07907
9800 0.123348 0 0.915015
9850 0.167056 0 0.800392
9900 0.0703884 0 0.967635
9950 0.0491061 0 0.952199
10000 0.191371 0 0.836744
10050 0.676726 0 0.477444
10100 0.919082 0 0.00363826
10150 0.613195 0 -0.511087
10200 0.224147 0 -0.86179
10250 -0.00136336 0 -0.906671
10300 -0.070684 0 -1.081
10350 -0.0164741 0 -1.0797
10400 -0.205018 0 -1.24916
10450 -0.188115 0 -1.21817
10500 -0.0357621 0 -1.25668
10550 -0.00409308 0 -1.14761
10600 -0.194622 0 -1.2084
10650 -0.266554 0 -1.21589
10700 -0.147894 0 -1.2215
10750 -0.115973 0 -1.06752
10800 -0.154756 0 -1.09771
10850 -0.255821 0 -1.13218
10900 -0.0736729 0 -1.01065
10950 0.0477196 0 -1.10067
11000 0.027633 0 -1.0743
11050 -0.152436 0 -1.16948
11100 -0.0914938 0 -1.15211
11150 0.050352 0 -1.15716
11200 -0.0224594 0 -1.08528
11250 -0.185252 0 -1.25034
11300 -0.0968475 0 -1.14092
11350 0.0136702 0 -1.17993
11400 -0.0249123 0 -1.0401
11450 -0.120547 0 -1.03282
11500 0.0416033 0 -0.87231
11550 0.397052 0 -0.288067
11600 0.270258 0 0.250495
11650 -0.0367964 0 0.616352
11700 0.0394774 0 0.648664
11750 0.146978 0 0.707312
11800 0.0714067 0 0.853162
11850 -0.0621488 0 1.1055
11900 0.0345267 0 0.983993
11950 0.198289 0 1.04844
12000 0.155821 0 0.797899
12050 0.0502863 0 0.819212
12100 0.144382 0 0.98809
12150 0.200705 0 1.09149
12200 0.199448 0 1.07055
12250 0.0277083 0 1.08507
12300 0.154837 0 1.01071
12350 0.203145 0 0.943707
12400 0.144703 0 0.847976
12450 0.0291664 0 1.00302
12500 0.158053 0 0.872259
12550 0.253596 0 0.89046
12600 0.123291 0 0.944491
12650 -0.0203063 0 0.908881
12700 0.146248 0 1.08948
12750 0.23259 0 1.03299
12800 0.139558 0 0.960043
12850 -0.0404951 0 0.999485
12900 0.116172 0 1.0236
12950 0.226686 0 0.764499
13000 0.154518 0 0.838341
13050 -0.0219605 0 0.816878
13100 0.100018 0 0.940307
13150 0.241077 0 0.979535
13200 0.100583 0 0.796925
13250 -0.0550965 0 0.910096
13300 0.0910485 0 0.987929
13350 0.222232 0 0.99275
13400 0.0779639 0 0.920447
13450 -0.0653704 0 0.68029
13500 -0.0335547 0 0.694966
13550 0.120935 0 0.59716
13600 0.237467 0 0.814586
13650 -0.0167898 0 0.659948
13700 -0.0859426 0 0.794688
13750 0.035704 0 0.816106
13800 0.17695 0 0.795945
13850 0.114574 0 0.659659
13900 -0.118075 0 0.669689
13950 -0.0657811 0 0.70362
14000 0.320844 0 0.516315
14050 0.802167 0 0.297845
14100 0.623522 0 -0.209823
14150 0.314353 0 -0.489294
14200 0.0280965 0 -0.893322
14250 -0.038426 0 -1.01538
14300 0.0422981 0 -1.09878
14350 -0.0878174 0 -1.23861
14400 -0.199076 0 -1.33349
14450 -0.130927 0 -1.30844
14500 0.10857 0 -1.34841
14550 0.053162 0 -1.28397
14600 -0.0903245 0 -1.33468
14650 -0.063231 0 -1.27237
14700 0.0355574 0 -1.29223
14750 0.063539 0 -1.2424
14800 -0.112369 0 -1.25172
14850 -0.0761161 0 -1.28985
14900 0.0783417 0 -1.36977
14950 0.0726724 0 -1.23231
15000 -0.129268 0 -1.33842
15050 -0.158653 0 -1.27254
15100 -0.061817 0 -1.25786
15150 -0.00906182 0 -1.17856
15200 -0.195441 0 -1.28551
15250 -0.160988 0 -1.21409
15300 -0.0921274 0 -1.2128
15350 0.0210678 0 -1.18311
15400 -0.178616 0 -1.23054
15450 -0.262809 0 -1.21292
15500 -0.13302 0 -1.18965
15550 -0.0572015 0 -1.07992
15600 -0.180973 0 -1.04909
15650 -0.211341 0 -1.08329
15700 -0.0839873 0 -1.05005
15750 0.0377693 0 -1.05359
15800 0.00844056 0 -1.06942
15850 -0.149978 0 -1.04658
15900 -0.0627852 0 -0.950954
15950 0.0928138 0 -0.921762
16000 0.0274992 0 -0.733716
16050 -0.0728263 0 -0.569507
16100 -0.0467737 0 -0.307404
16150 -0.0178078 0 -0.235988
16200 0.0623258 0 -0.106485
16250 0.0496464 0 -0.104429
16300 0.0448436 0 -0.0136009
16350 0.0396114 0 -0.0384122
16400 0.00258074 0 -0.0258021
16450 0.00215754 0 -0.0240698
16500 0.00544888 0 -0.00885319
16550 -0.000622996 0 0.00328417
16600 -0.00747631 0 0.0219495
16650 -0.00701909 0 0.0203675
16700 -0.0139909 0 0.0217812
16750 -0.0107211 0 0.0234384
16800 -0.0141762 0 0.0317445
16850 -0.0196779 0 0.0205705
16900 -0.0180135 0 0.0258244
16950 -0.0184139 0 0.0315575
17000 -0.00778605 0 0.0232453
