200 0.0383991 0 -0.010912
250 0.0272587 0 -0.0283588
300 -0.00679715 0 0.0103642
350 0.013371 0 -0.0190176
400 0.0252782 0 -0.020551
450 0.00727557 0 -0.0250099
500 0.0191352 0 -0.0639346
550 0.0350405 0 -0.0728727
600 0.0780077 0 -0.145995
650 -0.0101245 0 -0.385561
700 -0.111944 0 -0.589095
750 0.0348959 0 -0.635867
800 0.147956 0 -0.832975
850 0.196169 0 -0.97003
900 0.0799763 0 -0.765843
950 0.00267885 0 -1.05764
1000 -0.0421926 0 -0.841386
1050 -0.0682433 0 -0.79339
1100 0.0380909 0 -0.844624
1150 0.0543697 0 -0.859803
1200 0.0350466 0 -0.997833
1250 0.103732 0 -0.810074
1300 -0.0866599 0 -0.890746
1350 0.0369968 0 -0.91134
1400 0.230253 0 -0.995071
1450 0.207815 0 -0.991355
1500 0.161356 0 -0.99102
1550 0.134939 0 -0.907851
1600 0.0276706 0 -0.99803
1650 0.108626 0 -1.03781
1700 0.139073 0 -0.932386
1750 0.0150448 0 -0.887734
1800 0.0288413 0 -0.841381
1850 0.0613263 0 -0.916351
1900 -0.0168515 0 -0.931754
1950 0.145863 0 -0.884724
2000 0.147573 0 -0.815767
2050 0.124948 0 -0.752858
2100 0.0803552 0 -0.801154
2150 0.191349 0 -0.78907
2200 0.164373 0 -0.907429
2250 0.128655 0 -0.83449
2300 0.106117 0 -0.908864
2350 0.0939413 0 -0.768713
2400 0.0500195 0 -0.658049
2450 0.0723869 0 -0.640778
2500 0.0373861 0 -0.783035
2550 0.0944237 0 -0.904424
2600 0.0741254 0 -0.760952
2650 -0.0319237 0 -0.72288
2700 -0.0734555 0 -0.806984
2750 0.164916 0 -1.1334
2800 0.243272 0 -1.10124
2850 0.276563 0 -0.94226
2900 0.106289 0 -0.842975
2950 0.116618 0 -0.970621
3000 0.189462 0 -1.17017
3050 0.275439 0 -1.062
3100 0.140014 0 -1.00153
3150 0.0347449 0 -0.988367
3200 0.0850945 0 -1.13067
3250 0.272647 0 -1.11081
3300 0.236224 0 -1.08522
3350 0.178196 0 -0.944398
3400 0.0480372 0 -0.956682
3450 0.111798 0 -0.936757
3500 0.0747344 0 -0.962743
3550 0.0922857 0 -0.914539
3600 -0.00240168 0 -1.06871
3650 -0.101926 0 -1.12121
3700 -0.0746578 0 -1.00903
3750 -0.00723575 0 -0.752133
3800 -0.15118 0 -0.982449
3850 0.0445198 0 -0.986335
3900 0.311077 0 -0.750925
3950 0.0519091 0 -0.951293
4000 0.0435816 0 -0.856626
4050 0.163942 0 -0.955028
4100 0.231656 0 -0.959919
4150 0.227234 0 -0.905572
4200 0.145769 0 -0.840717
4250 0.155921 0 -0.9544
4300 0.24171 0 -1.00231
4350 0.174346 0 -0.970621
4400 0.0772856 0 -0.913868
4450 0.0656628 0 -0.954587
4500 0.0729713 0 -1.03421
4550 0.173943 0 -1.00074
4600 0.123637 0 -1.07998
4650 0.00723494 0 -0.969228
4700 0.0923522 0 -1.13737
4750 0.104219 0 -1.06356
4800 0.147887 0 -1.02594
4850 0.0845598 0 -1.12754
4900 0.099199 0 -1.12539
4950 0.174845 0 -1.21537
5000 0.164248 0 -1.08507
5050 0.1251 0 -1.08618
5100 -0.0112893 0 -1.08594
5150 0.0836016 0 -1.12504
5200 0.128104 0 -1.03683
5250 0.102715 0 -0.961349
5300 0.0576261 0 -1.05699
5350 0.0591085 0 -1.19807
5400 0.127683 0 -1.09432
5450 0.15447 0 -1.08781
5500 0.0935969 0 -0.994365
5550 0.152681 0 -1.06247
5600 0.105868 0 -1.09531
5650 0.00212698 0 -1.09232
5700 0.00348842 0 -1.07791
5750 -0.112784 0 -1.12588
5800 0.0301109 0 -1.06713
5850 -0.0268867 0 -1.06348
5900 -0.0424058 0 -1.10415
5950 -0.113883 0 -1.17871
6000 -0.0536569 0 -1.22675
6050 0.115291 0 -1.16064
6100 0.0219639 0 -1.1461
6150 -0.0963839 0 -0.97689
6200 -0.0148452 0 -1.18989
6250 0.0130011 0 -1.1028
6300 0.100418 0 -0.945998
6350 -0.0719443 0 -0.889002
6400 0.0195783 0 -1.03951
6450 0.110151 0 -0.977519
6500 -0.00771725 0 -0.940641
6550 -0.0489557 0 -0.776962
6600 -0.00372369 0 -0.792792
6650 0.0652524 0 -0.969515
6700 0.240408 0 -0.818439
6750 0.219878 0 -0.977676
6800 0.18338 0 -0.893857
6850 0.206243 0 -0.973084
6900 0.214995 0 -0.885595
6950 0.114042 0 -0.955565
7000 0.0951995 0 -0.958936
7050 0.0568513 0 -1.10972
7100 0.237816 0 -1.07264
7150 0.20008 0 -0.919762
7200 0.0578741 0 -0.827908
7250 -0.000382888 0 -0.826868
7300 0.061295 0 -1.0336
7350 0.188935 0 -1.04595
7400 0.191706 0 -1.02614
7450 0.156283 0 -0.934692
7500 0.0584017 0 -0.904469
7550 0.152523 0 -0.832909
7600 0.204519 0 -0.903476
7650 0.121454 0 -0.90416
7700 0.0567716 0 -1.01494
7750 0.158206 0 -1.14805
7800 0.184662 0 -0.966568
7850 0.10192 0 -0.993798
7900 0.0295828 0 -0.885645
7950 0.104539 0 -1.02672
8000 0.10471 0 -1.08523
8050 0.0376471 0 -1.00733
8100 0.0399449 0 -0.916504
8150 0.0388574 0 -1.03336
8200 0.159943 0 -1.00618
8250 0.17823 0 -0.987502
8300 0.13253 0 -0.99755
8350 0.0685367 0 -1.00972
8400 -0.00395701 0 -1.15733
8450 0.11302 0 -0.934007
8500 -0.066737 0 -1.01463
8550 -0.139059 0 -0.92137
8600 -0.00282078 0 -1.07013
8650 -0.00322545 0 -0.998539
8700 0.0286124 0 -0.877501
8750 0.0778206 0 -0.843693
8800 0.139778 0 -0.869742
8850 0.0382241 0 -0.860399
8900 0.0813203 0 -0.881731
8950 0.00266875 0 -0.795218
9000 0.0294342 0 -0.832323
9050 0.0532569 0 -0.976074
9100 0.27184 0 -0.791229
9150 0.144885 0 -0.96035
9200 0.138165 0 -0.846628
9250 0.161494 0 -0.903749
9300 0.150123 0 -0.865145
9350 0.0951726 0 -0.816072
9400 0.247904 0 -0.858493
9450 0.0476281 0 -0.952666
9500 0.0969063 0 -0.963092
9550 -0.0717381 0 -0.829791
9600 -0.128601 0 -0.840794
9650 -0.175287 0 -0.983714
9700 0.0192549 0 -0.931432
9750 0.118404 0 -0.814721
9800 -0.073256 0 -0.852683
9850 0.00962776 0 -0.715464
9900 -0.0196864 0 -1.04428
9950 -0.0349565 0 -0.980484
10000 -0.0494856 0 -1.08624
10050 -0.138055 0 -1.04471
10100 -0.0291175 0 -1.11402
10150 0.149742 0 -1.08979
10200 0.26727 0 -0.967844
10250 0.088838 0 -0.879102
10300 0.226319 0 -0.905197
10350 0.313175 0 -0.983298
10400 0.349272 0 -0.957342
10450 0.197159 0 -0.928964
10500 0.089966 0 -1.00313
10550 0.0778773 0 -1.1081
10600 0.116149 0 -1.00122
10650 0.100455 0 -1.0535
10700 0.131033 0 -1.00751
10750 0.200043 0 -1.0875
10800 0.133484 0 -0.976477
10850 0.153806 0 -0.971556
10900 0.0606323 0 -0.993886
10950 -0.0423248 0 -1.06119
11000 0.0760977 0 -1.08649
11050 0.143823 0 -0.993988
11100 0.0132244 0 -1.06575
11150 -0.000244619 0 -1.04877
11200 0.107606 0 -1.23783
11250 0.140802 0 -1.10811
11300 0.237673 0 -1.04552
11350 0.160747 0 -1.11902
11400 0.108922 0 -1.07027
11450 0.222028 0 -0.978982
11500 0.188134 0 -0.927173
11550 0.15407 0 -0.900067
11600 0.224387 0 -1.03948
11650 0.138514 0 -1.0691
11700 0.157101 0 -1.04497
11750 0.17395 0 -1.09844
11800 0.214109 0 -1.02703
11850 0.104138 0 -1.02088
11900 0.239695 0 -1.02432
11950 0.216999 0 -1.075
12000 0.0353541 0 -1.05054
12050 0.0874259 0 -1.03441
12100 0.097937 0 -0.913083
12150 -0.0473449 0 -0.911489
12200 0.0199616 0 -0.994562
12250 -0.0527781 0 -1.10506
12300 0.0160736 0 -1.0724
12350 0.0523073 0 -1.05355
12400 0.119384 0 -1.04463
12450 0.107632 0 -1.10495
12500 0.245254 0 -0.94352
12550 0.174656 0 -0.886617
12600 0.0087064 0 -0.870707
12650 0.00943251 0 -0.815449
12700 0.00181361 0 -1.07598
12750 0.0149649 0 -0.909129
12800 0.219935 0 -0.787113
12850 0.184369 0 -0.582991
12900 0.0538417 0 -0.291725
12950 -0.220674 0 0.221498
13000 -0.00669827 0 -0.065629
13050 -0.0135442 0 0.00607874
13100 0.0379596 0 -0.0381482
13150 0.0607879 0 -0.13259
13200 0.0415917 0 -0.0995393
13250 0.0293962 0 -0.0446125
13300 0.0437811 0 -0.0363359
13350 0.0426863 0 -0.0610373
13400 0.0230475 0 -0.0279332
13450 0.0218069 0 -0.0302838
13500 0.020635 0 -0.0301905
13550 0.0332546 0 -0.017608
13600 0.00816348 0 0.00162472
13650 -0.0149568 0 0.0101958
13700 -0.000599197 0 -0.0145681
13750 0.0215458 0 -0.064252
