# Created at Sun Sep 17 16:30:45 CDT 2017
971477523737343 1
971478017542275 2
971478550857089 3
971479044692538 4
971479597793124 5
971480071761630 6
971480624892734 7
971481098922275 8
971481632186435 9
971482126052402 10
971482679061435 11
971483133376620 12
971483686477206 13
971484140792392 14
971484693892978 15
971485167892001 16
971485720992587 17
971486194991611 18
971486748061679 19
971487202376865 20
971487755416415 21
971488209731601 22
971488762810545 23
971489236901121 24
971489789940672 25
971490244286375 26
971490797295409 27
971491251641112 28
971491824456053 29
971492298485594 30
971492851586180 31
971493325585204 32
971493878685789 33
971494392235594 34
971494925560789 35
971495419426756 36
971495992180663 37
971496466271239 38
971497039116698 39
971497493370848 40
971498046471434 41
971498520554981 42
971499093339404 43
971499567429981 44
971500120439014 45
971500594590625 46
971501127854785 47
971501601914844 48
971502154984912 49
971502629075488 50
971503182145557 51
971503675919971 52
971504228990039 53
971504703050098 54
971505256120166 55
971505769669971 56
971506322801074 57
971506796891651 58
971507369645557 59
971507843736133 60
971508140000781 61
971508396800485 62
971508870860544 63
971509423900095 64
971509897990671 65
971510451030222 66
971510905345407 67
971511478160349 68
971511952281442 69
971512505290476 70
971512959636179 71
971513532481638 72
971514006480661 73
971514559611765 74
971515053416696 75
971515586680856 76
971516100261179 77
971516633555856 78
971517127421823 79
971517680491892 80
971518154551950 81
971518707628636 82
971519181688695 83
971519734789281 84
971520228594213 85
971520801378636 86
971521275469213 87
971521828508763 88
971522302599340 89
971522855638890 90
971523349504857 91
971523882769017 92
971524376604467 93
971524909929662 94
971525403734594 95
971525956804662 96
971526430925756 97
971526746904760 98
971527003710179 99
971527517259984 100
971528070330053 101
971528564144433 102
971529117214502 103
971529591274560 104
971530164150537 105
971530618465722 106
971531191250146 107
971531665340722 108
971532218349755 109
971532712246240 110
971533265316308 111
971533759121240 112
971534312160791 113
971534786251367 114
971535339382470 115
971535833156884 116
971536129452050 117
971536880001367 118
971537452877343 119
971537907162011 120
971538223191073 121
971538993546298 122
971539586106112 123
971540040421298 124
971540613236239 125
971541087326816 126
971541679947665 127
971542153977206 128
971542726792148 129
971543200852206 130
971543773667148 131
971544267533114 132
971544840317538 133
971545334152987 134
971545887192538 135
971546361283114 136
971546914353183 137
971547388413241 138
971547941513827 139
971548435295688 140
971549027855503 141
971549541496860 142
971550074791538 143
971550568596470 144
971551141472446 145
971551615532505 146
971552188316929 147
971552701897251 148
971553254967319 149
971553748772251 150
971554321617710 151
971554835198032 152
971555447502720 153
971555941368686 154
971556514153110 155
971557027702915 156
971557600578891 157
971558094326289 158
971558647426875 159
971559141231807 160
971559694332393 161
971560188167842 162
971560741207393 163
971561215267452 164
971561788173946 165
971562281917842 166
971562835048946 167
971563309109004 168
971563881923946 169
971564375698360 170
971564928768428 171
971565422573360 172
971565955929073 173
971566449734004 174
971567002865108 175
971567476894649 176
971568029964717 177
971568523783412 178
971569076883998 179
971569570719447 180
971570143503871 181
971570617624965 182
971571170695033 183
971571644724574 184
971572217570033 185
971572691660609 186
971573244730677 187
971573738505092 188
971574311320033 189
971574785441127 190
971575358256068 191
971575832316127 192
971576385386195 193
971576879191127 194
971577452036586 195
971577926096644 196
971578498898141 197
971578972988717 198
971579526089303 199
971580000179879 200
971580572994820 201
971581066769234 202
971581619869820 203
971582093990914 204
971582666775338 205
971583121060006 206
971583674160592 207
971584148190133 208
971584701321236 209
971585175411813 210
971585728451363 211
971586242001168 212
971586775326363 213
971587288967721 214
971587841976754 215
971588316093827 216
971588869102860 217
971589362968827 218
971589915977860 219
971590390098954 220
971590943138504 221
971591437004471 222
971591990044022 223
971592483879471 224
971593036980057 225
971593530754471 226
971594103599930 227
971594577659989 228
971595170250321 229
971595664055253 230
971596217125321 231
971596750511551 232
971597343101883 233
971597836876297 234
971598409741561 235
971598943066757 236
