# Created at Wed Mar 07 17:45:43 CST 2018
2164846450490659 1
2164847003499693 2
2164847497304624 3
2164847833089536 4
2164848544088072 5
2164848899648374 6
2164849650167173 7
2164850025441831 8
2164850775991148 9
2164851111715025 10
2164851862313614 11
2164852237527237 12
2164852948586808 13
2164853323861466 14
2164853995400772 15
2164854350900040 16
2164855081704483 17
2164855437264786 18
2164856168038712 19
2164856721108780 20
2164857214852677 21
2164857590127335 22
2164858241921769 23
2164858637002335 24
2164859347970353 25
2164859723245011 26
2164860335580216 27
2164860691048966 28
2164861323148155 29
2164861698422813 30
2164862330472374 31
2164862686002159 32
2164863298245811 33
2164863673581505 34
2164864305570030 35
2164864661099815 36
2164865253629112 37
2164865786923790 38
2164866260953331 39
2164866596738243 40
2164867268277549 41
2164867604031944 42
2164868216397667 43
2164868611417198 44
2164869203915977 45
2164869598966026 46
2164870211240196 47
2164870586545372 48
2164871258088353 49
2164871633332494 50
2164872522187474 51
2164872838196996 52
2164873707215550 53
2164874043030980 54
2164874872590306 55
2164875445405247 56
2164876037904027 57
2164876353944066 58
2164877163758519 59
2164877716828587 60
2164878289582494 61
2164878842622044 62
2164879454987767 63
2164880007966283 64
2164880600495580 65
2164881133839163 66
2164881726368460 67
2164882279408010 68
2164882812733206 69
2164883365742239 70
2164883918812307 71
2164884234821829 72
2164885005207571 73
2164885538410696 74
2164886051991018 75
2164886545765432 76
2164889982533010 77
2164890496113333 78
2164890831867727 79
2164891542939622 80
2164891878755051 81
2164892629273850 82
2164892965058762 83
2164893676118333 84
2164894011933762 85
2164894703248459 86
2164895058808762 87
2164895789582688 88
2164896145081956 89
2164896816621262 90
2164897211671311 91
2164897922761399 92
2164898298066575 93
2164899009095627 94
2164899384400803 95
2164900095429856 96
2164900431245286 97
2164901161995170 98
2164901517555473 99
2164902208809135 100
2164902564369438 101
2164903295173881 102
2164903670509575 103
2164904440773247 104
2164904776588676 105
2164905546913383 106
2164906099983452 107
2164906633278129 108
2164906969032524 109
2164907739326713 110
2164908075111626 111
2164908845436333 112
2164909378731010 113
2164909931801079 114
2164910267585991 115
2164910998420952 116
2164911531722234 117
2164912025527166 118
2164919471938299 119
2164919807723211 120
2164920538588690 121
2164920874343084 122
2164921624895072 123
2164922177965141 124
2164922652025199 125
2164923007585502 126
2164923718584037 127
2164924271745658 128
2164924805009819 129
2164925140764213 130
2164925930864311 131
2164926464128471 132
2164926997453666 133
2164927530778862 134
2164928064073539 135
2164928399797416 136
2164929110979057 137
2164929466447807 138
2164930197252250 139
2164930533067680 140
2164931263899141 141
2164931599653535 142
2164932330488496 143
2164932666273408 144
2164933397077852 145
2164933930433565 146
2164934443922334 147
2164934779737764 148
2164935510542207 149
2164936043867403 150
2164936557447725 151
2164937090711885 152
2164937604292207 153
2164938137586885 154
2164938670881563 155
2164939223982149 156
2164939737562471 157
2164940270796113 158
2164940764631563 159
2164941100377593 160
2164941791692290 161
2164942127507720 162
2164942838597808 163
2164943371892486 164
2164943845952544 165
2164944181737456 166
2164944912572417 167
2164945228581939 168
2164945919896636 169
2164946275426421 170
2164946986485992 171
2164947322270904 172
2164948033391509 173
2164948369145904 174
2164949060491119 175
2164949396276031 176
2164950127110992 177
2164950660405669 178
2164951154249543 179
2164951509748810 180
2164952201063507 181
2164952556623810 182
2164953228254670 183
2164953583753937 184
2164954334333771 185
2164954887434357 186
2164955400923127 187
2164955934217804 188
2164956447798127 189
2164956783583039 190
2164957494673127 191
2164957830427521 192
2164958541517609 193
2164959094587677 194
2164959568617218 195
2164959904463166 196
2164960655012482 197
2164960990824764 198
2164961721629207 199
2164962274668758 200
2164962807993953 201
2164963143778865 202
2164963854868953 203
2164964388163631 204
2164964901774471 205
2164965237528865 206
2164965948618953 207
2164966284403865 208
2164967015238826 209
2164967548564022 210
2164968062083309 211
2164968397837703 212
2164969108988826 213
2164969444743221 214
2164970155802791 215
2164970491618221 216
2164971242183266 217
2164971577968178 218
2164972269313393 219
2164972605128822 220
2164973335902748 221
2164973849544106 222
2164974343318520 223
2164974916133461 224
2164975370387611 225
2164975903743324 226
2164976397578774 227
