200 -0.00995633 0 0.0458093
250 -0.00311172 0 0.0244988
300 -0.00910485 0 0.0169653
350 -0.00651069 0 0.00319857
400 -0.0108626 0 0.00315643
450 -0.014535 0 0.0132998
500 -0.0110286 0 0.015958
550 -0.0109237 0 0.0149961
600 -0.0102253 0 0.0145926
650 -0.0064746 0 0.0218365
700 -0.00928852 0 0.0122451
750 -0.0214647 0 -0.133704
800 -0.333649 0 -0.151459
850 0.0183243 0 -0.390105
900 0.348725 0 -0.75762
950 0.650691 0 -1.09954
1000 0.368904 0 -1.0893
1050 0.147368 0 -0.972198
1100 0.316039 0 -0.874045
1150 0.643041 0 -1.05821
1200 0.531744 0 -1.07261
1250 0.26439 0 -1.11636
1300 0.358543 0 -1.01704
1350 0.468333 0 -1.05774
1400 0.49117 0 -1.10494
1450 0.370581 0 -1.11605
1500 0.16694 0 -1.05831
1550 0.404211 0 -0.960713
1600 0.608774 0 -1.10359
1650 0.431019 0 -1.09893
1700 0.290199 0 -1.11809
1750 0.342365 0 -1.01272
1800 0.517342 0 -1.09004
1850 0.455685 0 -1.12178
1900 0.255128 0 -1.18296
1950 0.186469 0 -0.984331
2000 0.516116 0 -1.04112
2050 0.606849 0 -1.13493
2100 0.389747 0 -1.1467
2150 0.166544 0 -1.06652
2200 0.423309 0 -0.954687
2250 0.803794 0 -1.14629
2300 0.510491 0 -1.22087
2350 0.178108 0 -1.22805
2400 0.387658 0 -1.02577
2450 0.709265 0 -1.16736
2500 0.53046 0 -1.18684
2550 0.217702 0 -1.23401
2600 0.333222 0 -1.07158
2650 0.718931 0 -1.19153
2700 0.599108 0 -1.20955
2750 0.223615 0 -1.22805
2800 0.212613 0 -1.02124
2850 0.643394 0 -1.15162
2900 0.688831 0 -1.27116
2950 0.261629 0 -1.22878
3000 0.195835 0 -1.02591
3050 0.556773 0 -1.05943
3100 0.7137 0 -1.23203
3150 0.316474 0 -1.19486
3200 0.232098 0 -1.07595
3250 0.466869 0 -1.0561
3300 0.643446 0 -1.21942
3350 0.410252 0 -1.20446
3400 0.290513 0 -1.12388
3450 0.431648 0 -1.04761
3500 0.620018 0 -1.13314
3550 0.440075 0 -1.15437
3600 0.298623 0 -1.18172
3650 0.409446 0 -1.05921
3700 0.638604 0 -1.15716
3750 0.48385 0 -1.14253
3800 0.261117 0 -1.15044
3850 0.279641 0 -0.959911
3900 0.707528 0 -1.15987
3950 0.685159 0 -1.30313
4000 0.20898 0 -1.23438
4050 0.18655 0 -0.970461
4100 0.451635 0 -0.981125
4150 0.61837 0 -1.20474
4200 0.318871 0 -1.19556
4250 0.126683 0 -1.05673
4300 0.435385 0 -0.966772
4350 0.747732 0 -1.18427
4400 0.415291 0 -1.12528
4450 0.17652 0 -1.17995
4500 0.353963 0 -0.984834
4550 0.692264 0 -1.11709
4600 0.525986 0 -1.13806
4650 0.18969 0 -1.23632
4700 0.191677 0 -0.972049
4750 0.617941 0 -1.05596
4800 0.658447 0 -1.161
4850 0.309064 0 -1.23093
4900 0.177932 0 -1.08674
4950 0.527237 0 -1.02867
5000 0.768574 0 -1.20715
5050 0.388584 0 -1.26317
5100 0.087866 0 -1.18035
5150 0.356549 0 -0.954196
5200 0.689034 0 -1.18578
5250 0.4827 0 -1.16985
5300 0.175409 0 -1.12694
5350 0.303535 0 -1.01013
5400 0.668559 0 -1.1781
5450 0.566376 0 -1.22889
5500 0.206206 0 -1.20189
5550 0.167843 0 -0.965079
5600 0.644553 0 -1.15283
5650 0.627079 0 -1.22291
5700 0.267851 0 -1.16555
5750 0.100755 0 -1.00715
5800 0.559427 0 -1.06372
5850 0.753073 0 -1.23237
5900 0.32006 0 -1.16294
5950 0.151407 0 -1.06229
6000 0.405896 0 -0.966018
6050 0.649913 0 -1.15772
6100 0.394767 0 -1.08911
6150 0.280004 0 -0.950597
6200 0.274338 0 -0.806789
6250 0.209713 0 -0.533732
6300 0.0709088 0 -0.19248
6350 0.0352112 0 -0.121317
6400 -0.181489 0 -0.0249121
6450 -0.0416401 0 -0.0546719
6500 -0.0146776 0 -0.0331986
6550 -0.00327423 0 -0.0221318
6600 0.0012475 0 -0.00600928
6650 -0.00497936 0 0.00836114
6700 -0.0120326 0 0.0147569
6750 -0.0129727 0 0.0125209
6800 -0.0160973 0 0.0281906
6850 -0.0148516 0 0.0247648
6900 -0.013779 0 0.0216164
6950 -0.0132316 0 0.0253221
7000 -0.00898258 0 0.0228279
7050 -0.0143049 0 0.0277833
7100 -0.0160813 0 0.0263802
7150 -0.0144144 0 0.0263107
7200 -0.0145748 0 0.0374586
7250 -0.0135258 0 0.0253401
7300 -0.0126369 0 0.025941
7350 -0.0103978 0 0.0216415
7400 -0.00653313 0 0.0143423
7450 -0.00597499 0 0.0157689
7500 -0.0355494 0 -0.0566948
7550 -0.0954088 0 -0.11708
7600 0.0769339 0 -0.486044
7650 0.441339 0 -0.865473
7700 0.478013 0 -1.07576
7750 0.249496 0 -1.08897
7800 0.266967 0 -0.966263
7850 0.407275 0 -0.920274
7900 0.602856 0 -1.066
7950 0.400256 0 -1.02581
8000 0.256544 0 -1.10459
8050 0.31629 0 -0.925639
8100 0.687645 0 -1.10096
8150 0.602638 0 -1.18431
8200 0.28091 0 -1.11496
8250 0.266505 0 -0.953361
8300 0.468911 0 -0.991812
8350 0.600573 0 -1.14158
8400 0.3386 0 -1.12865
8450 0.261134 0 -1.0272
8500 0.403259 0 -0.965499
8550 0.641669 0 -1.13809
8600 0.48962 0 -1.13744
8650 0.189169 0 -1.11914
8700 0.27691 0 -0.94966
8750 0.649931 0 -1.10159
8800 0.582284 0 -1.18342
8850 0.208314 0 -1.21942
8900 0.162386 0 -0.972905
8950 0.515683 0 -0.997417
9000 0.65988 0 -1.18532
9050 0.298217 0 -1.10566
9100 0.209783 0 -1.12196
9150 0.462162 0 -1.04593
9200 0.644929 0 -1.18368
9250 0.411952 0 -1.16545
9300 0.191424 0 -1.13533
9350 0.367355 0 -1.02275
9400 0.646186 0 -1.18239
9450 0.451431 0 -1.17924
9500 0.145601 0 -1.19392
9550 0.278322 0 -0.944993
9600 0.766875 0 -1.24808
9650 0.556967 0 -1.33645
9700 0.179081 0 -1.29621
9750 0.248328 0 -0.955447
9800 0.633304 0 -1.12502
9850 0.618152 0 -1.27061
9900 0.276873 0 -1.18242
9950 0.208025 0 -1.06142
10000 0.540077 0 -1.0748
10050 0.735067 0 -1.26378
10100 0.340469 0 -1.27916
10150 0.170344 0 -1.08326
10200 0.533786 0 -1.03475
10250 0.74846 0 -1.28456
10300 0.369177 0 -1.32701
10350 0.201233 0 -1.15265
10400 0.450996 0 -1.05832
10450 0.6816 0 -1.14751
10500 0.438143 0 -1.12921
10550 0.268462 0 -1.10477
10600 0.36501 0 -0.991879
10650 0.536802 0 -1.07533
10700 0.515008 0 -1.13893
10750 0.227589 0 -1.1788
10800 0.249866 0 -0.925336
10850 0.582605 0 -1.05906
10900 0.616056 0 -1.17211
10950 0.241181 0 -1.19079
11000 0.140379 0 -1.02419
11050 0.539672 0 -1.04486
11100 0.71767 0 -1.21527
11150 0.350219 0 -1.20278
11200 0.182337 0 -1.08646
11250 0.459894 0 -1.04517
11300 0.70309 0 -1.19596
11350 0.387925 0 -1.16285
11400 0.161632 0 -1.12562
11450 0.338962 0 -0.898235
11500 0.801107 0 -1.21029
11550 0.601208 0 -1.22695
11600 0.211058 0 -1.23074
11650 0.267787 0 -0.962798
11700 0.668959 0 -1.09711
11750 0.655688 0 -1.22175
11800 0.24003 0 -1.2132
11850 0.213047 0 -1.01152
11900 0.464625 0 -1.03071
11950 0.536611 0 -1.12081
12000 0.318096 0 -1.09762
12050 0.176607 0 -0.959226
12100 0.422246 0 -0.968488
12150 0.688528 0 -1.21523
12200 0.341205 0 -1.20395
12250 0.187643 0 -1.05305
12300 0.390349 0 -0.93575
12350 0.631309 0 -1.10552
12400 0.422156 0 -1.1176
12450 0.18386 0 -1.1277
12500 0.395672 0 -1.00991
12550 0.815035 0 -1.23749
12600 0.565732 0 -1.29362
12650 0.205119 0 -1.17672
12700 0.273062 0 -0.959722
12750 0.680047 0 -1.10207
12800 0.565041 0 -1.17221
12850 0.228471 0 -1.15346
12900 0.14728 0 -0.880399
12950 0.433021 0 -0.881464
13000 0.501878 0 -0.7752
13050 0.363239 0 -0.587557
13100 0.118075 0 -0.374948
13150 -0.0181919 0 -0.200448
13200 -0.0319235 0 -0.0328873
13250 0.0154577 0 -0.100817
13300 0.0418509 0 -0.092779
13350 0.0322163 0 -0.0770485
13400 -0.0121863 0 -0.0780513
13450 0.0111049 0 -0.0742249
13500 -0.0147319 0 -0.0322738
13550 -0.015834 0 -0.174759
13600 0.0126758 0 -0.0308993
13650 -0.0164684 0 -0.090915
13700 -0.384889 0 0.190114
13750 -0.578438 0 0.103019
13800 0.156814 0 -0.204273
13850 0.107282 0 -0.177683
13900 0.0418711 0 -0.114865
13950 -0.00692103 0 -0.0959803
14000 -0.0128347 0 -0.00817475
14050 -0.0432155 0 0.00873328
14100 -0.0186345 0 0.014086
14150 -0.00879659 0 0.00643853
14200 -0.00464366 0 0.0108709
14250 -0.0110642 0 0.0131184
14300 -0.00367712 0 0.00128714
14350 -0.0140404 0 -0.000580524
14400 -0.0208315 0 0.0226206
14450 -0.018628 0 0.0421722
14500 -0.00808674 0 0.030184
14550 -0.00190509 0 0.0397554
14600 -0.0200945 0 0.0717482
14650 -0.0117784 0 0.0985899
