# Created at Mon Oct 23 11:22:36 CDT 2017
4063401564922510 1
4063402098186670 2
4063402493267236 3
4063403046245752 4
4063403559795557 5
4063403954876123 6
4063404488140283 7
4063404962139307 8
4063405376934228 9
4063405831188379 10
4063406245983301 11
4063406719982324 12
4063407154522119 13
4063407648296533 14
4063408102581201 15
4063408576641260 16
4063409030925928 17
4063409564159570 18
4063410038211373 19
4063410571506051 20
4063411065310982 21
4063411598575142 22
4063412072604683 23
4063412566409615 24
4063413060184029 25
4063413573703316 26
4063414047793892 27
4063414581027535 28
4063415094607857 29
4063415667392281 30
4063416200656441 31
4063416753695992 32
4063417286990670 33
4063417840030221 34
4063418333835152 35
4063418847384957 36
4063419321414498 37
4063419854676310 38
4063420328736369 39
4063420862000529 40
4063421336060587 41
4063421889130656 42
4063422363129679 43
4063422935914103 44
4063423429749552 45
4063424002503458 46
4063424516022746 47
4063425088837687 48
4063425622132365 49
4063426155427042 50
4063426688752238 51
4063427281251017 52
4063427814576212 53
4063428347840373 54
4063428841675822 55
4063429375001017 56
4063429868708308 57
4063430382288631 58
4063430856318172 59
4063431369867976 60
4063431843897517 61
4063432377222713 62
4063432870997127 63
4063433404291804 64
4063433799311336 65
4063434352411922 66
4063434846155818 67
4063435379481013 68
4063435833735164 69
4063436347315486 70
4063436801600154 71
4063437315119441 72
4063437808893855 73
4063438302698787 74
4063438796503719 75
4063439290278133 76
4063439744550066 77
4063440258130388 78
4063440751904802 79
4063441285199480 80
4063441778973894 81
4063442272778825 82
4063442746808366 83
4063443260358171 84
4063443734448747 85
4063444267743425 86
4063444741742448 87
4063445255292253 88
4063445729352312 89
4063446262616472 90
4063446736676530 91
4063447250226335 92
4063447704511003 93
4063448000775651 94
4063448731641130 95
4063449264935808 96
4063449719250993 97
4063450311780290 98
4063450726539632 99
4063450983314535 100
