# Created at Thu Nov 09 11:10:03 CST 2017
86761709272297 1
86762301862629 2
86762795698078 3
86763368574055 4
86763862317951 5
86764474744709 6
86765008008869 7
86765561179051 8
86766054983982 9
86766627798924 10
86767121664891 11
86767674765477 12
86768188345799 13
86768741415867 14
86769235281834 15
86769768637547 16
86770262411961 17
86770815451512 18
86771329092869 19
86771862418064 20
86772375998387 21
86772869833836 22
86773363638768 23
86773896994480 24
86774371085057 25
86774943930516 26
86775437712510 27
86775990813096 28
86776484648545 29
86777037779649 30
86777551298936 31
86778104460557 32
86778637785752 33
86779190855821 34
86779684691270 35
86780237761338 36
86780751372178 37
86781304411729 38
86781837767442 39
86782351378282 40
86782805662950 41
86783398344834 42
86783911894639 43
86784445189317 44
86784958769639 45
86785492172699 46
86786005722503 47
86786539047699 48
86787032883148 49
86787684738617 50
86795082382660 51
86795734269501 52
86796247849823 53
86796800889374 54
86797294755341 55
86797887345673 56
86798381150604 57
86798973771454 58
86799467637421 59
86800040452362 60
86800534287811 61
86801107133270 62
86801640458466 63
86802154069306 64
86802509599091 65
86803181260468 66
86803675126434 67
86804208390595 68
86804722001434 69
86805275068270 70
86805768903719 71
86806322004305 72
86806796125399 73
86807329450594 74
86807843061434 75
86808376356112 76
86808850477205 77
86809423292147 78
86809917127596 79
86810489973055 80
86811003553377 81
86811536909090 82
86812030744539 83
86812583875643 84
86813077680575 85
86813650526033 86
86814144361483 87
86814697431551 88
86815191267000 89
86815744355228 90
86816257935550 91
86816771546390 92
86817265381840 93
86817818512943 94
86818312287357 95
86818845673588 96
86819359223392 97
86819892579105 98
86820406159427 99
86821058014896 100
86821413575199 101
86821927216556 102
