200 -0.00995633 0 0.0458093
250 -0.00311172 0 0.0244988
300 -0.00910485 0 0.0169653
350 -0.00651069 0 0.00319857
400 -0.0108626 0 0.00315643
450 -0.014535 0 0.0132998
500 -0.0110286 0 0.015958
550 -0.0109237 0 0.0149961
600 -0.0102253 0 0.0145926
650 -0.0064746 0 0.0218365
700 -0.00928852 0 0.0122451
750 -0.0214647 0 -0.133704
800 -0.333649 0 -0.151459
850 0.0183243 0 -0.390105
900 0.348725 0 -0.75762
950 0.650691 0 -1.09954
1000 0.368904 0 -1.0893
1050 0.147368 0 -0.972198
1100 0.316039 0 -0.874045
1150 0.643041 0 -1.05821
1200 0.553388 0 -1.10265
1250 0.255957 0 -1.12975
1300 0.357241 0 -1.01673
1350 0.468829 0 -1.05908
1400 0.49117 0 -1.10494
1450 0.370581 0 -1.11605
1500 0.16694 0 -1.05831
1550 0.404211 0 -0.960713
1600 0.654725 0 -1.1285
1650 0.434654 0 -1.11397
1700 0.288373 0 -1.12255
1750 0.342242 0 -1.01244
1800 0.517342 0 -1.09004
1850 0.455685 0 -1.12178
1900 0.255128 0 -1.18296
1950 0.186469 0 -0.984331
2000 0.512273 0 -1.0298
2050 0.62761 0 -1.13688
2100 0.389699 0 -1.14477
2150 0.158578 0 -1.07297
2200 0.423309 0 -0.954687
2250 0.803794 0 -1.14629
2300 0.510491 0 -1.22087
2350 0.178108 0 -1.22805
2400 0.387782 0 -1.02354
2450 0.723602 0 -1.17119
2500 0.534223 0 -1.1921
2550 0.214882 0 -1.23808
2600 0.333222 0 -1.07158
2650 0.718931 0 -1.19153
2700 0.599108 0 -1.20955
2750 0.223615 0 -1.22805
2800 0.209672 0 -1.02646
2850 0.641916 0 -1.15257
2900 0.692221 0 -1.27171
2950 0.26277 0 -1.22921
3000 0.195835 0 -1.02591
3050 0.556773 0 -1.05943
3100 0.7137 0 -1.23203
3150 0.316474 0 -1.19486
3200 0.204737 0 -1.07413
3250 0.464364 0 -1.0497
3300 0.65518 0 -1.23108
3350 0.410761 0 -1.21539
3400 0.290513 0 -1.12388
3450 0.431648 0 -1.04761
3500 0.620018 0 -1.13314
3550 0.440075 0 -1.15437
3600 0.257265 0 -1.20924
3650 0.40747 0 -1.05765
3700 0.659567 0 -1.16511
3750 0.488438 0 -1.14861
3800 0.261117 0 -1.15044
3850 0.279641 0 -0.959911
3900 0.707528 0 -1.15987
3950 0.685159 0 -1.30313
4000 0.203462 0 -1.25785
4050 0.185322 0 -0.972016
4100 0.451309 0 -0.983208
4150 0.617904 0 -1.2045
4200 0.318871 0 -1.19556
4250 0.126683 0 -1.05673
4300 0.435385 0 -0.966772
4350 0.747732 0 -1.18427
4400 0.428471 0 -1.15979
4450 0.160051 0 -1.1949
4500 0.354945 0 -0.989684
4550 0.693437 0 -1.11802
4600 0.525986 0 -1.13806
4650 0.18969 0 -1.23632
4700 0.191677 0 -0.972049
4750 0.617941 0 -1.05596
4800 0.670349 0 -1.18033
4850 0.302276 0 -1.24405
4900 0.173282 0 -1.08908
4950 0.529377 0 -1.03102
5000 0.768574 0 -1.20715
5050 0.388584 0 -1.26317
5100 0.087866 0 -1.18035
5150 0.356549 0 -0.954196
5200 0.713628 0 -1.19221
5250 0.494776 0 -1.18064
5300 0.172048 0 -1.13345
5350 0.303162 0 -1.01065
5400 0.668559 0 -1.1781
5450 0.566376 0 -1.22889
5500 0.206206 0 -1.20189
5550 0.167843 0 -0.965079
5600 0.648432 0 -1.14547
5650 0.641854 0 -1.22651
5700 0.261171 0 -1.16598
5750 0.0936632 0 -1.00743
5800 0.559427 0 -1.06372
5850 0.753073 0 -1.23237
5900 0.32006 0 -1.16294
5950 0.151407 0 -1.06229
6000 0.401116 0 -0.960099
6050 0.668535 0 -1.16708
6100 0.39548 0 -1.09294
6150 0.276599 0 -0.945824
6200 0.274338 0 -0.806789
6250 0.209713 0 -0.533732
6300 0.0709088 0 -0.19248
6350 0.0352112 0 -0.121317
6400 -0.0377188 0 -0.0543098
6450 -0.031472 0 -0.0586916
6500 -0.0134616 0 -0.0418506
6550 -0.00367771 0 -0.022949
6600 0.0012475 0 -0.00600928
6650 -0.00497936 0 0.00836114
6700 -0.0120326 0 0.0147569
6750 -0.0129727 0 0.0125209
6800 -0.0155782 0 0.0303061
6850 -0.014557 0 0.025928
6900 -0.0137711 0 0.0220473
6950 -0.013261 0 0.0254553
7000 -0.00898258 0 0.0228279
7050 -0.0143049 0 0.0277833
7100 -0.0160813 0 0.0263802
7150 -0.0144144 0 0.0263107
7200 -0.0139921 0 0.0361291
7250 -0.0133549 0 0.0245773
7300 -0.0126113 0 0.0256222
7350 -0.0102869 0 0.0215056
7400 -0.00653313 0 0.0143423
7450 -0.00597499 0 0.0157689
7500 -0.0355494 0 -0.0566948
7550 -0.0954088 0 -0.11708
7600 0.0707165 0 -0.481963
7650 0.439766 0 -0.866209
7700 0.478173 0 -1.07535
7750 0.249237 0 -1.08871
7800 0.266967 0 -0.966263
7850 0.407275 0 -0.920274
7900 0.602856 0 -1.066
7950 0.400256 0 -1.02581
8000 0.18767 0 -1.09663
8050 0.285784 0 -0.885643
8100 0.699165 0 -1.0993
8150 0.608748 0 -1.19404
8200 0.28091 0 -1.11496
8250 0.266505 0 -0.953361
8300 0.468911 0 -0.991812
8350 0.600573 0 -1.14158
8400 0.342336 0 -1.1475
8450 0.260688 0 -1.02781
8500 0.404703 0 -0.969448
8550 0.643898 0 -1.13875
8600 0.48962 0 -1.13744
8650 0.189169 0 -1.11914
8700 0.27691 0 -0.94966
8750 0.649931 0 -1.10159
8800 0.600722 0 -1.20302
8850 0.203361 0 -1.24514
8900 0.159432 0 -0.978334
8950 0.519051 0 -1.0046
9000 0.65988 0 -1.18532
9050 0.298217 0 -1.10566
9100 0.209783 0 -1.12196
9150 0.462162 0 -1.04593
9200 0.668954 0 -1.19696
9250 0.413816 0 -1.17565
9300 0.187748 0 -1.13987
9350 0.367617 0 -1.02254
9400 0.646186 0 -1.18239
9450 0.451431 0 -1.17924
9500 0.145601 0 -1.19392
9550 0.278322 0 -0.944993
9600 0.798662 0 -1.25269
9650 0.57099 0 -1.35417
9700 0.167928 0 -1.31
9750 0.244308 0 -0.953106
9800 0.633304 0 -1.12502
9850 0.618152 0 -1.27061
9900 0.276873 0 -1.18242
9950 0.208025 0 -1.06142
10000 0.540545 0 -1.07103
10050 0.758962 0 -1.27438
10100 0.33729 0 -1.28915
10150 0.168931 0 -1.08549
10200 0.533786 0 -1.03475
10250 0.74846 0 -1.28456
10300 0.369177 0 -1.32701
10350 0.201233 0 -1.15265
10400 0.454199 0 -1.05873
10450 0.699451 0 -1.16084
10500 0.440922 0 -1.1371
10550 0.267568 0 -1.10321
10600 0.36501 0 -0.991879
10650 0.536802 0 -1.07533
10700 0.515008 0 -1.13893
10750 0.227589 0 -1.1788
10800 0.240926 0 -0.918031
10850 0.580788 0 -1.05469
10900 0.614142 0 -1.1695
10950 0.238037 0 -1.19292
11000 0.140379 0 -1.02419
11050 0.539672 0 -1.04486
11100 0.71767 0 -1.21527
11150 0.350219 0 -1.20278
11200 0.156905 0 -1.08938
11250 0.456657 0 -1.04202
11300 0.716427 0 -1.20828
11350 0.386279 0 -1.17008
11400 0.161632 0 -1.12562
11450 0.338962 0 -0.898235
11500 0.801107 0 -1.21029
11550 0.601208 0 -1.22695
11600 0.193801 0 -1.2455
11650 0.255234 0 -0.952371
11700 0.666676 0 -1.09115
11750 0.652853 0 -1.22117
11800 0.24003 0 -1.2132
11850 0.213047 0 -1.01152
11900 0.464625 0 -1.03071
11950 0.536611 0 -1.12081
12000 0.316384 0 -1.11334
12050 0.15761 0 -0.959596
12100 0.425892 0 -0.969296
12150 0.689939 0 -1.21382
12200 0.341205 0 -1.20395
12250 0.187643 0 -1.05305
12300 0.390349 0 -0.93575
12350 0.631309 0 -1.10552
12400 0.439935 0 -1.15009
12450 0.147786 0 -1.14831
12500 0.393437 0 -1.01219
12550 0.82395 0 -1.24277
12600 0.565732 0 -1.29362
12650 0.205119 0 -1.17672
12700 0.273062 0 -0.959722
12750 0.680047 0 -1.10207
12800 0.577052 0 -1.18728
12850 0.225084 0 -1.17044
12900 0.148892 0 -0.891909
12950 0.43742 0 -0.890648
13000 0.501878 0 -0.7752
13050 0.363239 0 -0.587557
13100 0.118075 0 -0.374948
13150 -0.0181919 0 -0.200448
13200 -0.0361878 0 0.0226791
13250 0.0124038 0 -0.0685051
13300 0.0580266 0 -0.104139
13350 0.0336052 0 -0.0743319
13400 -0.0121863 0 -0.0780513
13450 0.0111049 0 -0.0742249
13500 -0.0147319 0 -0.0322738
13550 -0.015834 0 -0.174759
13600 0.0155215 0 -0.0119677
13650 -0.0138921 0 -0.0819461
13700 -0.381603 0 0.186892
13750 -0.576548 0 0.101306
13800 0.156814 0 -0.204273
13850 0.107282 0 -0.177683
13900 0.0418711 0 -0.114865
13950 -0.00692103 0 -0.0959803
14000 0.000104305 0 -0.0167849
14050 -0.0233558 0 0.00395407
14100 -0.0153801 0 0.011086
14150 -0.00752613 0 0.00573912
14200 -0.00464366 0 0.0108709
14250 -0.0110642 0 0.0131184
14300 -0.00367712 0 0.00128714
14350 -0.0140404 0 -0.000580524
14400 -0.0191745 0 0.0201616
14450 -0.017925 0 0.0407527
14500 -0.00750572 0 0.0297088
14550 -0.00158115 0 0.0396338
14600 -0.0200945 0 0.0717482
14650 -0.0117784 0 0.0985899
