# Created at Fri Mar 09 11:29:11 CST 2018
2315052268763444 1
2315052703333756 2
2315053276209733 3
2315053770045182 4
2315054362604997 5
2315054856409928 6
2315055429285905 7
2315055942835709 8
2315056555231950 9
2315057029261491 10
2315057621898635 11
2315058096019729 12
2315058688549026 13
2315059202159866 14
2315059814495071 15
2315060288555129 16
2315060900951370 17
2315061394756301 18
2315062007091506 19
2315062520702346 20
2315063152782424 21
2315063626873000 22
2315064278728469 23
2315064772533401 24
2315065404674514 25
2315065918224319 26
2315066589885696 27
2315067083660110 28
2315067775006776 29
2315068268872743 30
2315068960217958 31
2315069473828798 32
2315070362775331 33
2315070817059999 34
2315071626904970 35
2315072041730409 36
2315072733136659 37
2315073226941591 38
2315073898572450 39
2315074392407899 40
2315075064008241 41
2315075557904726 42
2315076209699159 43
2315076703534608 44
2315077375147377 45
2315077868982826 46
2315078501123940 47
2315078975214516 48
2315079607294594 49
2315080061640297 50
2315080733271156 51
2315081227106606 52
2315081859186684 53
2315082333246742 54
2315083004877602 55
2315083498713051 56
2315084130823647 57
2315084624689613 58
2315085316034828 59
2315085750605141 60
2315086402460610 61
2315086856836830 62
2315087508693379 63
2315087982783955 64
2315088595149678 65
2315089049434346 66
2315089622310322 67
2315090116145772 68
2315090768001240 69
2315091261867207 70
2315091854427022 71
2315092289027852 72
2315092901393574 73
2315093355739277 74
2315094007564229 75
2315094461940449 76
2315095074245137 77
2315095528590840 78
2315096180476826 79
2315096634792012 80
2315097286727292 81
2315097760817868 82
2315098392867428 83
2315098847243649 84
2315099499068600 85
2315099973189694 86
2315100605269772 87
2315101099135739 88
2315101731276852 89
2315102205336911 90
2315102857253415 91
2315103331282956 92
2315103963424069 93
2315104457229001 94
2315105069594723 95
2315105543746335 96
2315106215316159 97
2315106709151608 98
2315107301731662 99
2315109237583713 100
2315109909214572 101
2315110383305148 102
2315111035191135 103
2315111489536838 104
2315112141361789 105
2315112635197238 106
2315113287083225 107
2315113761173801 108
2315114393314914 109
2315114887119846 110
2315115578526096 111
2315116072331027 112
2315116743961887 113
2315117218052769 114
2315117850163365 115
2315118304539585 116
2315118956364537 117
2315119430485630 118
2315120082341099 119
2315120576207066 120
2315121267521763 121
2315121741642857 122
2315122413273716 123
2315122907109165 124
2315123578740025 125
2315124033085728 126
2315124684941197 127
2315125159031773 128
2315125791172886 129
2315126285008335 130
2315126976445103 131
2315127450455896 132
2315128161576502 133
2315128635728113 134
2315129307297937 135
2315129801194422 136
2315130453019373 137
2315130927109949 138
2315131618485682 139
2315132112382166 140
2315132764237635 141
2315133277787439 142
2315133929703943 143
2315134403764002 144
2315135055649988 145
2315135529771082 146
2315136221116297 147
2315136655686609 148
2315137327337277 149
2315137840948117 150
2315138512578976 151
2315138966863644 152
2315139638494504 153
2315140112615598 154
2315140803991330 155
2315141278051389 156
2315141929967892 157
2315142423772824 158
2315143075689328 159
2315143569494260 160
2315144201604855 161
2315144695501340 162
2315145367101681 163
2315145880743039 164
2315146532598508 165
2315146986932285 166
2315147678369053 167
2315148152398594 168
2315148824059971 169
2315149298150547 170
2315149949975498 171
2315150424096592 172
2315151075982578 173
2315151550073154 174
2315152221673496 175
2315152735345371 176
2315153426690586 177
2315153920526035 178
2315154572412022 179
2315155026727207 180
2315155718102940 181
2315156172448643 182
2315156844110020 183
2315157298372123 184
2315157574922416 185
