# Created at Wed Mar 07 11:15:42 CST 2018
2141445079011989 1
2141445592531276 2
2141446224570488 3
2141446738028740 4
2141447271323417 5
2141447923056816 6
2141448397055839 7
2141448950125908 8
2141449542624687 9
2141450075858329 10
2141450609153007 11
2141451181937431 12
2141451695395683 13
2141452268180107 14
2141452821219658 15
2141453413748954 16
2141453788962577 17
2141454302481865 18
2141454737052177 19
2141455211020683 20
2141455685050224 21
2141456119532096 22
2141456593561637 23
2141457087366568 24
2141457502100455 25
2141457956354605 26
2141458410608756 27
2141458924158561 28
2141459358698355 29
2141459852442252 30
2141460286951529 31
2141460741236197 32
2141461195459830 33
2141461669489371 34
2141462183008658 35
2141462736017691 36
2141463229853141 37
2141463782862174 38
2141464276606070 39
2141464809900748 40
2141465343164908 41
2141465856651539 42
2141466350425953 43
2141466883720631 44
2141467436729664 45
2141467970024341 46
2141468463768238 47
2141469016807789 48
2141469589561695 49
2141470103111500 50
2141470656090015 51
2141471248649830 52
2141471742424244 53
2141472315178150 54
2141473006462330 55
2141473658256763 56
2141474309990162 57
2141475021049732 58
2141475692619556 59
2141476304895135 60
2141476936914178 61
2141477568933221 62
2141478102166863 63
2141478753961297 64
2141479385980340 65
2141479958764764 66
2141480650048943 67
2141481242608758 68
2141481835138055 69
2141482407891961 70
2141483020196648 71
2141483632501336 72
2141484244714471 73
2141484876794549 74
2141485449548455 75
2141486042092403 76
2141486595131954 77
2141487266640743 78
2141487878945430 79
2141488392464717 80
2141488945565303 81
2141489557778438 82
2141490051583370 83
2141490624337276 84
2141491177376827 85
2141491750161251 86
2141492362435421 87
2141492915474971 88
2141493488289913 89
2141494041268428 90
2141494574593624 91
2141495147378048 92
2141495700389740 93
2141496233653900 94
2141496806438324 95
2141497379222748 96
2141497971782562 97
2141498564311859 98
2141499156841156 99
2141499709880707 100
2141500282634613 101
2141500835674164 102
2141501408458587 103
2141502001048919 104
2141502593578216 105
2141503146617767 106
2141503758891937 107
2141504331706878 108
2141504884685394 109
2141505477245208 110
2141506010547288 111
2141506563586839 112
2141507096850999 113
2141507649860032 114
2141508202899583 115
2141508755969651 116
2141509309039720 117
2141509842273362 118
2141510395312913 119
2141510968127855 120
2141511580402025 121
2141512251910814 122
2141513002490648 123
2141513693774827 124
2141521298079938 125
2141521910384626 126
2141522463363141 127
2141523055922956 128
2141523589217634 129
2141524122512311 130
2141524675521345 131
2141525228560895 132
2141525761906093 133
2141526314945643 134
2141526867954677 135
2141527401218837 136
2141527954319423 137
2141528487614100 138
2141529040623134 139
2141529593693202 140
2141530126957362 141
2141530679996913 142
2141531233036464 143
2141531786106532 144
2141532339176600 145
2141532911899989 146
2141533484745448 147
2141534018009608 148
2141534571018641 149
2141535104313319 150
2141535637607235 151
2141536190677303 152
2141536763461727 153
2141537316562313 154
2141537830020565 155
2141538383060116 156
2141538955875057 157
2141539469394344 158
2141540042209286 159
2141540575473446 160
2141541148288387 161
2141541701327938 162
2141542214847225 163
2141542748202938 164
2141543301211971 165
2141543834537167 166
2141544387576717 167
2141544940585751 168
2141545513400692 169
2141546066443057 170
2141546639227481 171
2141547152746768 172
2141547705755801 173
2141548278570743 174
2141548831640811 175
2141549384710880 176
2141549918005557 177
2141550451300235 178
2141551004339786 179
2141551577093692 180
2141552130163760 181
2141552663488956 182
2141553216528507 183
2141553769537540 184
2141554362127872 185
2141554836126895 186
2141555290442081 187
2141555803982344 188
2141556278011885 189
2141556732327070 190
2141557226101485 191
2141557719967451 192
2141558154415693 193
2141558628475752 194
2141559142025557 195
2141559616085615 196
2141560149349776 197
2141560643154707 198
2141561176418867 199
2141561650478926 200
2141562164028731 201
2141562657864180 202
2141563131893721 203
2141563605953779 204
2141564178707686 205
2141564652737227 206
2141565186062422 207
2141565699592504 208
2141566213142308 209
2141566706916722 210
2141567240211400 211
2141567753761205 212
2141568247535619 213
2141568899330053 214
2141569452400121 215
2141570025245580 216
2141570617744359 217
2141571269599828 218
2141571842384252 219
2141572553413304 220
2141573165717992 221
2141573718818578 222
2141574271827611 223
2141574903907689 224
2141575437171849 225
2141576029754961 226
2141576622314775 227
2141577214874590 228
2141577787659014 229
2141578399963701 230
2141579032043779 231
2141579664093340 232
2141580375152910 233
2141581046753252 234
2141581639282549 235
2141582212066973 236
2141582784881914 237
2141583357727373 238
2141583950287187 239
2141584503296221 240
2141585056366289 241
2141585668688231 242
2141586221697264 243
2141586794512206 244
2141587406816893 245
2141587959886962 246
2141588473406249 247
2141589065966063 248
