200 -0.521813 0 0.85306
250 -0.463746 0 0.885968
300 -0.478544 0 0.878064
350 -0.0113243 0 0.999936
400 -0.597087 0 0.802176
450 -0.597621 0 0.801779
500 -0.920986 0 0.389596
550 -0.578354 0 0.815786
600 -0.522633 0 0.852558
650 -0.42572 0 0.904855
700 -0.364457 0 0.93122
750 -0.413954 0 0.910298
800 -0.373076 0 0.927801
850 -0.640268 0 0.768151
900 -0.403567 0 0.91495
950 -0.511679 0 0.859177
1000 -0.386535 0 0.922275
1050 -0.500233 0 0.865891
1100 0.934699 0 -0.35544
1150 0.474554 0 -0.880226
1200 0.227762 0 -0.973717
1250 0.172419 0 -0.985024
1300 -0.779579 0 -0.626304
1350 -0.477402 0 0.878685
1400 -0.28472 0 -0.958611
1450 -0.045352 0 -0.998971
1500 0.447375 0 -0.894346
1550 -0.106782 0 -0.994282
1600 -0.0876818 0 -0.996149
1650 0.242438 0 -0.970167
1700 0.115536 0 -0.993303
1750 0.108373 0 -0.99411
1800 -0.128378 0 -0.991725
1850 -0.290752 0 -0.956799
1900 -0.308755 0 -0.951142
1950 -0.0584236 0 -0.998292
2000 -0.02531 0 -0.99968
2050 -0.0983524 0 -0.995152
2100 0.00806872 0 -0.999967
2150 -0.21227 0 -0.977211
2200 -0.346927 0 -0.937892
2250 -0.0229454 0 -0.999737
2300 0.0039865 0 -0.999992
2350 0.0667013 0 -0.997773
2400 0.0300499 0 -0.999548
2450 -0.197194 0 -0.980365
2500 -0.162909 0 -0.986641
2550 -0.156306 0 -0.987709
2600 0.115567 0 -0.9933
2650 0.164745 0 -0.986336
2700 0.0888132 0 -0.996048
2750 -0.065678 0 -0.997841
2800 -0.237426 0 -0.971406
2850 -0.0610756 0 -0.998133
2900 0.0788825 0 -0.996884
2950 0.121425 0 -0.992601
3000 0.0792899 0 -0.996852
3050 -0.0685146 0 -0.99765
3100 -0.0289655 0 -0.99958
3150 0.0137607 0 -0.999905
3200 0.00921824 0 -0.999958
3250 -0.0642877 0 -0.997931
3300 -0.0362248 0 -0.999344
3350 -0.00347977 0 -0.999994
3400 0.0646451 0 -0.997908
3450 -0.0328005 0 -0.999462
3500 0.0282747 0 -0.9996
3550 0.0439018 0 -0.999036
3600 -0.0334014 0 -0.999442
3650 0.0343364 0 -0.99941
3700 0.166608 0 -0.986023
3750 0.113043 0 -0.99359
3800 0.127251 0 -0.991871
3850 -0.0636369 0 -0.997973
3900 0.0173004 0 -0.99985
3950 -0.00458391 0 -0.999989
4000 0.0436126 0 -0.999049
4050 -0.0327433 0 -0.999464
4100 0.0541844 0 -0.998531
4150 -0.0386583 0 -0.999252
4200 0.0847595 0 -0.996401
4250 0.0217782 0 -0.999763
4300 0.0105789 0 -0.999944
4350 -0.0462565 0 -0.99893
4400 0.123808 0 -0.992306
4450 0.0331831 0 -0.999449
4500 0.0461359 0 -0.998935
4550 0.0828035 0 -0.996566
4600 0.153988 0 -0.988073
4650 0.0427971 0 -0.999084
4700 0.152057 0 -0.988372
4750 0.164853 0 -0.986318
4800 0.178055 0 -0.984021
4850 0.11282 0 -0.993615
4900 0.0600154 0 -0.998197
4950 0.248968 0 -0.968512
5000 0.183822 0 -0.98296
5050 0.160561 0 -0.987026
5100 0.0790395 0 -0.996871
5150 0.051437 0 -0.998676
5200 0.140625 0 -0.990063
5250 0.119429 0 -0.992843
5300 0.0613003 0 -0.998119
5350 0.0454364 0 -0.998967
5400 -0.0509135 0 -0.998703
5450 0.100954 0 -0.994891
5500 0.179414 0 -0.983774
5550 0.117725 0 -0.993046
5600 0.0363306 0 -0.99934
5650 0.188099 0 -0.98215
5700 0.422808 0 -0.906219
5750 0.435769 0 -0.900059
5800 0.0862346 0 -0.996275
5850 0.17022 0 -0.985406
5900 -0.00532088 0 -0.999986
5950 0.0580514 0 -0.998314
6000 0.262272 0 -0.964994
6050 0.208785 0 -0.977962
6100 0.155706 0 -0.987803
6150 -0.0318833 0 -0.999492
6200 0.062756 0 -0.998029
6250 0.256456 0 -0.966556
6300 0.122798 0 -0.992432
6350 -0.18349 0 -0.983021
6400 -0.186836 0 -0.982391
6450 -0.225374 0 -0.974272
6500 0.022172 0 -0.999754
6550 0.0629117 0 -0.998019
6600 -0.0262844 0 -0.999655
6650 0.0460043 0 -0.998941
6700 -0.0939633 0 -0.995576
6750 -0.161213 0 -0.98692
6800 0.152693 0 -0.988274
6850 0.0600284 0 -0.998197
6900 -0.120546 0 -0.992708
6950 -0.859983 0 0.510323
7000 -0.896595 0 0.442852
7050 -0.99081 0 -0.135259
7100 -0.998322 0 0.0579043
7150 0.986586 0 0.163242
7200 0.676991 0 -0.735991
7250 0.205546 0 -0.978648
7300 -0.26161 0 0.965174
7350 -0.0704313 0 0.997517
7400 -0.924595 0 0.380952
7450 -0.754635 0 0.656145
7500 -0.447111 0 0.894479
7550 -0.55693 0 0.83056
7600 -0.419252 0 0.90787
7650 -0.764564 0 0.644548
7700 -0.0792951 0 -0.996851
7750 0.331041 0 -0.943616
7800 0.628974 0 -0.777427
7850 0.826867 0 -0.562397
7900 -0.973502 0 0.228677
7950 -0.192498 0 -0.981297
8000 -0.207481 0 -0.978239
8050 -0.111868 0 -0.993723
8100 0.0436328 0 -0.999048
8150 0.105182 0 -0.994453
8200 -0.00597099 0 -0.999982
8250 0.00429415 0 -0.999991
8300 -0.0758258 0 -0.997121
8350 -0.0115453 0 -0.999933
8400 0.00492574 0 -0.999988
8450 -0.125357 0 -0.992112
8500 -0.0923874 0 -0.995723
8550 0.0414133 0 -0.999142
8600 0.120074 0 -0.992765
8650 0.145436 0 -0.989368
8700 0.0384215 0 -0.999262
8750 0.0199284 0 -0.999801
8800 0.0777611 0 -0.996972
8850 0.0176822 0 -0.999844
8900 0.104069 0 -0.99457
8950 0.0992637 0 -0.995061
9000 0.120566 0 -0.992705
9050 0.14724 0 -0.989101
9100 0.133081 0 -0.991105
9150 0.144696 0 -0.989476
9200 0.193753 0 -0.98105
9250 0.356929 0 -0.934132
9300 0.179184 0 -0.983816
9350 0.187931 0 -0.982182
9400 0.113182 0 -0.993574
9450 0.154706 0 -0.987961
9500 0.1142 0 -0.993458
9550 0.160893 0 -0.986972
9600 0.071841 0 -0.997416
9650 0.022983 0 -0.999736
9700 -0.0331577 0 -0.99945
9750 -0.0513427 0 -0.998681
9800 0.0852368 0 -0.996361
9850 0.0956371 0 -0.995416
9900 0.139389 0 -0.990238
9950 0.146703 0 -0.989181
10000 0.202932 0 -0.979193
10050 0.100206 0 -0.994967
10100 0.0583155 0 -0.998298
10150 0.0396138 0 -0.999215
10200 0.168337 0 -0.98573
10250 -0.0324107 0 -0.999475
10300 0.0634789 0 -0.997983
10350 -0.0308241 0 -0.999525
10400 0.0538083 0 -0.998551
10450 0.0159109 0 -0.999873
10500 0.0870366 0 -0.996205
10550 -0.0400644 0 -0.999197
10600 0.041236 0 -0.999149
10650 0.0626141 0 -0.998038
10700 0.0902177 0 -0.995922
10750 0.020352 0 -0.999793
10800 0.00591774 0 -0.999982
10850 -0.040535 0 -0.999178
10900 -0.000906077 0 -1
10950 -0.0135527 0 -0.999908
11000 -0.0160915 0 -0.999871
11050 -0.0811882 0 -0.996699
11100 0.114817 0 -0.993387
11150 -0.147347 0 -0.989085
11200 -0.0995381 0 -0.995034
11250 -0.128566 0 -0.991701
11300 0.0361378 0 -0.999347
11350 0.0164544 0 -0.999865
11400 -0.0425121 0 -0.999096
11450 0.0252759 0 -0.999681
11500 0.00661772 0 -0.999978
11550 0.0779741 0 -0.996955
11600 0.0762817 0 -0.997086
11650 0.0783227 0 -0.996928
11700 0.0520492 0 -0.998645
11750 0.00362319 0 -0.999993
11800 0.0531744 0 -0.998585
11850 0.0445772 0 -0.999006
11900 -0.0473825 0 -0.998877
11950 -0.0877053 0 -0.996146
12000 0.0353786 0 -0.999374
12050 -0.0259718 0 -0.999663
12100 0.00481558 0 -0.999988
12150 -0.0255137 0 -0.999674
12200 -0.0137871 0 -0.999905
12250 0.145927 0 -0.989295
12300 0.268391 0 -0.96331
12350 0.251248 0 -0.967923
12400 0.0877126 0 -0.996146
12450 -0.0102651 0 -0.999947
12500 0.0932595 0 -0.995642
12550 0.0833663 0 -0.996519
12600 0.0636121 0 -0.997975
12650 -0.125985 0 -0.992032
12700 -0.0605979 0 -0.998162
12750 0.0910145 0 -0.99585
12800 0.123088 0 -0.992396
12850 0.154146 0 -0.988048
12900 -0.104407 0 -0.994535
12950 -0.0934105 0 -0.995628
13000 -0.0125978 0 -0.999921
13050 -0.063967 0 -0.997952
13100 0.100189 0 -0.994968
13150 -0.0643586 0 -0.997927
13200 -0.14758 0 -0.98905
13250 -0.0390139 0 -0.999239
13300 0.0952028 0 -0.995458
13350 -0.00183123 0 -0.999998
13400 0.041516 0 -0.999138
13450 -0.106864 0 -0.994274
13500 0.00714949 0 -0.999974
13550 -0.0175132 0 -0.999847
13600 -0.187508 0 -0.982263
13650 -0.0571659 0 -0.998365
13700 -0.114243 0 -0.993453
13750 0.114969 0 -0.993369
13800 0.0730248 0 -0.99733
13850 0.192235 0 -0.981349
13900 0.228479 0 -0.973549
13950 0.189478 0 -0.981885
14000 0.037012 0 -0.999315
14050 0.240454 0 -0.97066
14100 0.330474 0 -0.943815
14150 0.216107 0 -0.97637
14200 0.175877 0 -0.984412
14250 0.119112 0 -0.992881
14300 0.0155887 0 -0.999878
14350 0.284222 0 -0.958759
14400 0.306577 0 -0.951846
14450 0.0671542 0 -0.997743
14500 0.192751 0 -0.981248
14550 0.101745 0 -0.99481
14600 0.332736 0 -0.94302
14650 0.273668 0 -0.961824
14700 0.0799073 0 -0.996802
14750 0.299398 0 -0.954128
14800 0.0247852 0 -0.999693
14850 -0.0710439 0 -0.997473
14900 0.146983 0 -0.989139
14950 0.307313 0 -0.951608
15000 0.0943873 0 -0.995536
15050 -0.138344 0 -0.990384
15100 -0.0219706 0 -0.999759
15150 0.0144662 0 -0.999895
15200 0.0734048 0 -0.997302
15250 0.0408589 0 -0.999165
15300 -0.0329993 0 -0.999455
15350 0.0116373 0 -0.999932
15400 -0.000221646 0 -1
15450 -0.0161683 0 -0.999869
15500 0.0890083 0 -0.996031
15550 0.175575 0 -0.984466
15600 0.181356 0 -0.983417
15650 0.109022 0 -0.994039
15700 0.267262 0 -0.963624
15750 0.186798 0 -0.982398
15800 -0.0310054 0 -0.999519
15850 -0.0371273 0 -0.999311
15900 0.0305559 0 -0.999533
15950 0.0834821 0 -0.996509
16000 0.136969 0 -0.990575
16050 0.137646 0 -0.990482
16100 0.0710534 0 -0.997473
16150 0.0286661 0 -0.999589
16200 0.0168821 0 -0.999857
16250 -0.10393 0 -0.994585
16300 -0.0703143 0 -0.997525
16350 -0.0225263 0 -0.999746
16400 -0.0120736 0 -0.999927
16450 -0.0132448 0 -0.999912
16500 0.00698572 0 -0.999976
16550 -0.0184427 0 -0.99983
16600 0.0196348 0 -0.999807
16650 -0.0115101 0 -0.999934
16700 0.0267096 0 -0.999643
16750 0.050063 0 -0.998746
16800 0.121205 0 -0.992628
16850 0.0837617 0 -0.996486
16900 0.11602 0 -0.993247
16950 0.0374834 0 -0.999297
17000 0.0385969 0 -0.999255
17050 -0.0568165 0 -0.998385
17100 0.166457 0 -0.986049
17150 -0.0241494 0 -0.999708
17200 0.0127582 0 -0.999919
17250 -0.0249504 0 -0.999689
17300 0.200961 0 -0.979599
17350 0.143761 0 -0.989612
17400 0.0738821 0 -0.997267
17450 0.125086 0 -0.992146
17500 0.123083 0 -0.992396
17550 0.143647 0 -0.989629
17600 0.165522 0 -0.986206
17650 0.118148 0 -0.992996
17700 0.0262577 0 -0.999655
17750 0.0685241 0 -0.997649
17800 0.187178 0 -0.982326
17850 0.0774439 0 -0.996997
17900 -0.00742587 0 -0.999972
17950 0.0437067 0 -0.999044
18000 0.0645662 0 -0.997913
18050 0.169774 0 -0.985483
18100 0.0613953 0 -0.998114
18150 0.0756886 0 -0.997132
18200 0.185629 0 -0.98262
18250 0.113967 0 -0.993485
18300 0.0888032 0 -0.996049
18350 0.0338147 0 -0.999428
18400 -0.122588 0 -0.992458
18450 -0.053779 0 -0.998553
18500 -0.0776481 0 -0.996981
18550 -0.0375423 0 -0.999295
18600 -0.163263 0 -0.986583
18650 -0.160377 0 -0.987056
18700 0.131052 0 -0.991375
18750 0.165301 0 -0.986243
18800 0.235924 0 -0.971771
18850 0.105176 0 -0.994454
18900 0.0656824 0 -0.997841
18950 0.162777 0 -0.986663
19000 0.125783 0 -0.992058
19050 0.113214 0 -0.993571
19100 0.0104157 0 -0.999946
19150 -0.0545868 0 -0.998509
19200 0.00801309 0 -0.999968
19250 0.0577089 0 -0.998333
19300 0.0944887 0 -0.995526
19350 0.0201895 0 -0.999796
19400 0.00300595 0 -0.999995
19450 0.0635791 0 -0.997977
19500 0.179105 0 -0.98383
19550 0.00143298 0 -0.999999
19600 0.112053 0 -0.993702
19650 0.00195094 0 -0.999998
19700 0.12898 0 -0.991647
19750 0.151679 0 -0.98843
19800 0.202547 0 -0.979273
19850 0.268547 0 -0.963267
19900 -0.106185 0 -0.994346
19950 -0.00441026 0 -0.99999
20000 0.112862 0 -0.993611
20050 0.0967918 0 -0.995305
20100 0.0868157 0 -0.996224
20150 0.0169096 0 -0.999857
20200 -0.0241759 0 -0.999708
20250 0.107048 0 -0.994254
20300 0.182368 0 -0.98323
20350 0.144495 0 -0.989506
20400 -0.0226131 0 -0.999744
20450 -0.0643125 0 -0.99793
20500 -0.0223962 0 -0.999749
20550 0.21626 0 -0.976336
20600 0.476599 0 -0.879121
20650 0.372435 0 -0.928058
20700 0.103601 0 -0.994619
20750 0.00164762 0 -0.999999
20800 -0.243846 0 -0.969814
20850 -0.11428 0 -0.993449
20900 0.33349 0 -0.942754
20950 0.420428 0 -0.907326
21000 0.201616 0 -0.979465
21050 -0.0127873 0 -0.999918
21100 -0.0292812 0 -0.999571
21150 -0.00621213 0 -0.999981
21200 0.197921 0 -0.980218
21250 0.593653 0 -0.804721
21300 0.53025 0 -0.847841
21350 0.296379 0 -0.95507
21400 0.10589 0 -0.994378
21450 -0.995471 0 0.0950623
21500 -0.990829 0 -0.135118
21550 -0.063743 0 0.997966
21600 -0.842161 0 -0.539226
21650 0.317291 0 -0.948328
21700 0.0826937 0 -0.996575
21750 0.0311919 0 -0.999513
21800 -0.997112 0 -0.0759388
21850 -0.0318162 0 -0.999494
21900 0.126217 0 -0.992003
21950 0.148625 0 -0.988894
22000 0.218123 0 -0.975921
22050 -0.00585008 0 -0.999983
22100 0.213399 0 -0.976965
22150 0.249677 0 -0.968329
22200 0.352845 0 -0.935682
22250 0.346768 0 -0.937951
22300 0.311876 0 -0.950123
22350 0.120429 0 -0.992722
22400 0.204321 0 -0.978904
22450 0.248249 0 -0.968696
22500 0.270462 0 -0.962731
22550 0.2598 0 -0.965663
22600 0.26077 0 -0.965401
22650 0.393844 0 -0.919177
22700 0.454341 0 -0.890828
22750 0.444234 0 -0.895911
22800 0.312979 0 -0.94976
22850 0.233876 0 -0.972266
22900 -0.0499421 0 -0.998752
22950 0.0481257 0 -0.998841
23000 0.0606498 0 -0.998159
23050 0.14395 0 -0.989585
23100 0.0338983 0 -0.999425
23150 0.0766646 0 -0.997057
23200 -0.0223555 0 -0.99975
23250 0.1546 0 -0.987977
23300 0.246039 0 -0.96926
23350 0.268635 0 -0.963242
23400 0.234563 0 -0.972101
23450 0.235839 0 -0.971792
23500 0.243979 0 -0.96978
23550 0.343408 0 -0.939186
23600 0.0495761 0 -0.99877
23650 0.109689 0 -0.993966
23700 0.197718 0 -0.980259
23750 0.181779 0 -0.983339
23800 0.241654 0 -0.970362
23850 0.0840043 0 -0.996465
23900 0.126267 0 -0.991996
23950 0.0100512 0 -0.999949
24000 0.07551 0 -0.997145
24050 0.164462 0 -0.986383
24100 0.113908 0 -0.993491
24150 0.137989 0 -0.990434
24200 0.0625672 0 -0.998041
24250 0.103516 0 -0.994628
24300 0.186099 0 -0.982531
24350 0.152451 0 -0.988311
24400 0.112356 0 -0.993668
24450 0.0879292 0 -0.996127
24500 0.160077 0 -0.987104
24550 0.200725 0 -0.979648
24600 0.13831 0 -0.990389
24650 0.0424918 0 -0.999097
24700 0.0459701 0 -0.998943
24750 -0.0357012 0 -0.999363
24800 0.0234208 0 -0.999726
24850 0.0356832 0 -0.999363
24900 0.179065 0 -0.983837
24950 0.204064 0 -0.978957
25000 0.246758 0 -0.969077
25050 0.171004 0 -0.98527
25100 0.190998 0 -0.981591
25150 0.128546 0 -0.991704
25200 0.164273 0 -0.986415
25250 0.0686761 0 -0.997639
25300 0.165879 0 -0.986146
25350 0.206423 0 -0.978463
25400 0.154939 0 -0.987924
25450 0.0767099 0 -0.997053
25500 0.0664539 0 -0.997789
25550 0.0792197 0 -0.996857
25600 0.133731 0 -0.991018
25650 0.0108135 0 -0.999942
25700 0.0649401 0 -0.997889
25750 0.0770953 0 -0.997024
25800 0.0829069 0 -0.996557
25850 0.16506 0 -0.986284
25900 0.2455 0 -0.969397
25950 0.0617543 0 -0.998091
26000 0.0592694 0 -0.998242
26050 0.0431632 0 -0.999068
26100 0.154447 0 -0.988001
26150 0.250032 0 -0.968238
26200 0.197199 0 -0.980363
26250 0.0475418 0 -0.998869
26300 0.105999 0 -0.994366
26350 0.0677022 0 -0.997706
26400 0.0944792 0 -0.995527
26450 -0.0255574 0 -0.999673
26500 0.0746941 0 -0.997206
26550 -0.00672762 0 -0.999977
26600 0.00624687 0 -0.99998
26650 -0.0081255 0 -0.999967
26700 0.10246 0 -0.994737
26750 0.0832073 0 -0.996532
26800 0.072812 0 -0.997346
26850 -0.0243838 0 -0.999703
26900 0.115781 0 -0.993275
26950 0.127651 0 -0.991819
27000 0.223887 0 -0.974615
27050 0.158724 0 -0.987323
27100 0.161727 0 -0.986836
27150 0.0911065 0 -0.995841
27200 0.119114 0 -0.992881
27250 0.134342 0 -0.990935
27300 0.144908 0 -0.989445
27350 0.083335 0 -0.996522
27400 0.0235042 0 -0.999724
27450 0.0783702 0 -0.996924
27500 0.116115 0 -0.993236
27550 0.18839 0 -0.982094
27600 -0.0143203 0 -0.999897
27650 -0.014702 0 -0.999892
27700 0.142907 0 -0.989736
27750 0.179344 0 -0.983786
27800 0.127961 0 -0.991779
27850 0.161032 0 -0.986949
27900 -0.00652725 0 -0.999979
27950 0.0820477 0 -0.996628
28000 0.0860503 0 -0.996291
28050 0.17129 0 -0.985221
28100 0.0595878 0 -0.998223
28150 0.0697135 0 -0.997567
28200 0.0413067 0 -0.999147
28250 0.0952279 0 -0.995455
28300 -0.034713 0 -0.999397
28350 -0.0626771 0 -0.998034
28400 -0.0656823 0 -0.997841
28450 -0.0154086 0 -0.999881
28500 -0.0128458 0 -0.999917
28550 -0.0339224 0 -0.999424
28600 0.0635709 0 -0.997977
28650 0.0855477 0 -0.996334
28700 0.0939695 0 -0.995575
28750 0.123617 0 -0.99233
28800 0.00320323 0 -0.999995
28850 0.0927356 0 -0.995691
28900 0.18545 0 -0.982654
28950 0.173547 0 -0.984826
29000 0.14301 0 -0.989721
29050 0.0902828 0 -0.995916
29100 0.163309 0 -0.986575
29150 0.179631 0 -0.983734
29200 -0.0452047 0 -0.998978
29250 -0.170473 0 -0.985362
29300 -0.0942236 0 -0.995551
29350 0.0355307 0 -0.999369
29400 0.0909637 0 -0.995854
29450 -0.00337607 0 -0.999994
29500 0.0776783 0 -0.996978
29550 0.0763462 0 -0.997081
29600 0.117081 0 -0.993122
29650 -0.0108494 0 -0.999941
29700 -0.0795161 0 -0.996834
29750 -0.0871002 0 -0.9962
29800 -0.055347 0 -0.998467
29850 0.117085 0 -0.993122
29900 0.0885558 0 -0.996071
29950 -0.0034959 0 -0.999994
30000 0.0145701 0 -0.999894
30050 0.0567102 0 -0.998391
30100 -0.0283918 0 -0.999597
30150 -0.0564867 0 -0.998403
30200 -0.0540591 0 -0.998538
30250 0.0532732 0 -0.99858
30300 0.2175 0 -0.97606
30350 0.106913 0 -0.994268
30400 0.161402 0 -0.986889
30450 0.159325 0 -0.987226
30500 0.274265 0 -0.961654
30550 0.268738 0 -0.963213
30600 -0.0854402 0 -0.996343
30650 -0.158815 0 -0.987308
30700 -0.18665 0 -0.982427
30750 0.172138 0 -0.985073
30800 0.537778 0 -0.843086
30850 0.320359 0 -0.947296
30900 -0.324587 0 -0.945856
30950 -0.676219 0 -0.7367
31000 -0.98495 0 0.172838
31050 -0.996328 0 0.0856189
31100 -0.964977 0 0.262336
31150 -0.171677 0 0.985153
31200 0.735791 0 0.677209
31250 0.9953 0 -0.0968421
31300 0.85935 0 -0.511387
31350 0.553963 0 0.832541
31400 -0.751904 0 0.659273
31450 -0.552728 0 0.833361
31500 -0.478148 0 0.878279
31550 -0.624235 0 0.781237
31600 -0.978073 0 0.208264
31650 -0.967177 0 0.254105
31700 -0.844544 0 0.535485
31750 -0.428981 0 0.903313
31800 0.330096 0 0.943947
31850 0.0981456 0 0.995172
31900 -0.155308 0 0.987866
31950 -0.247853 0 0.968798
