# Created at Thu Nov 09 11:08:38 CST 2017
86677571365725 1
86678124435793 2
86678618271242 3
86679191116701 4
86679665176760 5
86680218216311 6
86680712021242 7
86681225632082 8
86681719406496 9
86682252731692 10
86682746567141 11
86683279922854 12
86683615677248 13
86684267563235 14
86684761368166 15
86685274948489 16
86685788501968 17
86686321857681 18
86686815662613 19
86687349018326 20
86687704548111 21
86688356373062 22
86688850177994 23
86689383503189 24
86689897083511 25
86690390918960 26
86690884693374 27
86691418079605 28
86691911884537 29
86692445209732 30
86692958759537 31
86693531604996 32
86694064899673 33
86694637775650 34
86695151355972 35
86695724209949 36
86696237759754 37
86696790829822 38
86697304410144 39
86697857480213 40
86698371091053 41
86698904416248 42
86699417966053 43
86699971066639 44
86700445126697 45
86701037717029 46
86701551266834 47
86702143918201 48
86702657437488 49
86703230313465 50
86703743832752 51
86704316708728 52
86704830289051 53
86705383328601 54
86705896885850 55
86706469731309 56
86706963566758 57
86707516697861 58
86708010441758 59
86708563572861 60
86709057377793 61
86709590702988 62
86710104283311 63
86710617894150 64
86711131443955 65
86711645024277 66
86712158604600 67
86712672184922 68
86713146275498 69
86713679570176 70
86714153691270 71
86714687016465 72
86715180851914 73
86715694360632 74
86716188226599 75
86716701776404 76
86717235132117 77
86717748712439 78
86718242547888 79
86718756097693 80
86719289453406 81
86719783258337 82
86720277093787 83
86720770929236 84
86721264795203 85
86721798089880 86
86722291925330 87
86722844995398 88
86723338830847 89
86723872186560 90
86724385766882 91
86724899347205 92
86725412936161 93
86725946261357 94
86726459902714 95
86726993227909 96
86727546267460 97
86728119112919 98
86728632693241 99
86729126528691 100
