# Created at Fri Mar 09 11:15:22 CST 2018
2314223237498968 1
2314223751101188 2
2314224304171256 3
2314224797945670 4
2314225390566520 5
2314225963381461 6
2314226516451530 7
2314227049807243 8
2314227622652702 9
2314228195498161 10
2314228827608756 11
2314229301668815 12
2314229874483756 13
2314230506563835 14
2314231059694938 15
2314231632540397 16
2314232244875602 17
2314232797945670 18
2314233351046256 19
2314233884360602 20
2314234457175543 21
2314234970725348 22
2314235543631842 23
2314236057151129 24
2314236610282233 25
2314237143637945 26
2314237657218268 27
2314238249778082 28
2314238822593024 29
2314239395438483 30
2314239948539069 31
2314240560904791 32
2314241094229986 33
2314241706565192 34
2314242259696295 35
2314242793021490 36
2314243365866949 37
2314243938699550 38
2314244531320399 39
2314245104165858 40
2314245676980800 41
2314246052285976 42
2314246842416591 43
2314247375772304 44
2314247770852870 45
2314248462167567 46
2314249114053554 47
2314249647409267 48
2314250259744472 49
2314250832559413 50
2314251365915126 51
2314251958535976 52
2314252511636561 53
2314253104196376 54
2314253696840756 55
2314254249941342 56
2314254822756283 57
2314255415316098 58
2314255968447201 59
2314256541262143 60
2314257094423764 61
2314257627718442 62
2314258220308774 63
2314258733919614 64
2314259326479428 65
2314259820375912 66
2314260353701108 67
2314260906771176 68
2314261440157407 69
2314262151278012 70
2314262506807797 71
2314263316683285 72
2314263909295929 73
2314264442621124 74
2314264995721710 75
2314265548852814 76
2314266121667755 77
2314266674768341 78
2314267247613800 79
2314267820459259 80
2314268393304718 81
2314268946405304 82
2314269519311798 83
2314270111841095 84
2314270645227326 85
2314271198297394 86
2314271790918243 87
2314272343988312 88
2314272936578644 89
2314273489722178 90
2314274062567637 91
2314274615668223 92
2314275188513682 93
2314275741644786 94
2314276314459727 95
2314276808295176 96
2314277400916026 97
2314277954016612 98
2314278526892589 99
2314279079993174 100
2314279633032725 101
2314280166449473 102
2314280759039805 103
2314281312140391 104
2314281845496104 105
2314282378821299 106
2314282971411632 107
2314283544298551 108
2314283959123991 109
2314284630754850 110
2314285223314664 111
2314289016100309 112
2314289766710660 113
2314290319780729 114
2314290853136442 115
2314291445726774 116
2314291998857877 117
2314292611223600 118
2314293184069059 119
2314293816183297 120
2314294389028756 121
2314294823599068 122
2314295475454537 123
2314296206381051 124
2314296917501656 125
2314297529867379 126
2314298221212593 127
2314298517538277 128
2314300749716011 129
2314301381826607 130
2314301994192330 131
2314302468282906 132
2314303120138375 133
2314303653462467 134
2314304206563053 135
2314304818928775 136
2314305332570133 137
2314305964680728 138
2314306379475650 139
2314308374623355 140
2314308927693424 141
2314309480855045 142
2314310112965640 143
2314310508046207 144
2314311258717594 145
2314311752553043 146
2314312522908267 147
2314313095814762 148
2314313629145031 149
2314314221735363 150
2314314735376720 151
2314315268732433 152
2314315802057629 153
2314316374903087 154
2314316928003673 155
2314317461389904 156
2314318054010754 157
2314318567621593 158
2314319199701671 159
2314319772577648 160
2314320305963879 161
2314320918329601 162
2314321451685314 163
2314322044306164 164
2314322577661877 165
2314323051721935 166
2314323703582078 167
2314324276458054 168
2314324770324021 169
2314325382689744 170
2314325916014939 171
2314326508666306 172
2314327022246629 173
2314327634612351 174
2314328148223191 175
2314328740844041 176
2314329274199754 177
2314329847075730 178
2314330340941697 179
2314330973021775 180
2314331526152879 181
2314332099028855 182
2314332612609178 183
2314333165770799 184
2314333699130687 185
2314334212680492 186
2314334785586986 187
2314335378177318 188
2314335891818676 189
2314336504153881 190
2314337017734203 191
2314337570865307 192
2314338104221020 193
2314338677096996 194
2314339269717846 195
2314339822848949 196
2314340395663891 197
2314340948825512 198
2314341501926098 199
2314342054996166 200
2314342647647533 201
2314343200748119 202
2314343734150498 203
2314344366230576 204
2314344939106552 205
2314345452717392 206
2314345986103623 207
2314346558979599 208
2314347092335312 209
2314347684956162 210
2314348139301865 211
2314348751667587 212
2314349225758164 213
2314349778828232 214
2314350312183945 215
2314350825794785 216
2314351339375107 217
2314351872791855 218
2314352366627304 219
2314352939472763 220
2314353453083603 221
2314354006184189 222
2314354500105298 223
2314355072950757 224
2314355586561597 225
2314356060652173 226
2314356732283032 227
2314357265608228 228
2314357759504712 229
2314358312574780 230
2314358865675366 231
2314359418836987 232
2314359952192700 233
2314360505293286 234
2314361018904126 235
2314361453474439 236
2314362125105298 237
2314362697981275 238
2314363152357495 239
2314363843733228 240
2314364396860369 241
2314364930216082 242
2314365522806414 243
2314365996927508 244
2314366609323748 245
2314367162424334 246
2314367695780047 247
2314368288370379 248
2314368861246355 249
2314369394632586 250
2314369927988299 251
2314370500833758 252
2314371014475115 253
2314371587351092 254
2314372140482195 255
2314372713327654 256
2314373266458758 257
2314373720804461 258
