# Created at Thu Nov 09 14:11:42 CST 2017
97663322499626 1
97663855824821 2
97664389150016 3
97664922444694 4
97665455769889 5
97665989034050 6
97666502583854 7
97667055653923 8
97667608693473 9
97668142079704 10
97668714864128 11
97669228352897 12
97669781422966 13
97670314717643 14
97670867818229 15
97671401082389 16
97671934438102 17
97672467702263 18
97673001010856 19
97673277561149 20
97674087406120 21
97674363925895 22
97675193546257 23
97675726871452 24
97676299625358 25
97676832950554 26
97677366275749 27
97677899600944 28
97678452640495 29
97678985935173 30
97679519199333 31
97680032779655 32
97680605625114 33
97681138950309 34
97681672244987 35
97682205570182 36
97682778385124 37
97683291876309 38
97683844976895 39
97684378302090 40
97684911566250 41
97685444891446 42
97685978186123 43
97686491735928 44
97687044836514 45
97687578131192 46
97688131170743 47
97688664526455 48
97689197821133 49
97689711370938 50
97690264441006 51
97690797796719 52
97691370611661 53
97691884130948 54
97692456945889 55
97692970555243 56
97693523655829 57
97694037175116 58
97694570530829 59
97695084050116 60
97695637120185 61
97696170445380 62
97696743260321 63
97697256810126 64
97697829686103 65
97698343205390 66
97698916050849 67
97699449345526 68
97700002385077 69
97700515965400 70
97701069004950 71
97701602360663 72
97702175175605 73
97702431950507 74
97703281258833 75
97703794900190 76
97704367654096 77
97704881203901 78
97705454049360 79
97705987344038 80
97706520730268 81
97707053994428 82
97707607064497 83
97708140389692 84
97708713235151 85
97709226815473 86
97709799569380 87
97710313149702 88
97710885964643 89
97711399544966 90
97711972390425 91
97712505685102 92
97713078513329 93
97713592063133 94
97714145194237 95
97714658713524 96
97715251273338 97
97715784598534 98
97716357443993 99
97716890738670 100
97717483329003 101
97718016715233 102
97718609214012 103
97719103049462 104
