200 -0.0208508 0 0.00321393 3 0
250 -0.0165057 0 0.00687197 3 0
300 -0.0212492 0 0.0143926 3 0
350 0.00531498 0 -0.0150009 3 0
400 -0.00475777 0 -0.0194893 3 0
450 -0.00479246 0 -0.0168711 3 0
500 -0.00512093 0 -0.0270163 3 0
550 -0.00360857 0 -0.0291119 3 0
600 -0.012205 0 -0.0118242 3 0
650 -0.013279 0 -0.00140559 3 0
700 -0.00269131 0 -0.0150725 3 0
750 -0.00878425 0 -0.000619806 3 0
800 -0.00900154 0 0.00388347 3 0
850 -0.0149464 0 -0.00708644 3 0
900 -0.00436845 0 -0.00644494 3 0
950 -0.0150979 0 -0.00140192 3 0
1000 -0.0054867 0 -0.00598963 3 1
1050 -0.0067222 0 -0.00878056 3 1
1100 0.023851 0 -0.0355802 3 1
1150 0.0617148 0 -0.105682 3 1
1200 -0.0756178 0 -0.160853 3 1
1250 -0.16955 0 -0.316654 3 1
1300 -0.154642 0 -0.6075 0 1
1350 -0.043752 0 -0.543023 0 1
1400 0.204105 0 -0.593488 0 1
1450 0.123631 0 -0.521589 0 1
1500 0.0397458 0 -0.518816 0 1
1550 -0.0620702 0 -0.530845 0 1
1600 -0.200633 0 -0.653687 0 1
1650 0.00744839 0 -0.736733 0 0
1700 0.0154258 0 -0.672043 0 0
1750 0.0743857 0 -0.768436 0 0
1800 -0.0628024 0 -0.815848 0 0
1850 -0.194647 0 -0.737505 0 0
1900 -0.21969 0 -0.708003 0 0
1950 -0.109025 0 -0.6584 0 0
2000 -0.0648526 0 -0.669031 0 0
2050 0.0289613 0 -0.601689 0 0
2100 -0.0513824 0 -0.599015 0 0
2150 -0.156182 0 -0.541898 0 0
2200 -0.185941 0 -0.478996 0 0
2250 -0.0838878 0 -0.441372 0 0
2300 -0.0449713 0 -0.46197 0 0
2350 0.0770657 0 -0.488437 0 0
2400 0.0139281 0 -0.505568 0 0
2450 -0.130454 0 -0.53187 0 0
2500 -0.12671 0 -0.555666 0 0
2550 -0.085118 0 -0.481239 0 0
2600 0.0250254 0 -0.527839 0 0
2650 0.0661362 0 -0.523512 0 0
2700 0.0499891 0 -0.471596 0 0
2750 -0.0187073 0 -0.53303 0 0
2800 -0.107118 0 -0.631501 0 0
2850 0.0380351 0 -0.751762 0 0
2900 0.0622546 0 -0.880577 0 0
2950 0.119806 0 -0.886252 0 0
3000 0.0777038 0 -1.04873 0 0
3050 -0.120121 0 -1.03302 0 0
3100 -0.0210514 0 -1.00086 0 0
3150 -0.0188168 0 -0.99335 0 0
3200 -0.0361282 0 -1.01078 0 0
3250 -0.0844339 0 -1.28947 0 0
3300 -0.0821449 0 -1.34508 0 0
3350 0.0351516 0 -1.32392 0 0
3400 0.120673 0 -1.31877 0 0
3450 -0.0965986 0 -1.39888 0 0
3500 -0.0702528 0 -1.2968 0 0
3550 0.0175616 0 -1.3758 0 0
3600 -0.00392219 0 -1.47584 0 0
3650 0.051645 0 -1.57783 0 0
3700 0.10626 0 -1.47039 0 0
3750 0.182742 0 -1.37246 0 0
3800 0.215001 0 -1.36536 0 0
3850 -0.00999087 0 -1.52393 0 0
3900 0.00550667 0 -1.47282 0 0
3950 0.108665 0 -1.38929 0 0
4000 0.084847 0 -1.47231 0 0
4050 0.00666311 0 -1.60757 0 0
4100 0.00408874 0 -1.5214 0 0
4150 0.0217568 0 -1.53152 0 0
4200 0.0711051 0 -1.51292 0 0
4250 0.0416966 0 -1.54739 0 0
4300 -0.0377158 0 -1.50444 0 0
4350 -0.00541811 0 -1.55772 0 0
4400 0.0216072 0 -1.50526 0 0
4450 -0.0205488 0 -1.47385 0 0
4500 -0.0114468 0 -1.3564 0 0
4550 0.0392931 0 -1.19908 0 0
4600 0.0751827 0 -1.23023 0 0
4650 0.071826 0 -1.3592 0 0
4700 0.166636 0 -1.25385 0 0
4750 0.267152 0 -1.26484 0 0
4800 0.219543 0 -1.14306 0 0
4850 0.0746178 0 -1.18521 0 0
4900 0.0673522 0 -1.14647 0 0
4950 0.254683 0 -1.19971 0 0
5000 0.19295 0 -1.184 0 0
5050 0.211401 0 -1.04135 0 0
5100 0.059869 0 -1.16108 0 0
5150 0.0251642 0 -1.08431 0 0
5200 0.0972606 0 -1.0097 0 0
5250 0.091055 0 -0.930685 0 0
5300 0.0713358 0 -0.918269 0 0
5350 0.0248643 0 -0.994377 0 0
5400 0.0209352 0 -0.955744 0 0
5450 0.122388 0 -0.935307 0 0
5500 0.102997 0 -0.85741 0 0
5550 0.158633 0 -0.812852 0 0
5600 0.0288587 0 -0.734119 0 0
5650 0.126265 0 -0.650602 0 0
5700 0.263917 0 -0.70075 0 0
5750 0.190198 0 -0.715182 0 0
5800 0.107059 0 -0.783768 0 0
5850 -0.0642573 0 -0.823165 0 0
5900 -0.100007 0 -0.751904 0 0
5950 0.0133222 0 -0.719554 0 0
6000 0.155528 0 -0.810647 0 0
6050 0.140969 0 -0.687271 0 0
6100 0.0604532 0 -0.632878 0 0
6150 -0.0193608 0 -0.54715 0 0
6200 -0.0351652 0 -0.552091 0 0
6250 -0.0175803 0 -0.516169 0 0
6300 -0.0275453 0 -0.472534 0 0
6350 -0.0775407 0 -0.522298 0 0
6400 -0.104195 0 -0.601848 0 0
6450 -0.112794 0 -0.647701 0 0
6500 0.0108461 0 -0.610362 0 0
6550 0.112364 0 -0.621498 0 0
6600 0.10198 0 -0.634272 0 0
6650 0.0227061 0 -0.642506 0 0
6700 -0.0770184 0 -0.679592 0 0
6750 -0.0646782 0 -0.657389 0 0
6800 0.0524874 0 -0.59007 0 1
6850 -0.0173852 0 -0.525207 0 1
6900 -0.0858569 0 -0.501462 0 1
6950 -0.307375 0 -0.424096 0 1
7000 -0.439093 0 -0.315387 0 1
7050 -0.372778 0 -0.306974 0 1
7100 0.0186382 0 0.0478949 3 1
7150 0.0441114 0 -0.0439919 3 1
7200 0.0384565 0 -0.0162385 3 1
7250 0.00705015 0 -0.0134431 3 1
7300 -0.00999448 0 -0.00132252 3 1
7350 -0.0150524 0 -0.0302147 3 1
7400 -0.027637 0 -0.00277123 3 1
7450 -0.0173015 0 0.0121521 3 0
7500 -0.0200216 0 0.0131218 3 0
7550 -0.0199625 0 0.000358397 3 0
7600 -0.0233506 0 -0.0163804 3 1
7650 -0.0240412 0 -0.028835 3 2
7700 -0.0131431 0 -0.123948 3 2
7750 0.0881851 0 -0.240675 3 2
7800 0.178101 0 -0.418228 3 2
7850 0.0976378 0 -0.336443 3 2
7900 -0.291084 0 0.116082 2 2
7950 -0.117105 0 -0.587896 0 2
8000 -0.182417 0 -0.840067 0 2
8050 -0.0241009 0 -0.817724 0 2
8100 0.0791085 0 -0.709875 0 2
8150 0.0883614 0 -0.744191 0 2
8200 0.000560775 0 -0.891495 0 2
8250 -0.0736023 0 -0.872214 0 1
8300 -0.0653978 0 -0.80934 0 0
8350 -0.0759911 0 -0.853955 0 0
8400 0.000756817 0 -0.858961 0 0
8450 -0.127417 0 -1.05453 0 0
8500 -0.0793141 0 -1.17375 0 0
8550 0.125976 0 -1.21293 0 0
8600 0.198339 0 -1.17892 0 0
8650 0.124472 0 -1.25747 0 0
8700 -0.0825012 0 -1.22581 0 0
8750 0.0238314 0 -1.29205 0 0
8800 0.0727613 0 -1.37957 0 0
8850 0.135981 0 -1.38426 0 0
8900 0.095916 0 -1.36836 0 0
8950 0.176901 0 -1.34496 0 0
9000 0.164829 0 -1.32114 0 0
9050 0.17305 0 -1.38294 0 0
9100 0.142288 0 -1.46926 0 0
9150 0.284076 0 -1.35453 0 0
9200 0.28424 0 -1.33108 0 0
9250 0.414857 0 -1.2783 0 0
9300 0.186883 0 -1.33492 0 0
9350 0.181816 0 -1.25647 0 0
9400 0.134926 0 -1.27639 0 0
9450 0.17309 0 -1.25165 0 0
9500 0.0854447 0 -1.16963 0 0
9550 0.0913663 0 -1.22713 0 0
9600 0.0486711 0 -1.30926 0 0
9650 -0.0491303 0 -1.36901 0 0
9700 -0.0925309 0 -1.31486 0 0
9750 -0.0911835 0 -1.29712 0 0
9800 0.0159669 0 -1.27678 0 0
9850 -0.00253115 0 -1.39189 0 0
9900 0.00925807 0 -1.34627 0 0
9950 0.179613 0 -1.36052 0 0
10000 0.202717 0 -1.46653 0 0
10050 0.0779612 0 -1.47078 0 0
10100 0.0394678 0 -1.4618 0 0
10150 0.137661 0 -1.49849 0 0
10200 0.170437 0 -1.54785 0 0
10250 0.0473149 0 -1.45805 0 0
10300 0.0207747 0 -1.47766 0 0
10350 -0.0270365 0 -1.48686 0 0
10400 -0.0104435 0 -1.53393 0 0
10450 0.0693256 0 -1.50316 0 0
10500 0.0592132 0 -1.44134 0 0
10550 -0.0377153 0 -1.4148 0 0
10600 -0.0836631 0 -1.38083 0 0
10650 -0.0151195 0 -1.45134 0 0
10700 0.117365 0 -1.50679 0 0
10750 0.0987029 0 -1.50181 0 0
10800 -0.0171297 0 -1.61896 0 0
10850 -0.0471323 0 -1.52212 0 0
10900 0.0211032 0 -1.39278 0 0
10950 -0.0612781 0 -1.42607 0 0
11000 -0.00412767 0 -1.54258 0 0
11050 -0.0655021 0 -1.40406 0 0
11100 0.171148 0 -1.34349 0 0
11150 -0.00702131 0 -1.28571 0 0
11200 -0.149537 0 -1.39334 0 0
11250 -0.145749 0 -1.46001 0 0
11300 0.120076 0 -1.38141 0 0
11350 0.0317906 0 -1.18597 0 0
11400 0.0367002 0 -1.10161 0 0
11450 0.0231043 0 -1.10096 0 0
11500 0.112604 0 -1.03185 0 0
11550 -0.0226985 0 -1.05216 0 0
11600 0.119875 0 -0.97935 0 0
11650 0.0636322 0 -1.00842 0 0
11700 -0.0292369 0 -0.957119 0 0
11750 0.062858 0 -0.980126 0 0
11800 0.00186452 0 -0.906262 0 0
11850 0.078696 0 -0.885481 0 0
11900 -0.059527 0 -0.874368 0 0
11950 -0.051076 0 -0.888875 0 0
12000 0.0361969 0 -0.928392 0 0
12050 0.00746607 0 -0.879373 0 0
12100 0.0487141 0 -0.863674 0 0
12150 -0.0095223 0 -0.980707 0 0
12200 0.0796235 0 -0.956501 0 0
12250 0.160063 0 -0.900849 0 0
12300 0.20909 0 -0.910406 0 0
12350 0.204923 0 -0.977205 0 0
12400 -0.000805747 0 -1.1384 0 0
12450 0.0201572 0 -1.17831 0 0
12500 0.144252 0 -1.15455 0 0
12550 0.0608559 0 -1.00744 0 0
12600 0.0565998 0 -0.906389 0 0
12650 -0.116207 0 -0.896432 0 0
12700 -0.0343882 0 -0.825757 0 0
12750 0.0691841 0 -0.889123 0 0
12800 0.0563176 0 -0.818726 0 0
12850 0.142159 0 -0.911042 0 0
12900 -0.0327361 0 -0.968317 0 0
12950 -0.0442598 0 -0.791354 0 0
13000 0.0182669 0 -0.763976 0 0
13050 -0.02664 0 -0.741692 0 0
13100 0.0494658 0 -0.757809 0 0
13150 -0.0789516 0 -0.831786 0 0
13200 -0.0935896 0 -0.863399 0 0
13250 -0.00593316 0 -0.858464 0 0
13300 0.00603276 0 -0.824141 0 0
13350 -0.0145378 0 -0.837773 0 0
13400 -0.0383935 0 -0.908244 0 0
13450 -0.151555 0 -0.83406 0 0
13500 -0.0809691 0 -0.663165 0 0
13550 -0.0755214 0 -0.738148 0 0
13600 -0.0775381 0 -0.664172 0 0
13650 0.0557097 0 -0.700986 0 0
13700 -0.00215608 0 -0.704287 0 0
13750 0.0658162 0 -0.709323 0 0
13800 0.0941142 0 -0.652144 0 0
13850 0.124884 0 -0.613815 0 0
13900 0.106721 0 -0.632776 0 0
13950 0.136904 0 -0.690819 0 0
14000 -0.018121 0 -0.811612 0 0
14050 0.149027 0 -0.751788 0 0
14100 0.230499 0 -0.779989 0 0
14150 0.145285 0 -0.736904 0 0
14200 0.125897 0 -0.76115 0 0
14250 0.0735131 0 -0.621886 0 0
14300 0.0587857 0 -0.560948 0 0
14350 0.147861 0 -0.564941 0 0
14400 0.0768337 0 -0.493645 0 0
14450 -0.00589339 0 -0.611691 0 0
14500 0.0698925 0 -0.663993 0 0
14550 0.0122079 0 -0.739369 0 0
14600 0.188895 0 -0.622973 0 0
14650 0.202333 0 -0.585527 0 0
14700 0.109997 0 -0.712027 0 0
14750 0.179285 0 -0.718282 0 0
14800 0.0286219 0 -0.748007 0 0
14850 -0.052401 0 -0.718646 0 0
14900 0.096942 0 -0.721114 0 0
14950 0.125458 0 -0.685752 0 0
15000 0.0407648 0 -0.667218 0 0
15050 -0.0204161 0 -0.717062 0 0
15100 -0.0215014 0 -0.822381 0 0
15150 -0.00926274 0 -0.975231 0 0
15200 0.136756 0 -0.973673 0 0
15250 0.0696017 0 -1.04145 0 0
15300 -0.0243016 0 -1.00212 0 0
15350 -0.0517665 0 -1.12484 0 0
15400 -0.101396 0 -1.15892 0 0
15450 0.0571378 0 -1.10153 0 0
15500 0.0965708 0 -1.1098 0 0
15550 0.217983 0 -1.08057 0 0
15600 0.204656 0 -1.14213 0 0
15650 0.227311 0 -1.24767 0 0
15700 0.333391 0 -1.28907 0 0
15750 0.166226 0 -1.1821 0 0
15800 -0.00613319 0 -1.34804 0 0
15850 -0.0684543 0 -1.34211 0 0
15900 0.0592427 0 -1.38658 0 0
15950 0.0823721 0 -1.24267 0 0
16000 0.150555 0 -1.34219 0 0
16050 0.0826758 0 -1.26581 0 0
16100 0.0833848 0 -1.2646 0 0
16150 -0.0217182 0 -1.20754 0 0
16200 0.0162245 0 -1.26975 0 0
16250 -0.132701 0 -1.38943 0 0
16300 -0.0305284 0 -1.4843 0 0
16350 -0.0686964 0 -1.44211 0 0
16400 -0.0209444 0 -1.35127 0 0
16450 0.00559124 0 -1.28172 0 0
16500 0.04654 0 -1.32472 0 0
16550 -0.0456494 0 -1.31273 0 0
16600 0.000551633 0 -1.22841 0 0
16650 -0.0706083 0 -1.35511 0 0
16700 -0.00532947 0 -1.32246 0 0
16750 0.0725143 0 -1.24136 0 0
16800 0.132715 0 -1.21778 0 0
16850 0.113261 0 -1.27367 0 0
16900 0.119445 0 -1.39254 0 0
16950 0.0212083 0 -1.46718 0 0
17000 -0.0820435 0 -1.28611 0 0
17050 -0.016934 0 -1.3183 0 0
17100 0.0315855 0 -1.41414 0 0
17150 0.0921277 0 -1.36643 0 0
17200 0.0119603 0 -1.19854 0 0
17250 0.0533782 0 -1.32591 0 0
17300 0.127831 0 -1.35198 0 0
17350 0.16123 0 -1.2796 0 0
17400 0.0745929 0 -1.23656 0 0
17450 0.100661 0 -1.21316 0 0
17500 0.0676267 0 -1.11974 0 0
17550 0.0838652 0 -1.01228 0 0
17600 0.135695 0 -0.912588 0 0
17650 0.094868 0 -0.931989 0 0
17700 -0.0286635 0 -0.865826 0 0
17750 0.0901938 0 -0.848121 0 0
17800 0.181444 0 -0.970212 0 0
17850 0.0790094 0 -0.945959 0 0
17900 -0.0345717 0 -0.926481 0 0
17950 -0.013784 0 -0.923284 0 0
18000 0.0953242 0 -0.895427 0 0
18050 0.0878194 0 -0.875546 0 0
18100 0.129209 0 -0.927439 0 0
18150 0.0205835 0 -0.965981 0 0
18200 0.149885 0 -0.877391 0 0
18250 0.120351 0 -0.833896 0 0
18300 0.0967755 0 -0.87017 0 0
18350 -0.0211631 0 -1.01938 0 0
18400 -0.142568 0 -0.955804 0 0
18450 -0.0174531 0 -0.86029 0 0
18500 -0.107534 0 -0.833024 0 0
18550 0.0366488 0 -0.716721 0 0
18600 -0.140144 0 -0.792256 0 0
18650 -0.11985 0 -0.831415 0 0
18700 0.0568218 0 -0.860636 0 0
18750 0.0791773 0 -0.799182 0 0
18800 0.118745 0 -0.889681 0 0
18850 0.0223659 0 -0.885309 0 0
18900 0.0643715 0 -0.904698 0 0
18950 0.125696 0 -0.954494 0 0
19000 0.0485702 0 -0.840024 0 0
19050 0.0716866 0 -0.874527 0 0
19100 -0.0287334 0 -0.859344 0 0
19150 -0.0166515 0 -0.940613 0 0
19200 -0.00242667 0 -0.981677 0 0
19250 -0.0597606 0 -0.92886 0 0
19300 0.0101179 0 -0.885172 0 0
19350 -0.0460523 0 -0.953952 0 0
19400 -0.0477497 0 -0.901912 0 0
19450 0.0585858 0 -0.79808 0 0
19500 0.0504545 0 -0.744086 0 0
19550 0.0213928 0 -0.765047 0 0
19600 -5.181e-05 0 -0.753841 0 0
19650 -0.0814581 0 -0.840859 0 0
19700 0.0580706 0 -0.798285 0 0
19750 0.105893 0 -0.829966 0 0
19800 0.0905655 0 -0.747275 0 0
19850 0.0999414 0 -0.784677 0 0
19900 -0.122386 0 -0.73626 0 0
19950 -0.0390447 0 -0.726653 0 0
20000 0.0230374 0 -0.686396 0 0
20050 0.0337435 0 -0.644267 0 0
20100 0.080706 0 -0.714126 0 0
20150 0.00922758 0 -0.667651 0 0
20200 -0.0605486 0 -0.675959 0 0
20250 0.113189 0 -0.600811 0 0
20300 0.101804 0 -0.629898 0 0
20350 0.089708 0 -0.634448 0 0
20400 0.0157718 0 -0.704133 0 0
20450 -0.0676135 0 -0.628674 0 0
20500 -0.0950864 0 -0.710599 0 0
20550 0.0616583 0 -0.615004 0 0
20600 0.160635 0 -0.437451 0 0
20650 0.17731 0 -0.567336 0 0
20700 0.0899585 0 -0.531303 0 0
20750 -0.0537694 0 -0.495301 0 0
20800 -0.142489 0 -0.594532 0 0
20850 -0.166065 0 -0.631589 0 0
20900 0.0955355 0 -0.526548 0 0
20950 0.133605 0 -0.519413 0 0
21000 0.100051 0 -0.495043 0 0
21050 -0.0686716 0 -0.552302 0 0
21100 -0.0877081 0 -0.542607 0 0
21150 -0.0829265 0 -0.506517 0 1
21200 0.00318032 0 -0.444256 0 2
21250 0.190675 0 -0.336686 0 2
21300 0.166886 0 -0.414248 0 2
21350 0.117782 0 -0.421221 0 2
21400 0.0147182 0 -0.397697 0 2
21450 -0.0104133 0 -0.0313421 1 2
21500 -0.104489 0 -0.353688 0 2
21550 -0.100351 0 -0.367237 0 2
21600 0.0800454 0 -0.383792 0 2
21650 0.076593 0 -0.431997 0 2
21700 0.0319681 0 -0.414972 0 2
21750 0.00156407 0 -0.514795 0 2
21800 -0.0824212 0 -0.508321 0 1
21850 -0.0898043 0 -0.67957 0 0
21900 0.0235672 0 -0.688843 0 0
21950 0.0817123 0 -0.653512 0 0
22000 0.13049 0 -0.702222 0 0
22050 0.149834 0 -0.762873 0 0
22100 0.194308 0 -0.847704 0 0
22150 0.274042 0 -0.999987 0 0
22200 0.590681 0 -1.03833 0 0
22250 0.493624 0 -1.09552 0 0
22300 0.378883 0 -1.06546 0 0
22350 0.169253 0 -1.06427 0 0
22400 0.192645 0 -1.05047 0 0
22450 0.309186 0 -1.04873 0 0
22500 0.20136 0 -0.848777 0 0
22550 0.133048 0 -0.971187 0 0
22600 0.263755 0 -0.90304 0 0
22650 0.250259 0 -1.0256 0 0
22700 0.330908 0 -0.926734 0 0
22750 0.152582 0 -0.92093 0 0
22800 0.217879 0 -1.00297 0 0
22850 0.116004 0 -1.04447 0 0
22900 -0.0923835 0 -1.0698 0 0
22950 -0.0955983 0 -1.1087 0 0
23000 0.0835641 0 -1.28664 0 0
23050 0.0671299 0 -1.22835 0 0
23100 0.0233077 0 -1.13281 0 0
23150 0.0927449 0 -1.21977 0 0
23200 -0.0610899 0 -1.30136 0 0
23250 0.0651444 0 -1.16831 0 0
23300 0.157312 0 -1.08686 0 0
23350 0.220975 0 -1.11095 0 0
23400 0.242661 0 -1.2725 0 0
23450 0.191662 0 -1.18847 0 0
23500 0.175788 0 -1.15337 0 0
23550 0.308621 0 -1.00082 0 0
23600 0.108675 0 -1.20181 0 0
23650 0.103751 0 -1.2221 0 0
23700 0.221056 0 -1.20967 0 0
23750 0.223429 0 -1.19969 0 0
23800 0.246358 0 -1.23521 0 0
23850 0.0222923 0 -1.36836 0 0
23900 0.190541 0 -1.28391 0 0
23950 0.03982 0 -1.2423 0 0
24000 0.0530374 0 -1.21903 0 0
24050 0.0818449 0 -1.28292 0 0
24100 0.161988 0 -1.26101 0 0
24150 0.136081 0 -1.25912 0 0
24200 0.0907262 0 -1.29681 0 0
24250 0.0752201 0 -1.36261 0 0
24300 0.195007 0 -1.31041 0 0
24350 0.200878 0 -1.29038 0 0
24400 0.189696 0 -1.29842 0 0
24450 0.138812 0 -1.3685 0 0
24500 0.16406 0 -1.39342 0 0
24550 0.235823 0 -1.32218 0 0
24600 0.144923 0 -1.27613 0 0
24650 0.0700035 0 -1.39531 0 0
24700 -0.0492974 0 -1.43236 0 0
24750 0.00653968 0 -1.45573 0 0
24800 -0.0456927 0 -1.47952 0 0
24850 0.0762691 0 -1.54493 0 0
24900 0.142988 0 -1.5369 0 0
24950 0.258611 0 -1.40703 0 0
25000 0.229215 0 -1.3451 0 0
25050 0.214996 0 -1.45488 0 0
25100 0.190377 0 -1.46338 0 0
25150 0.235624 0 -1.41572 0 0
25200 0.159121 0 -1.3046 0 0
25250 0.0998115 0 -1.3884 0 0
25300 0.135288 0 -1.43377 0 0
25350 0.267025 0 -1.24925 0 0
25400 0.202831 0 -1.35272 0 0
25450 0.0875488 0 -1.42487 0 0
25500 0.0851871 0 -1.40551 0 0
25550 0.0450864 0 -1.35293 0 0
25600 0.0379835 0 -1.30681 0 0
25650 -0.0731899 0 -1.48606 0 0
25700 0.0307349 0 -1.49863 0 0
25750 0.12852 0 -1.42056 0 0
25800 0.0641727 0 -1.43121 0 0
25850 0.1506 0 -1.49451 0 0
25900 0.193882 0 -1.47582 0 0
25950 0.153387 0 -1.34466 0 0
26000 0.0746193 0 -1.31468 0 0
26050 0.030137 0 -1.53689 0 0
26100 0.174372 0 -1.47787 0 0
26150 0.280473 0 -1.40051 0 0
26200 0.232457 0 -1.41505 0 0
26250 0.0477895 0 -1.5153 0 0
26300 0.136686 0 -1.42458 0 0
26350 0.14054 0 -1.4567 0 0
26400 0.0850843 0 -1.33184 0 0
26450 0.0124235 0 -1.45627 0 0
26500 0.0780789 0 -1.50059 0 0
26550 0.099217 0 -1.5593 0 0
26600 -0.0116076 0 -1.51172 0 0
26650 -0.0225118 0 -1.55622 0 0
26700 0.0770927 0 -1.54824 0 0
26750 0.134251 0 -1.48898 0 0
26800 0.121707 0 -1.51939 0 0
26850 0.00265722 0 -1.54479 0 0
26900 0.123541 0 -1.53585 0 0
26950 0.178948 0 -1.5096 0 0
27000 0.241129 0 -1.5406 0 0
27050 0.193382 0 -1.63646 0 0
27100 0.193268 0 -1.66709 0 0
27150 0.126484 0 -1.59221 0 0
27200 0.0632657 0 -1.60895 0 0
27250 0.0936499 0 -1.576 0 0
27300 0.212471 0 -1.53479 0 0
27350 0.0514982 0 -1.57015 0 0
27400 0.0219677 0 -1.57315 0 0
27450 0.0489111 0 -1.58288 0 0
27500 0.22939 0 -1.59775 0 0
27550 0.160916 0 -1.54811 0 0
27600 -0.00579355 0 -1.61648 0 0
27650 -0.0541557 0 -1.60948 0 0
27700 0.206114 0 -1.5615 0 0
27750 0.11298 0 -1.51483 0 0
27800 0.149894 0 -1.61424 0 0
27850 0.15957 0 -1.59433 0 0
27900 0.0809138 0 -1.5388 0 0
27950 -0.0075652 0 -1.55044 0 0
28000 0.0378118 0 -1.54895 0 0
28050 0.167299 0 -1.57594 0 0
28100 0.0985286 0 -1.54028 0 0
28150 0.0572801 0 -1.60953 0 0
28200 0.0171774 0 -1.51687 0 0
28250 0.145604 0 -1.60909 0 0
28300 -0.027764 0 -1.42949 0 0
28350 -0.127553 0 -1.41759 0 0
28400 -0.0936416 0 -1.41452 0 0
28450 0.0609969 0 -1.37839 0 0
28500 -0.119971 0 -1.28231 0 0
28550 -0.0458007 0 -1.41335 0 0
28600 -0.0358678 0 -1.36076 0 0
28650 0.101598 0 -1.37862 0 0
28700 0.0947525 0 -1.30774 0 0
28750 0.158301 0 -1.24296 0 0
28800 0.0306902 0 -1.2287 0 0
28850 0.156966 0 -1.18588 0 0
28900 0.202275 0 -1.12148 0 0
28950 0.240141 0 -1.07983 0 0
29000 0.150951 0 -1.11941 0 0
29050 0.114293 0 -1.13435 0 0
29100 0.143104 0 -1.14346 0 0
29150 0.173349 0 -1.01373 0 0
29200 0.0144369 0 -1.13338 0 0
29250 -0.187266 0 -1.17677 0 0
29300 -0.0511042 0 -1.1771 0 0
29350 -0.023035 0 -1.14978 0 0
29400 0.124642 0 -1.03367 0 0
29450 0.00223429 0 -1.07865 0 0
29500 0.0651527 0 -1.02924 0 0
29550 0.0384975 0 -1.08475 0 0
29600 0.0905554 0 -0.973141 0 0
29650 -0.0130066 0 -0.957154 0 0
29700 -0.0672228 0 -0.928489 0 0
29750 -0.00800322 0 -0.91656 0 0
29800 -0.0167247 0 -0.892556 0 0
29850 0.0741226 0 -0.751974 0 0
29900 0.0665883 0 -0.860776 0 0
29950 0.00621742 0 -0.935384 0 0
30000 0.125737 0 -0.943727 0 0
30050 0.0732434 0 -0.925972 0 0
30100 0.0687749 0 -0.820871 0 0
30150 0.0142852 0 -0.88465 0 0
30200 -0.0808288 0 -0.815035 0 0
30250 0.0976151 0 -0.787052 0 0
30300 0.136875 0 -0.774516 0 0
30350 0.12639 0 -0.701331 0 0
30400 0.0503126 0 -0.769863 0 0
30450 0.00376747 0 -0.573978 0 0
30500 0.135643 0 -0.550441 0 0
30550 0.10169 0 -0.636701 0 0
30600 -0.0179574 0 -0.592991 0 0
30650 -0.172433 0 -0.587409 0 0
30700 -0.167853 0 -0.427565 0 1
30750 -0.0451094 0 -0.429725 0 1
30800 0.106011 0 -0.39602 0 2
30850 0.103491 0 -0.37515 0 2
30900 -0.115607 0 -0.464409 0 2
30950 -0.328345 0 -0.257784 0 2
31000 -0.362066 0 0.121791 2 2
31050 -0.350005 0 0.100187 2 2
31100 -0.0658408 0 -0.00608285 3 2
31150 0.0201632 0 0.0169803 3 2
31200 0.0610937 0 -0.0138109 3 2
31250 0.0340303 0 0.0373738 3 2
31300 0.013135 0 0.0317585 3 2
31350 0.0101385 0 -0.0263447 3 1
31400 -0.00231131 0 -0.00627398 3 1
31450 0.0025953 0 0.00869679 3 0
31500 -0.0159903 0 -0.0109682 3 0
31550 -0.0152173 0 -0.0144457 3 0
31600 -0.00970091 0 -0.00192168 3 0
31650 -0.016339 0 -0.0186688 3 0
31700 -0.0199357 0 -0.00978853 3 0
31750 -0.0149147 0 0.00495001 3 0
31800 -0.0107497 0 0.00218038 3 0
31850 -0.0171258 0 -0.0168325 3 0
31900 -0.0186565 0 -0.00738839 3 0
31950 -0.00884235 0 -0.00399905 3 0
