200 0.00774597 0 -0.0683284
250 -0.000526572 0 -0.0691037
300 -0.00440981 0 -0.0627165
350 0.00535977 0 -0.0628198
400 0.0129309 0 -0.0679475
450 -0.0215498 0 -0.162182
500 0.161239 0 -0.189919
550 0.0807599 0 -0.428858
600 -0.270621 0 -0.687764
650 -0.323017 0 -0.806519
700 -0.563195 0 -0.917238
750 -0.178985 0 -1.01766
800 -0.129939 0 -1.03085
850 -0.0950993 0 -1.05801
900 -0.380872 0 -1.06938
950 -0.145993 0 -1.10285
1000 -0.0279769 0 -1.09532
1050 -0.0478849 0 -0.928935
1100 -0.233851 0 -1.09602
1150 -0.262155 0 -1.09839
1200 -0.0410143 0 -1.24323
1250 0.0710671 0 -1.2332
1300 -0.0763547 0 -1.26285
1350 -0.375543 0 -1.32127
1400 -0.219362 0 -1.30808
1450 0.0487817 0 -1.39024
1500 0.0159979 0 -1.39914
1550 -0.268874 0 -1.37176
1600 -0.383553 0 -1.26021
1650 -0.0920479 0 -1.22668
1700 0.0272175 0 -1.18847
1750 -0.157513 0 -1.1535
1800 -0.348481 0 -1.09345
1850 -0.305973 0 -1.05339
1900 -0.00928895 0 -1.17924
1950 0.0124886 0 -1.20759
2000 -0.121999 0 -1.15853
2050 -0.245135 0 -1.07271
2100 -0.16871 0 -1.18314
2150 0.0188805 0 -1.3568
2200 -0.01367 0 -1.25671
2250 -0.206153 0 -1.28144
2300 -0.277242 0 -1.22088
2350 -0.052719 0 -1.3843
2400 0.0312589 0 -1.29132
2450 -0.230064 0 -1.25756
2500 -0.362595 0 -1.19346
2550 -0.307049 0 -1.10508
2600 -0.0132718 0 -1.21919
2650 0.0123673 0 -1.17546
2700 -0.261261 0 -1.20256
2750 -0.408994 0 -1.18468
2800 -0.195044 0 -1.20277
2850 -0.0184514 0 -1.29207
2900 -0.0753981 0 -1.24583
2950 -0.395845 0 -1.30556
3000 -0.391908 0 -1.18839
3050 -0.176792 0 -1.2296
3100 -0.0300411 0 -1.22899
3150 -0.18923 0 -1.1934
3200 -0.424534 0 -1.20176
3250 -0.327706 0 -1.21541
3300 -0.0683656 0 -1.25242
3350 -0.0271364 0 -1.18448
3400 -0.308088 0 -1.29354
3450 -0.369959 0 -1.19573
3500 -0.182858 0 -1.23311
3550 0.00715679 0 -1.31539
3600 -0.123607 0 -1.14377
3650 -0.381391 0 -1.21605
3700 -0.385666 0 -1.2171
3750 -0.0924162 0 -1.21547
3800 -0.0283245 0 -1.22929
3850 -0.243479 0 -1.17798
3900 -0.454031 0 -1.18909
3950 -0.316195 0 -1.24556
4000 0.0149455 0 -1.23633
4050 -0.0176214 0 -1.2261
4100 -0.286792 0 -1.10643
4150 -0.222572 0 -1.12431
4200 -0.168119 0 -1.20948
4250 0.00523419 0 -1.20399
4300 -0.177645 0 -1.17311
4350 -0.369919 0 -1.14672
4400 -0.302686 0 -1.14207
4450 -0.044479 0 -1.25962
4500 -0.0440591 0 -1.23858
4550 -0.208313 0 -1.20689
4600 -0.445191 0 -1.14367
4650 -0.293343 0 -1.15592
4700 -0.108605 0 -1.24071
4750 -0.105449 0 -1.13301
4800 -0.347876 0 -1.19478
4850 -0.417949 0 -1.13869
4900 -0.181696 0 -1.15445
4950 -0.0218882 0 -1.16499
5000 -0.0643374 0 -1.15785
5050 -0.385468 0 -1.16506
5100 -0.310154 0 -1.15096
5150 -0.092566 0 -1.20366
5200 0.0331905 0 -1.14088
5250 -0.133182 0 -1.16973
5300 -0.360412 0 -1.16897
5350 -0.118143 0 -1.09381
5400 0.0514857 0 -1.22365
5450 -0.0442735 0 -1.12606
5500 -0.195432 0 -1.18384
5550 -0.280205 0 -1.15339
5600 -0.11087 0 -1.2108
5650 0.0366604 0 -1.21246
5700 -0.177831 0 -1.22696
5750 -0.467584 0 -1.26293
5800 -0.30158 0 -1.20755
5850 -0.0101902 0 -1.24435
5900 0.0118982 0 -1.12891
5950 -0.264358 0 -1.16446
6000 -0.396176 0 -1.1169
6050 -0.16375 0 -1.10539
6100 0.0013125 0 -1.26527
6150 -0.0262832 0 -1.24439
6200 -0.297007 0 -1.28872
6250 -0.347847 0 -1.28284
6300 -0.0947974 0 -1.32536
6350 0.00922594 0 -1.26033
6400 -0.189341 0 -1.28674
6450 -0.358299 0 -1.23463
6500 -0.217087 0 -1.26901
6550 -0.0029818 0 -1.19156
6600 -0.062132 0 -1.15486
6650 -0.308055 0 -1.15066
6700 -0.389119 0 -1.05602
6750 -0.156121 0 -1.02575
6800 -0.0429231 0 -0.950746
6850 -0.0378148 0 -0.955016
6900 -0.347555 0 -0.902503
6950 -0.207767 0 -0.914591
7000 -0.157743 0 -1.07795
7050 -0.0465887 0 -1.0131
7100 -0.292634 0 -1.16321
7150 -0.27552 0 -1.12079
7200 -0.109576 0 -1.2047
7250 -0.0289969 0 -1.33246
7300 -0.11625 0 -1.21457
7350 -0.416196 0 -1.31055
7400 -0.317485 0 -1.24271
7450 -0.108256 0 -1.33042
7500 -0.046877 0 -1.41761
7550 -0.25989 0 -1.32082
7600 -0.363646 0 -1.4112
7650 -0.0693045 0 -1.36648
7700 0.0702778 0 -1.57382
7750 -0.0260602 0 -1.34378
7800 -0.378619 0 -1.51073
7850 -0.186359 0 -1.37402
7900 0.0597046 0 -1.65716
7950 0.0161324 0 -1.36247
8000 -0.335833 0 -1.59349
8050 -0.153092 0 -1.27567
8100 0.0185924 0 -1.4961
8150 -0.0450471 0 -1.4141
8200 -0.323001 0 -1.43615
8250 -0.329246 0 -1.37507
8300 -0.0848245 0 -1.41977
8350 0.0238753 0 -1.3471
8400 -0.165363 0 -1.32441
8450 -0.328748 0 -1.37611
8500 -0.204317 0 -1.34749
8550 0.0570897 0 -1.27002
8600 -0.0408794 0 -1.32358
8650 -0.326708 0 -1.33393
8700 -0.333053 0 -1.27671
8750 0.0503691 0 -1.38867
8800 0.0282911 0 -1.37605
8850 -0.214528 0 -1.37285
8900 -0.36261 0 -1.37747
8950 -0.0885203 0 -1.37722
9000 -0.0220191 0 -1.42615
9050 -0.140312 0 -1.41085
9100 -0.358467 0 -1.40767
9150 -0.149809 0 -1.28541
9200 0.0171127 0 -1.43532
9250 -0.0742615 0 -1.31438
9300 -0.409365 0 -1.47736
9350 -0.194285 0 -1.38943
9400 0.0227435 0 -1.52478
9450 -0.0291823 0 -1.43888
9500 -0.37653 0 -1.41197
9550 -0.347298 0 -1.39533
9600 -0.0504858 0 -1.64818
9650 0.0511432 0 -1.40078
9700 -0.25328 0 -1.48209
9750 -0.404426 0 -1.45835
9800 -0.157361 0 -1.49035
9850 0.00667326 0 -1.50752
9900 -0.164465 0 -1.46326
9950 -0.398632 0 -1.48007
10000 -0.254846 0 -1.47576
10050 -0.015077 0 -1.46746
10100 -0.0247562 0 -1.27744
10150 -0.265473 0 -1.07233
10200 -0.161287 0 -0.802309
10250 -0.0988574 0 -0.587771
10300 0.244152 0 -0.588512
10350 0.0368452 0 -0.451612
10400 -0.169135 0 -0.574752
10450 -0.204522 0 -0.658555
10500 -0.341748 0 -0.572029
10550 -0.111995 0 -0.514652
10600 -0.0512242 0 -0.63565
10650 -0.131862 0 -0.647775
10700 -0.175976 0 -0.638004
10750 -0.196214 0 -0.746472
10800 -0.347844 0 -0.81506
10850 -0.0864055 0 -0.961601
10900 0.00322501 0 -1.1319
10950 -0.154106 0 -1.17214
11000 -0.512318 0 -1.12811
11050 -0.249126 0 -1.12442
11100 -0.119271 0 -1.19268
11150 -0.0336847 0 -1.05945
11200 -0.307105 0 -1.14643
11250 -0.29828 0 -1.11004
11300 -0.146427 0 -1.252
11350 0.0412776 0 -1.30933
11400 -0.0865472 0 -1.31958
11450 -0.308725 0 -1.3271
11500 -0.185478 0 -1.30602
11550 0.084413 0 -1.4263
11600 0.061005 0 -1.3072
11650 -0.166177 0 -1.32745
11700 -0.126555 0 -1.30648
11750 0.123743 0 -1.44099
11800 0.205317 0 -1.44522
11850 -0.14083 0 -1.30338
11900 -0.352988 0 -1.43237
11950 -0.204356 0 -1.38559
12000 0.0328449 0 -1.5337
12050 -0.003271 0 -1.31831
12100 -0.332027 0 -1.5104
12150 -0.240856 0 -1.38747
12200 -0.0122808 0 -1.53141
12250 0.0102739 0 -1.47343
12300 -0.309375 0 -1.4677
12350 -0.415803 0 -1.47492
12400 -0.158043 0 -1.36544
12450 -0.00243819 0 -1.45578
12500 -0.19966 0 -1.38038
12550 -0.442775 0 -1.43258
12600 -0.444251 0 -1.16383
12650 -0.0267585 0 -1.2519
12700 -0.0174478 0 -1.06066
12750 -0.120752 0 -1.06054
12800 -0.297974 0 -1.0888
12850 -0.0559952 0 -1.1126
12900 0.0576449 0 -1.26415
12950 -0.077599 0 -1.23458
13000 -0.330324 0 -1.23368
13050 -0.259001 0 -1.20762
13100 -0.0622952 0 -1.34892
13150 -0.0342246 0 -1.32653
13200 -0.289697 0 -1.36004
13250 -0.367434 0 -1.35648
13300 -0.185004 0 -1.31017
13350 0.00711231 0 -1.3864
13400 -0.258644 0 -1.36552
13450 -0.377158 0 -1.25471
13500 -0.557273 0 -1.24386
13550 -0.179398 0 -1.30773
13600 -0.200869 0 -1.33568
13650 -0.340659 0 -1.31431
13700 -0.439012 0 -1.36922
13750 -0.229792 0 -1.29788
13800 -0.00510524 0 -1.49462
13850 -0.149719 0 -1.41393
13900 -0.367071 0 -1.46101
13950 -0.26209 0 -1.38524
14000 -0.0180021 0 -1.51584
14050 -0.108923 0 -1.48419
14100 -0.315375 0 -1.44996
14150 -0.447004 0 -1.33145
14200 -0.0873818 0 -1.381
14250 0.0241596 0 -1.40823
14300 -0.181337 0 -1.36421
14350 -0.427334 0 -1.40585
14400 -0.184323 0 -1.40833
14450 -0.0219573 0 -1.50509
14500 -0.0890914 0 -1.37536
14550 -0.319132 0 -1.38475
14600 -0.290979 0 -1.4216
14650 -0.102779 0 -1.5451
14700 0.0419141 0 -1.42184
14750 -0.265893 0 -1.46608
14800 -0.394415 0 -1.4124
14850 -0.193241 0 -1.38558
14900 0.0427092 0 -1.51591
14950 -0.116603 0 -1.41598
15000 -0.424229 0 -1.48558
15050 -0.256334 0 -1.366
15100 0.022669 0 -1.58478
15150 -0.0574322 0 -1.44553
15200 -0.389636 0 -1.51386
15250 -0.384164 0 -1.34534
15300 -0.0701578 0 -1.50835
15350 0.0197025 0 -1.39453
15400 -0.274017 0 -1.46761
15450 -0.487946 0 -1.38603
15500 -0.268802 0 -1.40272
15550 -0.00482342 0 -1.38211
15600 -0.134145 0 -1.36335
15650 -0.426005 0 -1.37281
15700 -0.366372 0 -1.25247
15750 -0.168378 0 -1.24092
15800 -0.00126406 0 -1.21865
15850 -0.253815 0 -1.1538
15900 -0.395477 0 -0.969898
15950 -0.150823 0 -0.936979
16000 -0.272702 0 -0.775568
16050 -0.022312 0 -0.879021
16100 -0.262735 0 -0.39673
16150 -0.193851 0 -0.346639
16200 -0.164781 0 -0.138504
16250 -0.2247 0 0.019614
16300 -0.0984868 0 -0.0576865
16350 0.0611768 0 -0.0654672
16400 0.0374498 0 -0.100881
16450 -0.0225934 0 -0.101331
16500 0.021059 0 -0.0818551
16550 -0.0113361 0 -0.0608486
16600 0.0145594 0 -0.0694227
16650 0.0183696 0 -0.0902123
16700 0.000133685 0 -0.0897907
16750 -0.0149691 0 -0.060516
16800 -6.43994e-05 0 -0.0591568
16850 -0.000727727 0 -0.0639189
16900 -0.00423511 0 -0.0641183
16950 0.00222699 0 -0.0576326
17000 6.16615e-05 0 -0.0611325
17050 -0.00177001 0 -0.0653805
17100 -0.00328055 0 -0.0620465
17150 -0.000725332 0 -0.0639571
17200 0.0167934 0 -0.104585
17250 0.0160396 0 -0.137353
17300 0.0655937 0 -0.162802
17350 0.082115 0 -0.148707
17400 0.102813 0 -0.118069
17450 0.0706822 0 -0.12418
