200 -0.00668663 0 0.0226011
250 -0.0110056 0 0.0192831
300 -0.0130571 0 0.0230762
350 -0.0116681 0 0.0185549
400 -0.0139688 0 0.0307558
450 -0.0250694 0 0.071819
500 -0.05228 0 0.0830382
550 -0.0360219 0 0.0176338
600 -0.0163539 0 -0.00526615
650 0.0283059 0 -0.0984974
700 -0.409429 0 -0.0704299
750 -0.425884 0 -0.0230272
800 -0.557435 0 0.0823431
850 -0.698513 0 0.311521
900 -0.794371 0 0.362874
950 -0.883169 0 0.305377
1000 -0.932668 0 0.219163
1050 -0.841945 0 0.314364
1100 -0.789236 0 0.458462
1150 -0.912177 0 0.371063
1200 -0.982494 0 0.277084
1250 -1.08133 0 0.233837
1300 -1.06147 0 0.360311
1350 -1.06087 0 0.322873
1400 -1.17649 0 0.346202
1450 -1.20213 0 0.268031
1500 -1.17434 0 0.421032
1550 -1.16244 0 0.443376
1600 -1.23008 0 0.41068
1650 -1.28047 0 0.335995
1700 -1.27848 0 0.551723
1750 -1.23841 0 0.507891
1800 -1.23504 0 0.434491
1850 -1.1867 0 0.388908
1900 -1.21001 0 0.543684
1950 -1.23911 0 0.47771
2000 -1.35559 0 0.443238
2050 -1.31523 0 0.439617
2100 -1.26087 0 0.635246
2150 -1.24184 0 0.534258
2200 -1.30819 0 0.455438
2250 -1.29793 0 0.425362
2300 -1.25525 0 0.564501
2350 -1.13194 0 0.465167
2400 -1.23447 0 0.424127
2450 -1.24399 0 0.388047
2500 -1.32497 0 0.525673
2550 -1.20079 0 0.470679
2600 -1.31515 0 0.396902
2650 -1.2763 0 0.414363
2700 -1.25685 0 0.53463
2750 -1.15865 0 0.4863
2800 -1.31418 0 0.412866
2850 -1.28321 0 0.410448
2900 -1.29072 0 0.540229
2950 -1.22624 0 0.459512
3000 -1.2274 0 0.409282
3050 -1.15248 0 0.428817
3100 -1.27368 0 0.495947
3150 -1.15879 0 0.45759
3200 -1.25813 0 0.337406
3250 -1.21798 0 0.422437
3300 -1.33043 0 0.515896
3350 -1.2858 0 0.438312
3400 -1.23168 0 0.343111
3450 -1.17192 0 0.427817
3500 -1.32888 0 0.496244
3550 -1.29507 0 0.412883
3600 -1.24197 0 0.309357
3650 -1.18438 0 0.353576
3700 -1.27539 0 0.474453
3750 -1.2428 0 0.453392
3800 -1.16239 0 0.332016
3850 -1.11144 0 0.360364
3900 -1.202 0 0.514893
3950 -1.13188 0 0.447431
4000 -1.17816 0 0.361617
4050 -1.16182 0 0.421692
4100 -1.23167 0 0.550976
4150 -1.11376 0 0.440747
4200 -1.10444 0 0.328217
4250 -1.08991 0 0.406779
4300 -1.18183 0 0.550633
4350 -1.07131 0 0.47948
4400 -1.07354 0 0.395848
4450 -0.98909 0 0.41952
4500 -1.0364 0 0.508166
4550 -1.01474 0 0.446649
4600 -1.08605 0 0.297094
4650 -1.03281 0 0.29937
4700 -1.04066 0 0.53186
4750 -0.997856 0 0.42722
4800 -1.07403 0 0.314683
4850 -1.09335 0 0.293759
4900 -1.08456 0 0.43052
4950 -1.14092 0 0.431121
5000 -1.11785 0 0.415961
5050 -1.21106 0 0.308573
5100 -1.20811 0 0.4676
5150 -1.23107 0 0.459423
5200 -1.22723 0 0.401628
5250 -1.20128 0 0.343747
5300 -1.15119 0 0.446178
5350 -1.26535 0 0.455565
5400 -1.19648 0 0.430655
5450 -1.17419 0 0.317133
5500 -1.19565 0 0.420583
5550 -1.27394 0 0.485705
5600 -1.21977 0 0.376838
5650 -1.24074 0 0.230496
5700 -1.2292 0 0.390361
5750 -1.38614 0 0.501221
5800 -1.32962 0 0.441972
5850 -1.29815 0 0.286036
5900 -1.26922 0 0.430028
5950 -1.30339 0 0.498717
6000 -1.23324 0 0.429709
6050 -1.23041 0 0.305294
6100 -1.22379 0 0.374804
6150 -1.2744 0 0.459545
6200 -1.16818 0 0.385541
6250 -1.14103 0 0.28419
6300 -1.0752 0 0.377062
6350 -1.13749 0 0.535382
6400 -1.05982 0 0.448277
6450 -1.11153 0 0.397981
6500 -1.01101 0 0.384514
6550 -1.07778 0 0.487615
6600 -1.00757 0 0.435512
6650 -1.07975 0 0.349124
6700 -1.02351 0 0.325374
6750 -1.01151 0 0.471891
6800 -0.849571 0 0.374746
6850 -0.896119 0 0.299585
6900 -0.905892 0 0.193807
6950 -0.852051 0 0.370816
7000 -1.0327 0 0.460054
7050 -1.09918 0 0.405114
7100 -1.23966 0 0.28459
7150 -1.06945 0 0.404672
7200 -1.12628 0 0.558293
7250 -1.13174 0 0.447325
7300 -1.14724 0 0.38167
7350 -1.21442 0 0.382967
7400 -1.25487 0 0.482141
7450 -1.26981 0 0.416694
7500 -1.23271 0 0.317769
7550 -1.20127 0 0.390761
7600 -1.31174 0 0.520018
7650 -1.22592 0 0.426523
7700 -1.20972 0 0.331663
7750 -1.17653 0 0.394221
7800 -1.24203 0 0.550361
7850 -1.25849 0 0.448345
7900 -1.29142 0 0.359742
7950 -1.23257 0 0.374347
8000 -1.21732 0 0.515708
8050 -1.2414 0 0.510955
8100 -1.28604 0 0.427603
8150 -1.19155 0 0.38377
8200 -1.21772 0 0.526061
8250 -1.1504 0 0.458189
8300 -1.26459 0 0.372772
8350 -1.24516 0 0.351149
8400 -1.2709 0 0.523835
8450 -1.20508 0 0.45479
8500 -1.23425 0 0.398039
8550 -1.19764 0 0.382204
8600 -1.1768 0 0.5595
8650 -1.12363 0 0.430293
8700 -1.27994 0 0.355063
8750 -1.24254 0 0.317064
8800 -1.23955 0 0.483317
8850 -1.21031 0 0.43614
8900 -1.31216 0 0.31044
8950 -1.2501 0 0.331385
9000 -1.25653 0 0.501318
9050 -1.23653 0 0.431717
9100 -1.27185 0 0.248106
9150 -1.21399 0 0.284074
9200 -1.30712 0 0.479235
9250 -1.29611 0 0.437522
9300 -1.30726 0 0.386385
9350 -1.23421 0 0.355273
9400 -1.22053 0 0.548099
9450 -1.1461 0 0.45435
9500 -1.24866 0 0.372963
9550 -1.17861 0 0.350601
9600 -1.22685 0 0.53819
9650 -1.23321 0 0.463091
9700 -1.29026 0 0.367487
9750 -1.27076 0 0.349679
9800 -1.25611 0 0.532615
9850 -1.2647 0 0.466212
9900 -1.31284 0 0.398033
9950 -1.22132 0 0.421738
10000 -1.12817 0 0.602337
10050 -1.08099 0 0.488208
10100 -1.2132 0 0.425732
10150 -1.14584 0 0.340966
10200 -1.023 0 0.516757
10250 -0.842908 0 0.401923
10300 -0.881198 0 0.425054
10350 -0.952349 0 0.338361
10400 -0.998758 0 0.494486
10450 -0.906346 0 0.42282
10500 -0.922032 0 0.40954
10550 -0.948076 0 0.31288
10600 -0.947337 0 0.473951
10650 -0.985886 0 0.43188
10700 -0.9381 0 0.317831
10750 -1.12174 0 0.2017
10800 -1.1063 0 0.345317
10850 -1.00336 0 0.399507
10900 -1.0223 0 0.389836
10950 -1.12162 0 0.317796
11000 -1.14939 0 0.32538
11050 -1.17623 0 0.480704
11100 -1.15126 0 0.416677
11150 -1.15408 0 0.359341
11200 -1.1841 0 0.309824
11250 -1.21624 0 0.477894
11300 -1.18926 0 0.369221
11350 -1.26895 0 0.335521
11400 -1.25433 0 0.246522
11450 -1.21793 0 0.471767
11500 -1.13866 0 0.40032
11550 -1.2087 0 0.309291
11600 -1.24835 0 0.237759
11650 -1.24132 0 0.432037
11700 -1.23094 0 0.414034
11750 -1.23763 0 0.369097
11800 -1.28645 0 0.272786
11850 -1.24452 0 0.426029
11900 -1.26703 0 0.431062
11950 -1.22343 0 0.378998
12000 -1.25879 0 0.280795
12050 -1.17071 0 0.405419
12100 -1.28047 0 0.420629
12150 -1.26368 0 0.381673
12200 -1.2042 0 0.275326
12250 -1.16857 0 0.352181
12300 -1.24072 0 0.38616
12350 -1.11044 0 0.360296
12400 -1.18952 0 0.22665
12450 -1.15824 0 0.307422
12500 -1.20842 0 0.419831
12550 -1.06751 0 0.344705
12600 -1.09419 0 0.284807
12650 -1.05476 0 0.268976
12700 -1.02811 0 0.39455
12750 -0.69415 0 0.277922
12800 -0.567938 0 0.130211
12850 -0.202878 0 0.0301047
12900 -0.128894 0 0.180626
12950 -0.180269 0 0.181826
13000 0.0148637 0 0.0841025
13050 -0.0354602 0 0.0382085
13100 -0.0254948 0 0.0649393
13150 -0.0703911 0 0.0737506
13200 -0.027976 0 0.0377205
13250 -0.0289002 0 0.0388932
13300 -0.0160261 0 0.0212797
13350 0.0128528 0 0.00776581
13400 0.0119585 0 0.0108744
13450 0.00181609 0 0.0276352
13500 -0.0170148 0 0.0191307
13550 -0.00251168 0 0.0262858
13600 0.00182747 0 0.0358223
13650 -0.0109992 0 0.0290272
