200 -0.0191306 0 0.0296586
250 -0.0115145 0 0.0158702
300 -0.00975717 0 0.0133346
350 -0.00877748 0 0.0157223
400 -0.0123533 0 0.0187774
450 -0.00974927 0 0.0264544
500 -0.00925207 0 0.031753
550 -0.014819 0 0.0316801
600 -0.0159025 0 0.0309483
650 -0.0124987 0 0.0204245
700 -0.0716546 0 -0.132022
750 -0.0402822 0 -0.305673
800 0.0585592 0 -0.528118
850 0.112817 0 -0.84799
900 0.140913 0 -0.925141
950 -0.107211 0 -1.10009
1000 -0.198243 0 -1.11982
1050 -0.0326302 0 -1.07107
1100 0.139491 0 -1.07686
1150 0.0858195 0 -1.02789
1200 -0.0683506 0 -1.08013
1250 -0.121317 0 -1.02697
1300 0.0774053 0 -1.15555
1350 0.214283 0 -1.12551
1400 -0.00378919 0 -1.17489
1450 -0.170363 0 -1.0889
1500 -0.0899062 0 -1.06338
1550 0.168315 0 -1.15817
1600 0.0226028 0 -1.25061
1650 -0.218042 0 -1.22329
1700 -0.0828711 0 -1.07888
1750 0.0947722 0 -1.16463
1800 0.0676049 0 -1.06221
1850 -0.109293 0 -1.06812
1900 -0.1237 0 -0.959897
1950 0.0778911 0 -1.02664
2000 0.155324 0 -1.05936
2050 -0.0456481 0 -1.20501
2100 -0.129871 0 -1.06115
2150 -0.0134228 0 -1.08287
2200 0.195141 0 -1.15075
2250 0.115081 0 -1.16729
2300 -0.101155 0 -1.23798
2350 -0.0953418 0 -1.15638
2400 0.0687491 0 -1.27152
2450 0.105679 0 -1.21134
2500 -0.179714 0 -1.31317
2550 -0.204287 0 -1.23634
2600 -0.00995665 0 -1.33317
2650 0.0971823 0 -1.28936
2700 -0.134436 0 -1.30316
2750 -0.160309 0 -1.22559
2800 0.0351244 0 -1.32201
2850 0.162706 0 -1.33397
2900 -0.00786299 0 -1.2923
2950 -0.153456 0 -1.27826
3000 0.00515075 0 -1.28752
3050 0.168156 0 -1.37554
3100 -0.0391476 0 -1.30383
3150 -0.174996 0 -1.37727
3200 -0.0179337 0 -1.31027
3250 0.150707 0 -1.3078
3300 0.0254236 0 -1.18152
3350 -0.157487 0 -1.25726
3400 -0.091769 0 -1.2789
3450 0.167879 0 -1.36753
3500 0.0704122 0 -1.20518
3550 -0.0706881 0 -1.23963
3600 -0.0568739 0 -1.19253
3650 0.0769536 0 -1.28055
3700 -0.0111186 0 -1.31034
3750 -0.215209 0 -1.33324
3800 -0.103984 0 -1.3142
3850 0.131546 0 -1.362
3900 0.0361388 0 -1.20285
3950 -0.152941 0 -1.2089
4000 -0.0428271 0 -1.25801
4050 0.14837 0 -1.27012
4100 0.077383 0 -1.186
4150 -0.208932 0 -1.26809
4200 -0.14719 0 -1.25105
4250 0.0927035 0 -1.24958
4300 0.153004 0 -1.23042
4350 -0.133087 0 -1.28517
4400 -0.146105 0 -1.25523
4450 -0.000608232 0 -1.25467
4500 0.0641854 0 -1.25782
4550 -0.114588 0 -1.28064
4600 -0.124206 0 -1.29957
4650 0.0232999 0 -1.32557
4700 0.135011 0 -1.29778
4750 -0.0095526 0 -1.21104
4800 -0.157254 0 -1.15756
4850 -0.0411425 0 -1.14684
4900 0.154548 0 -1.25546
4950 0.00918499 0 -1.21376
5000 -0.118555 0 -1.24277
5050 -0.0733285 0 -1.24604
5100 0.0803102 0 -1.37136
5150 0.0599512 0 -1.25841
5200 -0.155706 0 -1.28328
5250 -0.128678 0 -1.28825
5300 0.0574302 0 -1.34557
5350 0.109901 0 -1.2741
5400 -0.190753 0 -1.33161
5450 -0.160289 0 -1.28585
5500 0.0570901 0 -1.45583
5550 0.0944734 0 -1.32709
5600 -0.198249 0 -1.31412
5650 -0.187389 0 -1.38016
5700 0.0277452 0 -1.3434
5750 0.111157 0 -1.28412
5800 -0.087049 0 -1.20543
5850 -0.176282 0 -1.20847
5900 0.0289052 0 -1.31164
5950 0.152761 0 -1.30928
6000 -0.0610048 0 -1.28
6050 -0.202758 0 -1.24823
6100 -0.0114553 0 -1.24613
6150 0.130379 0 -1.31757
6200 -0.0462812 0 -1.23085
6250 -0.197533 0 -1.34415
6300 -0.0628226 0 -1.22977
6350 0.125394 0 -1.3136
6400 0.019293 0 -1.22501
6450 -0.168563 0 -1.2746
6500 -0.0945759 0 -1.22646
6550 0.127311 0 -1.31113
6600 0.112009 0 -1.11006
6650 -0.0605084 0 -1.16039
6700 -0.0676562 0 -1.17662
6750 0.0469887 0 -1.13608
6800 0.0943602 0 -1.10785
6850 -0.0931069 0 -1.15368
6900 -0.172891 0 -1.14869
6950 -0.0187463 0 -1.24336
7000 0.0494245 0 -1.31177
7050 -0.0828985 0 -1.28453
7100 -0.200093 0 -1.2062
7150 -0.0204522 0 -1.23148
7200 0.134072 0 -1.3156
7250 -0.0301022 0 -1.19887
7300 -0.166401 0 -1.25162
7350 -0.00418998 0 -1.27389
7400 0.137819 0 -1.28987
7450 -0.0242615 0 -1.23292
7500 -0.204516 0 -1.22708
7550 -0.101562 0 -1.28092
7600 0.0870535 0 -1.3559
7650 0.020405 0 -1.23463
7700 -0.184515 0 -1.36078
7750 -0.110315 0 -1.34977
7800 0.0889835 0 -1.37985
7850 0.0954506 0 -1.24719
7900 -0.172386 0 -1.25516
7950 -0.119588 0 -1.29413
8000 0.0553405 0 -1.31435
8050 0.0750515 0 -1.21259
8100 -0.16673 0 -1.28572
8150 -0.157164 0 -1.25711
8200 0.0283359 0 -1.31815
8250 0.0799802 0 -1.247
8300 -0.176844 0 -1.20524
8350 -0.160905 0 -1.26267
8400 0.0193432 0 -1.35441
8450 0.111364 0 -1.24874
8500 -0.17159 0 -1.26028
8550 -0.159463 0 -1.29941
8600 0.0742791 0 -1.35029
8650 0.112651 0 -1.26382
8700 -0.0983164 0 -1.24284
8750 -0.152838 0 -1.25868
8800 0.0836724 0 -1.28832
8850 0.130433 0 -1.18372
8900 -0.0650492 0 -1.19176
8950 -0.159007 0 -1.19243
9000 -0.0551829 0 -1.16152
9050 0.241373 0 -1.2346
9100 0.0420676 0 -1.15296
9150 -0.120326 0 -1.21228
9200 -0.0781897 0 -1.17761
9250 0.130546 0 -1.29149
9300 0.014603 0 -1.26231
9350 -0.191318 0 -1.15601
9400 -0.118513 0 -1.16076
9450 0.112099 0 -1.30196
9500 0.092001 0 -1.22067
9550 -0.163838 0 -1.2245
9600 -0.125794 0 -1.19205
9650 0.0461303 0 -1.27393
9700 0.0674266 0 -1.27874
9750 -0.17972 0 -1.20327
9800 -0.153096 0 -1.18312
9850 0.0691329 0 -1.27287
9900 0.124669 0 -1.23608
9950 -0.0755364 0 -1.21936
10000 -0.195315 0 -1.23456
10050 -0.0236436 0 -1.21904
10100 0.177197 0 -1.30841
10150 -0.021006 0 -1.24983
10200 -0.236883 0 -1.24754
10250 -0.121126 0 -1.19114
10300 0.0827839 0 -1.28837
10350 0.0366281 0 -1.16945
10400 -0.147783 0 -1.18678
10450 -0.140993 0 -1.13954
10500 0.0674387 0 -1.21952
10550 0.0472921 0 -1.17971
10600 -0.173864 0 -1.22995
10650 -0.138284 0 -1.17707
10700 0.0992251 0 -1.2915
10750 0.0932851 0 -1.21444
10800 -0.17588 0 -1.14272
10850 -0.175288 0 -1.20612
10900 0.0661163 0 -1.22066
10950 0.152783 0 -1.22586
11000 -0.0846073 0 -1.2413
11050 -0.214329 0 -1.2665
11100 -0.0111447 0 -1.24195
11150 0.114733 0 -1.29667
11200 -0.0483841 0 -1.11225
11250 -0.225454 0 -1.16911
11300 -0.108164 0 -1.11534
11350 0.138935 0 -1.1489
11400 0.0916753 0 -1.0999
11450 -0.148936 0 -1.10621
11500 -0.1224 0 -1.03129
11550 0.000527132 0 -0.977422
11600 0.0579984 0 -0.901685
11650 -0.0216414 0 -0.568478
11700 -0.0416798 0 -0.315783
11750 0.0188803 0 -0.259984
11800 -0.000789497 0 -0.124723
11850 0.0133877 0 -0.13679
11900 -0.00741574 0 -0.10291
11950 -0.0201882 0 -0.0550596
12000 -0.0149904 0 -0.00055754
12050 -0.00676625 0 0.00216233
12100 -0.00743361 0 0.0190027
12150 -0.0125285 0 0.018417
12200 -0.02075 0 0.0327744
12250 -0.0180253 0 0.0249676
12300 -0.0134066 0 0.031073
12350 -0.0116581 0 0.0237368
12400 -0.0122158 0 0.017475
12450 -0.00969355 0 0.00985816
12500 -0.00680584 0 0.0133007
12550 -0.00934914 0 0.0208835
12600 -0.0166674 0 0.0367052
12650 -0.0172501 0 0.0250562
12700 -0.0168322 0 0.0214817
