# Created at Wed Mar 07 18:10:49 CST 2018
2166352023911355 1
2166352537461160 2
2166353011582254 3
2166353465934752 4
2166353979454039 5
2166354453575133 6
2166354947380064 7
2166355500480650 8
2166355895561217 9
2166356428886412 10
2166356942466734 11
2166357436302184 12
2166357930168150 13
2166358364799498 14
2166358937553404 15
2166359391899107 16
2166359944999693 17
2166360419090270 18
2166360952445982 19
2166361426475523 20
2166361940116881 21
2166362414146422 22
2166362967277525 23
2166363441375504 24
2166363994445573 25
2166364448730241 26
2166365001861344 27
2166365436431657 28
2166366029052506 29
2166366443847428 30
2166366937652360 31
2166367431487809 32
2166367925323258 33
2166368438995133 34
2166368913055192 35
2166369446380387 36
2166369979766617 37
2166370434020768 38
2166370967406998 39
2166371441436539 40
2166371935302506 41
2166372488372574 42
2166373001983414 43
2166373515642242 44
2166374068681793 45
2166374582262115 46
2166375115617828 47
2166375609483794 48
2166376103319244 49
2166376577379302 50
2166377110704498 51
2166377624315337 52
2166378157701568 53
2166378612016753 54
2166379125597076 55
2166379560167388 56
2166380133043365 57
2166380587328033 58
2166381081194000 59
2166381594743804 60
2166382088640289 61
2166382542894439 62
2166383076311187 63
2166383550342339 64
2166384063892143 65
2166384538013237 66
2166385031879204 67
2166385505939262 68
2166386059070366 69
2166386513385552 70
2166387046710747 71
2166387501025932 72
2166388014636772 73
2166388488696831 74
2166389061572807 75
2166389535663384 76
2166389990039604 77
2166390464099663 78
2166390997424858 79
2166391451740044 80
2166391985065239 81
2166392478931206 82
2166393032031792 83
2166393486387310 84
2166394039457378 85
2166394474058208 86
2166395046873150 87
2166395520963726 88
2166396014829693 89
2166396528410015 90
2166397002500591 91
2166397496366558 92
2166398108732281 93
2166398582761822 94
2166399076658306 95
2166399590269146 96
2166400123563824 97
2166400716154156 98
2166401387815533 99
2166401861906109 100
2166402513731060 101
2166403007566509 102
2166403659480141 103
2166404133509682 104
2166404686701821 105
2166405200221108 106
2166405812586830 107
2166406365687416 108
2166407590388344 109
2166408143519448 110
2166409170710610 111
2166409723841713 112
2166410237391518 113
2166410770777748 114
2166411244807289 115
2166411817683266 116
2166412351038979 117
2166413417737741 118
2166413872052927 119
2166414543714304 120
2166414958570261 121
2166415531385202 122
2166415985700388 123
2166416578321237 124
2166417111646433 125
2166417605481882 126
2166418099347849 127
2166418652448434 128
2166419126508493 129
2166419719129343 130
2166420213025827 131
2166420726606149 132
2166421319165964 133
2166421793287058 134
2166422366101999 135
2166422859998483 136
2166423373547291 137
2166423906933521 138
2166424400738453 139
2166424934155201 140
2166425309429859 141
2166425862499928 142
2166426316845631 143
2166426830456471 144
2166427304516529 145
2166427798351979 146
2166428252697682 147
2166428746563648 148
2166429181103443 149
2166429734234547 150
2166430188549732 151
2166430702160572 152
2166431156475758 153
2166431670056080 154
2166432144177174 155
2166432697277760 156
2166433171353745 157
2166433684995103 158
2166434159055161 159
2166434692380357 160
2166435146756577 161
2166435699826646 162
2166436134396958 163
2166436608487534 164
2166437082608628 165
2166437635709214 166
2166438070279527 167
2166438623349595 168
2166439136990952 169
2166439591275620 170
2166440025876450 171
2166440598721909 172
2166441033322739 173
2166441546933579 174
2166442040769029 175
2166442554349351 176
2166443008664536 177
2166443541995721 178
2166444016116815 179
2166444490146356 180
2166444924777704 181
2166445477878290 182
2166445912418085 183
2166446465518670 184
2166446880374628 185
2166447413730340 186
2166447887820917 187
2166448440890985 188
2166448895206170 189
2166449448306756 190
2166449882907586 191
2166450396487909 192
2166450870578485 193
2166451443484979 194
2166451976779657 195
2166452529910760 196
2166453083004930 197
2166453596646287 198
2166454050930955 199
2166454643582322 200
2166455117672898 201
2166455670804002 202
2166456125119187 203
2166456658413865 204
2166457132504441 205
2166457646145799 206
2166458139950730 207
2166458633755662 208
2166459068387010 209
2166459562283494 210
2166459996823289 211
2166460549923875 212
2166460984463670 213
2166461478299119 214
2166461912869432 215
2166462446225145 216
2166462880856492 217
2166463394419736 218
2166463868540830 219
2166464362315244 220
2166464796916074 221
2166465290751524 222
2166465784648008 223
2166466298197813 224
2166466930308408 225
2166467345133848 226
