# Created at Thu Nov 09 14:20:57 CST 2017
98216198044790 1
98216691819204 2
98217284379019 3
98217679459585 4
98218311478628 5
98218726273550 6
98219378098501 7
98219812638296 8
98220424973501 9
98220859482778 10
98221452042593 11
98221827347769 12
98222479142202 13
98222893937124 14
98223526017202 15
98223960603622 16
98224592653182 17
98225007448104 18
98225659273055 19
98226093782333 20
98226725862411 21
98227101137069 22
98227772737411 23
98228207277206 24
98228859102157 25
98229234376815 26
98229866426376 27
98230281221298 28
98230952791122 29
98231347841171 30
98232019410995 31
98232434236434 32
98233105745223 33
98233540346053 34
98234132944591 35
98234567423351 36
98235219309338 37
98235614328869 38
98236266153820 39
98236700693615 40
98237332712658 41
98237727854259 42
98238419138439 43
98238814188488 44
98239485697277 45
98239861032970 46
98240552317150 47
98241006693371 48
98241618967541 49
98242053537853 50
98242685587414 51
98243100351818 52
98243791712318 53
98244186701332 54
98244897791420 55
98245332361733 56
98245984156166 57
98246379206215 58
98247090265785 59
98247505091225 60
98248196405922 61
98248571711098 62
98249263056313 63
98249638330971 64
98250329645668 65
98250783930336 66
98251416071449 67
98251850550209 68
98252482630287 69
98252897455727 70
98253568995033 71
98254003539938 72
98254655364889 73
98255109680075 74
98255761505026 75
98256176299948 76
98256847869772 77
98257282440085 78
98257914520163 79
98258368835348 80
98258704620261 81
98259455200094 82
98260047759909 83
98260482269186 84
98261094604391 85
98261509399313 86
98262141479391 87
98262615508932 88
98263208129782 89
98263642652401 90
98264254987606 91
98264669813046 92
98265321607479 93
98265716688046 94
98266348707089 95
98266743757138 96
98267375867733 97
98267790662655 98
98268402967343 99
98268857252011 100
98269449842343 101
98269864606747 102
98270476941952 103
98270911481747 104
98271523847470 105
98271938611874 106
98272590467343 107
98273005262265 108
98273657045728 109
98274071871168 110
98274743440992 111
98275158205396 112
98275928591138 113
98276837190992 114
