# Created at Thu Nov 09 10:51:55 CST 2017
85674409743071 1
85675693558152 2
85676226822312 3
85676760147507 4
85677253860886 5
85677767410691 6
85678261154587 7
85678834000046 8
85679307968552 9
85679860977585 10
85680354782517 11
85680947342331 12
85681441116745 13
85682033615525 14
85682527389939 15
85683119919236 16
85683613693650 17
85684186478074 18
85684680317839 19
85685253071745 20
85685746846159 21
85686299916227 22
85686754109343 23
85687366383513 24
85687879963835 25
85688432972868 26
85688887257536 27
85689381062468 28
85689855122526 29
85690368641813 30
85690842610319 31
85691375935515 32
85691849965056 33
85692383198698 34
85692857228239 35
85693370808561 36
85693864582975 37
85694358387907 38
85694812652470 39
85695326171758 40
85695819915654 41
85696333465459 42
85696827239873 43
85697360534551 44
85697834564092 45
85698387634160 46
85698901122929 47
85699454162480 48
85699967773320 49
85700580016972 50
85701133026006 51
85701705840947 52
85702258880498 53
85702811889531 54
85703345184209 55
85703898254277 56
85704411743047 57
85704964769175 58
85705478318980 59
85706031389048 60
85706544908336 61
85707078233531 62
85707591722300 63
85708144792369 64
85708658311656 65
85709211381724 66
85709705156138 67
85710297715953 68
85710850724986 69
85711463060191 70
85711996324351 71
85712569108775 72
85713082658580 73
85713734453013 74
85714267717173 75
85714840547371 76
85715334291268 77
85716005830575 78
85716539125252 79
85717171174813 80
85717704530526 81
85718297029305 82
85718830354500 83
85719422853280 84
85719936403084 85
85720489473153 86
85721003022957 87
85721635072518 88
85722168367196 89
85722741121102 90
85723254670907 91
85723807710457 92
85724301515389 93
85724874326918 94
85725427335952 95
85726000150893 96
85726513761733 97
85727145750258 98
85727738310073 99
85728370359633 100
85728903684829 101
85729377683852 102
