# Created at Thu Mar 08 13:12:19 CST 2018
2234839398577661 1
2234839991076440 2
2234840346575708 3
2234840939105004 4
2234841294573754 5
2234841926592797 6
2234842301867456 7
2234842953600854 8
2234843289355249 9
2234843980608911 10
2234844316363305 11
2234844968127221 12
2234845323595971 13
2234845975359887 14
2234846311112325 15
2234847022141377 16
2234847338120381 17
2234847930649678 18
2234848444168965 19
2234848977433126 20
2234849569931905 21
2234849905655782 22
2234850616715352 23
2234850952439229 24
2234851683243672 25
2234852038681905 26
2234852749771993 27
2234853085526387 28
2234853796524922 29
2234854132279317 30
2234854823502461 31
2234855159287374 32
2234855830796163 33
2234856166520040 34
2234856857804219 35
2234857193538884 36
2234857924312810 37
2234858477321843 38
2234859010586003 39
2234859563595036 40
2234860077144841 41
2234860610409001 42
2234861301632146 43
2234861815151433 44
2234862289211491 45
2234862783016423 46
2234863316189030 47
2234864204982976 48
2234864540737370 49
2234865212246159 50
2234866259060124 51
2234867266357336 52
2234867582336340 53
2234868313110266 54
2234869241424475 55
2234869557433996 56
2234870209167395 57
2234870525176916 58
2234871216461096 59
2234871749786291 60
2234872144775305 61
2234872480529699 62
2234873211303625 63
2234873547058020 64
2234874337066565 65
2234874653076086 66
2234875403625403 67
2234875739379797 68
2234876529418860 69
2234876865142737 70
2234877595977525 71
2234877931762437 72
2234878623016099 73
2234878958770493 74
2234879709289292 75
2234880064788560 76
2234880835082749 77
2234881170806626 78
2234881921416978 79
2234882257171372 80
2234883047179917 81
2234883382934312 82
2234884113769273 83
2234884469268540 84
2234885219756821 85
2234885575286607 86
2234886306060532 87
2234886859100083 88
2234887392410761 89
2234887945480829 90
2234888458908564 91
2234888794693476 92
2234889545242792 93
2234889880997187 94
2234890592026239 95
2234890927811151 96
2234891678360468 97
2234892014145380 98
2234892764633661 99
2234893100449091 100
2234893890427118 101
2234894640976435 102
2234895273056513 103
2234895747055536 104
2234896635849482 105
2234897208619481 106
2234897761628514 107
2234898314759618 108
2234898847993260 109
2234899480042821 110
2234900092316991 111
2234900605805760 112
2234901869904881 113
2234902343903905 114
2234902936463719 115
2234903509248143 116
2234904022767430 117
2234904378297215 118
2234905049836522 119
2234905583070164 120
2234906076844578 121
2234906392884618 122
2234907084156104 123
2234907400165626 124
2234908071735450 125
2234908624775001 126
2234909138294288 127
2234909474079200 128
2234910145618507 129
2234910481372901 130
2234911192401954 131
2234911528156348 132
2234912258930274 133
2234912812000343 134
2234913325519630 135
2234913661365577 136
2234914372333594 137
2234914905628272 138
2234915419178077 139
2234915952442237 140
2234916446247169 141
2234916999242734 142
2234917512762021 143
2234918046087216 144
2234918579351376 145
2234919152105283 146
2234919665655087 147
2234920218694638 148
2234920712499570 149
2234921048284482 150
2234921719793271 151
2234922055547666 152
2234922766607236 153
2234923102361630 154
2234923813421201 155
2234924129491757 156
2234924880010556 157
2234925413274716 158
2234925887304257 159
2234926223089169 160
2234926953892360 161
2234927289646754 162
2234927980961452 163
2234928316715846 164
2234929047581325 165
2234929383335719 166
2234930094364772 167
2234930449894557 168
2234931180699000 169
2234931733738551 170
2234932247227321 171
2234932583012233 172
2234933313816676 173
2234933689121852 174
2234934439640651 175
2234934992710719 176
2234935506260524 177
2234935861729274 178
2234936572819362 179
2234936928336489 180
2234937639396060 181
2234937994925845 182
2234938686240542 183
2234939022025454 184
2234939713279116 185
2234940049064028 186
2234940779898989 187
2234941115683901 188
2234941826682437 189
2234942162497866 190
2234942873526919 191
2234943209281314 192
2234943920340884 193
2234944256156314 194
2234944947471011 195
2234945302970278 196
2234946013999331 197
2234946567038882 198
2234947100319917 199
2234947613869721 200
2234948305184419 201
2234948858223969 202
2234949431008393 203
2234950003823335 204
2234950517342622 205
2234950872902924 206
2234951564217622 207
2234951939492280 208
2234952650551850 209
2234952986306245 210
2234953717110688 211
2234954052865083 212
2234954803444917 213
2234955139199311 214
2234955870034272 215
2234956205819184 216
2234956956375194 217
2234957509414744 218
2234958082199168 219
2234958615493846 220
2234959089523387 221
2234959425308299 222
2234959899337840 223
2234960432663035 224
2234960946182323 225
2234961440017772 226
