200 -0.00668663 0 0.0226011
250 -0.0110056 0 0.0192831
300 -0.0130571 0 0.0230762
350 -0.0116681 0 0.0185549
400 -0.0139688 0 0.0307558
450 -0.0250694 0 0.071819
500 -0.05228 0 0.0830382
550 -0.0360219 0 0.0176338
600 -0.0163539 0 -0.00526615
650 0.0283059 0 -0.0984974
700 -0.409429 0 -0.0704299
750 -0.425884 0 -0.0230272
800 -0.557435 0 0.0823431
850 -0.698513 0 0.311521
900 -0.794371 0 0.362874
950 -0.883169 0 0.305377
1000 -0.932668 0 0.219163
1050 -0.841945 0 0.314364
1100 -0.789236 0 0.458462
1150 -0.912177 0 0.371063
1200 -0.981581 0 0.276412
1250 -1.08096 0 0.233439
1300 -1.0615 0 0.360121
1350 -1.06089 0 0.3228
1400 -1.17649 0 0.346202
1450 -1.20213 0 0.268031
1500 -1.17434 0 0.421032
1550 -1.16244 0 0.443376
1600 -1.22879 0 0.410996
1650 -1.27983 0 0.33554
1700 -1.27846 0 0.551598
1750 -1.23844 0 0.507791
1800 -1.23504 0 0.434491
1850 -1.1867 0 0.388908
1900 -1.21001 0 0.543684
1950 -1.23911 0 0.47771
2000 -1.35498 0 0.4434
2050 -1.31478 0 0.439392
2100 -1.26082 0 0.635093
2150 -1.24187 0 0.534199
2200 -1.30819 0 0.455438
2250 -1.29793 0 0.425362
2300 -1.25525 0 0.564501
2350 -1.13194 0 0.465167
2400 -1.23408 0 0.424046
2450 -1.2439 0 0.387837
2500 -1.32504 0 0.525532
2550 -1.20081 0 0.470662
2600 -1.31515 0 0.396902
2650 -1.2763 0 0.414363
2700 -1.25685 0 0.53463
2750 -1.15865 0 0.4863
2800 -1.31372 0 0.412771
2850 -1.28303 0 0.410221
2900 -1.29078 0 0.540103
2950 -1.22628 0 0.459511
3000 -1.2274 0 0.409282
3050 -1.15248 0 0.428817
3100 -1.27368 0 0.495947
3150 -1.15879 0 0.45759
3200 -1.258 0 0.337324
3250 -1.21791 0 0.422363
3300 -1.33047 0 0.515865
3350 -1.28581 0 0.438314
3400 -1.23168 0 0.343111
3450 -1.17192 0 0.427817
3500 -1.32888 0 0.496244
3550 -1.29507 0 0.412883
3600 -1.24172 0 0.309248
3650 -1.18426 0 0.353479
3700 -1.27544 0 0.474388
3750 -1.24282 0 0.453387
3800 -1.16239 0 0.332016
3850 -1.11144 0 0.360364
3900 -1.202 0 0.514893
3950 -1.13188 0 0.447431
4000 -1.17827 0 0.361593
4050 -1.1619 0 0.421658
4100 -1.23166 0 0.550975
4150 -1.11377 0 0.440747
4200 -1.10444 0 0.328217
4250 -1.08991 0 0.406779
4300 -1.18183 0 0.550633
4350 -1.07131 0 0.47948
4400 -1.0724 0 0.395553
4450 -0.988987 0 0.419121
4500 -1.03653 0 0.507848
4550 -1.01473 0 0.446589
4600 -1.08605 0 0.297094
4650 -1.03281 0 0.29937
4700 -1.04066 0 0.53186
4750 -0.997856 0 0.42722
4800 -1.07086 0 0.314418
4850 -1.09246 0 0.293711
4900 -1.0844 0 0.430215
4950 -1.1409 0 0.431035
5000 -1.11785 0 0.415961
5050 -1.21106 0 0.308573
5100 -1.20811 0 0.4676
5150 -1.23107 0 0.459423
5200 -1.22604 0 0.402055
5250 -1.20013 0 0.343904
5300 -1.15095 0 0.445982
5350 -1.26543 0 0.455435
5400 -1.19648 0 0.430655
5450 -1.17419 0 0.317133
5500 -1.19565 0 0.420583
5550 -1.27394 0 0.485705
5600 -1.21742 0 0.378147
5650 -1.23933 0 0.230538
5700 -1.22926 0 0.390114
5750 -1.38622 0 0.501106
5800 -1.32962 0 0.441972
5850 -1.29815 0 0.286036
5900 -1.26922 0 0.430028
5950 -1.30339 0 0.498717
6000 -1.23239 0 0.430031
6050 -1.22966 0 0.305451
6100 -1.2236 0 0.374778
6150 -1.27447 0 0.459451
6200 -1.16818 0 0.385541
6250 -1.14103 0 0.28419
6300 -1.0752 0 0.377062
6350 -1.13749 0 0.535382
6400 -1.05896 0 0.448586
6450 -1.11104 0 0.397925
6500 -1.01111 0 0.38443
6550 -1.0778 0 0.487515
6600 -1.00757 0 0.435512
6650 -1.07975 0 0.349124
6700 -1.02351 0 0.325374
6750 -1.01151 0 0.471891
6800 -0.847078 0 0.374485
6850 -0.893969 0 0.299321
6900 -0.905396 0 0.1937
6950 -0.852147 0 0.370616
7000 -1.0327 0 0.460054
7050 -1.09918 0 0.405114
7100 -1.23966 0 0.28459
7150 -1.06945 0 0.404672
7200 -1.12396 0 0.557363
7250 -1.13041 0 0.448235
7300 -1.14638 0 0.382062
7350 -1.21446 0 0.382984
7400 -1.25487 0 0.482141
7450 -1.26981 0 0.416694
7500 -1.23271 0 0.317769
7550 -1.20127 0 0.390761
7600 -1.3102 0 0.519413
7650 -1.22514 0 0.426718
7700 -1.20903 0 0.33188
7750 -1.1765 0 0.394267
7800 -1.24203 0 0.550361
7850 -1.25849 0 0.448345
7900 -1.29142 0 0.359742
7950 -1.23257 0 0.374347
8000 -1.2155 0 0.514908
8050 -1.24029 0 0.511403
8100 -1.28545 0 0.427778
8150 -1.19157 0 0.383803
8200 -1.21772 0 0.526061
8250 -1.1504 0 0.458189
8300 -1.26459 0 0.372772
8350 -1.24516 0 0.351149
8400 -1.2694 0 0.523408
8450 -1.2047 0 0.454785
8500 -1.23394 0 0.398114
8550 -1.19766 0 0.382224
8600 -1.1768 0 0.5595
8650 -1.12363 0 0.430293
8700 -1.27994 0 0.355063
8750 -1.24254 0 0.317064
8800 -1.23885 0 0.483163
8850 -1.21006 0 0.43632
8900 -1.31188 0 0.310547
8950 -1.25011 0 0.33139
9000 -1.25653 0 0.501318
9050 -1.23653 0 0.431717
9100 -1.27185 0 0.248106
9150 -1.21399 0 0.284074
9200 -1.30696 0 0.479174
9250 -1.29599 0 0.437544
9300 -1.30718 0 0.386386
9350 -1.23422 0 0.355277
9400 -1.22053 0 0.548099
9450 -1.1461 0 0.45435
9500 -1.24866 0 0.372963
9550 -1.17861 0 0.350601
9600 -1.22686 0 0.538299
9650 -1.2332 0 0.46312
9700 -1.29026 0 0.367489
9750 -1.27076 0 0.349682
9800 -1.25611 0 0.532615
9850 -1.2647 0 0.466212
9900 -1.31284 0 0.398033
9950 -1.22132 0 0.421738
10000 -1.12801 0 0.602338
10050 -1.08091 0 0.488248
10100 -1.21317 0 0.42575
10150 -1.14584 0 0.340973
10200 -1.023 0 0.516757
10250 -0.842908 0 0.401923
10300 -0.881198 0 0.425054
10350 -0.952349 0 0.338361
10400 -0.998352 0 0.494594
10450 -0.906061 0 0.422737
10500 -0.921968 0 0.409412
10550 -0.947984 0 0.312889
10600 -0.947337 0 0.473951
10650 -0.985886 0 0.43188
10700 -0.9381 0 0.317831
10750 -1.12174 0 0.2017
10800 -1.10455 0 0.345532
10850 -1.00272 0 0.398435
10900 -1.02208 0 0.389981
10950 -1.12145 0 0.317849
11000 -1.14939 0 0.32538
11050 -1.17623 0 0.480704
11100 -1.15126 0 0.416677
11150 -1.15408 0 0.359341
11200 -1.18243 0 0.309836
11250 -1.21496 0 0.477092
11300 -1.18914 0 0.368862
11350 -1.26894 0 0.335435
11400 -1.25433 0 0.246522
11450 -1.21793 0 0.471767
11500 -1.13866 0 0.40032
11550 -1.2087 0 0.309291
11600 -1.24652 0 0.23782
11650 -1.24045 0 0.431705
11700 -1.23075 0 0.413743
11750 -1.23782 0 0.369054
11800 -1.28645 0 0.272786
11850 -1.24452 0 0.426029
11900 -1.26703 0 0.431062
11950 -1.22343 0 0.378998
12000 -1.2577 0 0.281031
12050 -1.17038 0 0.405311
12100 -1.28072 0 0.420366
12150 -1.26376 0 0.381676
12200 -1.2042 0 0.275326
12250 -1.16857 0 0.352181
12300 -1.24072 0 0.38616
12350 -1.11044 0 0.360296
12400 -1.18866 0 0.22647
12450 -1.15824 0 0.307332
12500 -1.20838 0 0.419558
12550 -1.06753 0 0.344713
12600 -1.09419 0 0.284807
12650 -1.05476 0 0.268976
12700 -1.02811 0 0.39455
12750 -0.69415 0 0.277922
12800 -0.565516 0 0.13018
12850 -0.20131 0 0.0295931
12900 -0.128795 0 0.180148
12950 -0.180303 0 0.181646
13000 0.0148637 0 0.0841025
13050 -0.0354602 0 0.0382085
13100 -0.0254948 0 0.0649393
13150 -0.0703911 0 0.0737506
13200 -0.029682 0 0.0408332
13250 -0.0296255 0 0.0399749
13300 -0.0163476 0 0.0215564
13350 0.012781 0 0.0078069
13400 0.0119585 0 0.0108744
13450 0.00181609 0 0.0276352
13500 -0.0170148 0 0.0191307
13550 -0.00251168 0 0.0262858
13600 0.000299507 0 0.0380773
13650 -0.0115816 0 0.0298515
