200 0.016946 0 -0.0779356
250 0.0330863 0 -0.059263
300 0.0349071 0 -0.211894
350 0.0212106 0 -0.5504
400 -0.0767571 0 -0.742666
450 -0.0496791 0 -0.837879
500 0.0111562 0 -0.833817
550 0.148029 0 -1.04048
600 0.00991618 0 -1.07172
650 0.0815813 0 -1.07015
700 -0.0389655 0 -1.05786
750 -0.0668969 0 -0.945186
800 -0.0560184 0 -0.888401
850 0.185356 0 -0.917107
900 0.0674901 0 -0.939607
950 0.0614412 0 -0.908577
1000 0.0504351 0 -0.928818
1050 0.0219347 0 -0.944784
1100 0.107297 0 -0.874658
1150 0.0664464 0 -0.912489
1200 0.102617 0 -0.830844
1250 -0.0146328 0 -0.883198
1300 -0.0881057 0 -0.89398
1350 0.000367786 0 -0.965233
1400 0.174997 0 -1.00642
1450 0.0954458 0 -1.05212
1500 0.0733898 0 -1.12472
1550 -0.0698286 0 -1.17925
1600 -0.0838336 0 -1.22141
1650 0.0951028 0 -1.05022
1700 -0.0987286 0 -0.9889
1750 -0.0607949 0 -1.01147
1800 -0.125201 0 -1.0276
1850 -0.129738 0 -0.942046
1900 0.0683118 0 -0.794936
1950 0.148555 0 -0.803824
2000 0.123401 0 -0.800631
2050 0.131169 0 -0.740203
2100 -0.0161464 0 -0.672685
2150 -0.112016 0 -0.498883
2200 -0.00753623 0 -0.324352
2250 -0.0581526 0 -0.401995
2300 -0.212791 0 -0.558835
2350 -0.186415 0 -0.503609
2400 -0.233691 0 -0.340528
2450 -0.0984869 0 -0.423057
2500 0.0491562 0 -0.436247
2550 0.115783 0 -0.441451
2600 0.334795 0 -0.262591
2650 0.325033 0 -0.260262
2700 0.470407 0 -0.326145
2750 0.387661 0 -0.421833
2800 0.214357 0 -0.423816
2850 0.131259 0 -0.197495
2900 0.0397658 0 -0.351677
2950 -0.0607135 0 -0.35084
3000 -0.0868214 0 -0.449141
3050 -0.128563 0 -0.27767
3100 -0.103453 0 -0.277184
3150 -0.00944582 0 -0.279268
3200 0.149903 0 -0.271339
3250 0.143321 0 -0.186413
3300 0.00947965 0 -0.272436
3350 -0.000927088 0 -0.471401
3400 0.0477862 0 -0.563692
3450 0.0684313 0 -0.832816
3500 0.242098 0 -0.861598
3550 0.206138 0 -0.950803
3600 0.170107 0 -1.01615
3650 0.118125 0 -1.37059
3700 0.037326 0 -1.57865
3750 0.0648936 0 -1.38612
3800 0.15527 0 -1.63796
3850 0.0722954 0 -1.461
3900 0.0302757 0 -1.48984
3950 0.0666493 0 -1.44385
4000 -0.03838 0 -1.38692
4050 0.0465669 0 -1.52967
4100 -0.284163 0 -1.43327
4150 -0.0311039 0 -1.4361
4200 -0.158687 0 -1.36441
4250 0.0596329 0 -1.46024
4300 -0.131444 0 -1.62261
4350 -0.0660704 0 -1.44592
4400 -0.0565452 0 -1.4986
4450 -0.095149 0 -1.47296
4500 0.00070221 0 -1.27879
4550 0.0596227 0 -1.44123
4600 0.223378 0 -1.36155
4650 0.0490809 0 -1.32974
4700 0.131605 0 -1.38439
4750 0.0105641 0 -1.34618
4800 -0.0616024 0 -1.33308
4850 -0.0225226 0 -1.37234
4900 0.0954096 0 -1.28584
4950 0.0534615 0 -1.33188
5000 -0.170318 0 -1.38601
5050 -0.0557247 0 -1.40608
5100 -0.255497 0 -1.40007
5150 0.217998 0 -1.31198
5200 0.025735 0 -1.39373
5250 -0.0302368 0 -1.33786
5300 -0.159327 0 -1.338
5350 -0.00444621 0 -1.32742
5400 -0.00909311 0 -1.36647
5450 -0.0779126 0 -1.46483
5500 -0.0397684 0 -1.32575
5550 0.0293396 0 -1.30454
5600 0.295125 0 -1.17672
5650 0.110237 0 -1.33478
5700 -0.0650102 0 -1.25756
5750 0.113447 0 -1.31975
5800 -0.0453446 0 -1.30031
5850 0.182414 0 -1.3655
5900 -0.0116253 0 -1.32756
5950 0.180876 0 -1.32828
6000 -0.0371353 0 -1.1104
6050 0.152057 0 -1.18117
6100 0.227088 0 -1.1056
6150 0.0576606 0 -1.20255
6200 -0.0210385 0 -1.27058
6250 -0.0356416 0 -1.06709
6300 -0.0753625 0 -1.12829
6350 0.120849 0 -1.01351
6400 0.000420215 0 -0.937299
6450 0.145877 0 -0.96767
6500 0.156771 0 -0.987152
6550 0.186678 0 -1.17969
6600 0.128979 0 -1.28054
6650 -0.102653 0 -1.13983
6700 -0.158432 0 -1.3052
6750 -0.13262 0 -1.25055
6800 0.131299 0 -1.25828
6850 0.107286 0 -1.20248
6900 0.145064 0 -1.26798
6950 0.0515707 0 -1.22782
7000 -0.0200444 0 -1.24348
7050 0.278734 0 -1.17833
7100 0.0235982 0 -1.21131
7150 0.13378 0 -1.25428
7200 0.0262164 0 -1.18788
7250 0.135864 0 -1.28669
7300 0.217586 0 -1.24849
7350 0.0319619 0 -1.25666
7400 0.100968 0 -1.28654
7450 0.0114717 0 -1.2848
7500 0.115183 0 -1.24404
7550 0.0966901 0 -1.22231
7600 -0.0625969 0 -1.14754
7650 -0.0307652 0 -1.15111
7700 -0.0677501 0 -1.11738
7750 0.174214 0 -1.16711
7800 0.193803 0 -1.06703
7850 0.251198 0 -1.0604
7900 0.141483 0 -1.08397
7950 0.0981479 0 -1.18454
8000 0.10863 0 -1.19281
8050 0.0926749 0 -1.23787
8100 0.186494 0 -1.31513
8150 0.0486935 0 -1.22962
8200 0.122905 0 -1.18083
8250 0.120453 0 -1.19368
8300 -0.164781 0 -1.20232
8350 -0.128535 0 -1.18941
8400 -0.0566663 0 -1.0928
8450 0.136499 0 -0.967173
8500 0.0550174 0 -1.01568
8550 0.147661 0 -1.03386
8600 0.0478745 0 -0.874281
8650 0.0141204 0 -0.984363
8700 0.257998 0 -0.923872
8750 0.268507 0 -1.04792
8800 0.0398733 0 -1.18607
8850 0.0605975 0 -1.11211
8900 -0.22307 0 -1.13443
8950 0.0928091 0 -1.17465
9000 0.0254463 0 -1.19347
9050 -0.123207 0 -1.25849
9100 -0.0812855 0 -1.30971
9150 -0.058748 0 -1.10008
9200 0.0833798 0 -1.24338
9250 0.1155 0 -1.15075
9300 -0.109813 0 -1.20478
9350 -0.0606349 0 -1.19163
9400 0.0705907 0 -1.16065
9450 0.193054 0 -1.12788
9500 0.0922164 0 -1.05294
9550 -0.033485 0 -1.12864
9600 -0.235813 0 -1.00764
9650 -0.359256 0 -0.937068
9700 0.0484348 0 -1.10156
9750 -0.0935241 0 -0.878678
9800 -0.053497 0 -0.961977
9850 -0.063783 0 -0.895123
9900 0.0578266 0 -0.904154
9950 0.137243 0 -0.770366
10000 0.169636 0 -0.673114
10050 0.0720554 0 -0.752195
10100 0.119852 0 -0.838011
10150 -0.00308726 0 -0.797201
10200 -0.134472 0 -0.842318
10250 0.105405 0 -0.734034
10300 0.139871 0 -0.648061
10350 -0.0170355 0 -0.851225
10400 -0.0846681 0 -0.935882
10450 0.0317488 0 -0.911755
10500 0.17184 0 -0.939989
10550 0.243185 0 -0.911415
10600 0.14019 0 -1.00606
10650 0.0172631 0 -0.916889
10700 0.0211511 0 -0.961333
10750 0.202196 0 -0.903713
10800 0.0624492 0 -1.07081
10850 0.230144 0 -0.95
10900 0.279289 0 -0.977907
10950 0.0501061 0 -0.940186
11000 0.12404 0 -0.835632
11050 0.139284 0 -0.877335
11100 0.0537595 0 -0.984634
11150 0.0326836 0 -0.976566
11200 -0.138677 0 -0.942087
11250 -0.11535 0 -0.793878
11300 0.224009 0 -0.9331
11350 0.306353 0 -0.714292
11400 0.256711 0 -0.698409
11450 0.225946 0 -0.6692
11500 0.230081 0 -0.637072
11550 0.203043 0 -0.755744
11600 0.199971 0 -0.656306
11650 0.249919 0 -0.725125
11700 0.200785 0 -0.783972
11750 0.179634 0 -0.780379
11800 0.219212 0 -0.773627
11850 0.0576747 0 -0.634727
11900 0.108461 0 -0.886029
11950 0.0778509 0 -1.05502
12000 0.073041 0 -1.09131
12050 -0.0666606 0 -1.13116
12100 -0.00639846 0 -1.15867
12150 0.110157 0 -1.12852
12200 0.168624 0 -1.17167
12250 -0.0490073 0 -1.26047
12300 0.0158396 0 -1.22146
12350 -0.0706054 0 -1.24571
12400 0.0907572 0 -1.26846
12450 -0.0722561 0 -1.35915
12500 -0.111853 0 -1.39781
12550 -0.167342 0 -1.48014
12600 0.0350775 0 -1.46
12650 0.0183309 0 -1.51633
12700 0.033839 0 -1.28027
12750 -0.0838015 0 -1.56067
12800 -0.140434 0 -1.39343
12850 0.0316226 0 -1.56623
12900 -0.183885 0 -1.49795
12950 -0.118976 0 -1.42986
13000 0.061805 0 -1.55557
13050 -0.104927 0 -1.34213
13100 -0.11979 0 -1.33544
13150 -0.123273 0 -1.3139
13200 -0.00519681 0 -1.40999
13250 -0.101496 0 -1.255
13300 0.162102 0 -1.20272
13350 -0.07503 0 -1.14146
13400 -0.0486731 0 -1.07121
13450 0.0166285 0 -0.976494
13500 0.149813 0 -0.713951
13550 0.123754 0 -0.909011
13600 0.0899658 0 -0.92848
13650 0.0624837 0 -1.13095
13700 0.0994008 0 -1.04503
13750 0.263368 0 -1.21155
13800 0.187129 0 -1.20505
13850 0.163225 0 -1.27778
13900 0.118885 0 -1.30136
13950 0.243148 0 -1.2781
14000 0.254459 0 -1.23471
14050 0.000457648 0 -1.37633
14100 0.186738 0 -1.30967
14150 0.0500882 0 -1.3446
14200 0.298972 0 -1.35817
14250 0.00989474 0 -1.2736
14300 0.022301 0 -1.32963
14350 -0.038315 0 -1.31621
14400 -0.027457 0 -1.32783
14450 0.155028 0 -1.28446
14500 0.137354 0 -1.25649
14550 0.143791 0 -1.31997
14600 0.202372 0 -1.32847
14650 0.270714 0 -1.29976
14700 0.155326 0 -1.36317
14750 0.0932976 0 -1.4004
14800 0.246671 0 -1.27158
14850 0.0861819 0 -1.34781
14900 0.198489 0 -1.37931
14950 0.0698137 0 -1.50209
15000 0.167572 0 -1.58681
15050 0.267927 0 -1.37989
15100 0.237913 0 -1.57105
15150 0.284865 0 -1.37581
15200 -0.0302196 0 -1.46072
15250 0.22142 0 -1.31458
15300 0.118159 0 -1.2899
15350 0.21689 0 -1.3151
15400 0.0907451 0 -1.18334
15450 -0.0602642 0 -1.38019
15500 0.0363378 0 -1.2982
15550 -0.0182874 0 -1.29257
15600 0.0698802 0 -1.31152
15650 0.0117921 0 -1.37369
15700 -0.115859 0 -1.33549
15750 -0.0642982 0 -1.39683
15800 -0.0161954 0 -1.4962
15850 0.0139052 0 -1.41848
15900 0.0577335 0 -1.35264
15950 0.00883766 0 -1.43939
16000 -0.0287099 0 -1.30748
16050 -0.00813584 0 -1.38866
16100 -0.184599 0 -1.34247
16150 -0.0496824 0 -1.48524
16200 -0.122061 0 -1.31975
16250 0.1101 0 -1.34722
16300 0.0449487 0 -1.31105
16350 -0.0373559 0 -1.14333
16400 0.0195581 0 -0.999006
16450 -0.0668662 0 -0.723384
16500 -0.0288434 0 -0.763495
16550 -0.0246057 0 -0.472427
16600 0.0201992 0 -0.279715
16650 -0.0613245 0 -0.486885
16700 0.165819 0 -0.533996
16750 0.283495 0 -0.820505
16800 0.224723 0 -0.878756
16850 0.0407218 0 -0.885755
16900 -0.130335 0 -1.07207
16950 -0.179559 0 -1.28567
17000 -0.00748863 0 -1.42168
17050 0.000176413 0 -1.37449
17100 -0.197082 0 -1.26972
17150 -0.134514 0 -1.3267
17200 0.086538 0 -1.2711
17250 0.0346609 0 -1.30626
17300 -0.0935363 0 -1.3267
17350 -0.0548336 0 -1.38526
17400 -0.0557277 0 -1.43287
17450 0.110973 0 -1.30972
17500 0.0416476 0 -1.30313
17550 0.00291029 0 -1.36166
17600 0.0507079 0 -1.28436
17650 0.0747564 0 -1.20414
17700 0.0497138 0 -1.31192
17750 0.0520026 0 -1.16701
17800 -0.0169559 0 -1.10122
17850 0.22956 0 -0.973766
17900 0.21843 0 -1.14084
17950 0.27724 0 -1.03159
18000 0.0337129 0 -0.996082
18050 -0.0838057 0 -1.09018
18100 -0.0149202 0 -1.10347
18150 0.059924 0 -1.18832
18200 0.0192368 0 -1.27852
18250 -0.138559 0 -1.18392
18300 -0.186673 0 -1.33475
18350 -0.130951 0 -1.10955
18400 0.100095 0 -1.05602
18450 0.156986 0 -1.11998
18500 0.157324 0 -1.14137
18550 0.234519 0 -1.20166
18600 0.202225 0 -1.07323
18650 0.234556 0 -1.23209
18700 0.0660893 0 -1.28228
18750 -0.108221 0 -1.20787
18800 -0.0621782 0 -1.32707
18850 -0.0851074 0 -1.2059
18900 0.107467 0 -1.25275
18950 0.0171907 0 -1.22214
19000 -0.0478309 0 -1.39745
19050 0.00123701 0 -1.32988
19100 0.0454935 0 -1.22543
19150 0.0349944 0 -1.18804
19200 -0.0588701 0 -1.27382
19250 -0.0988976 0 -1.24335
19300 -0.156639 0 -1.12685
19350 -0.0294058 0 -1.17413
19400 0.0644179 0 -1.11324
19450 -0.194564 0 -1.24631
19500 -0.0792504 0 -1.15243
19550 -0.0961781 0 -1.16635
19600 0.148681 0 -1.23947
19650 -0.107658 0 -1.14846
19700 -0.0233119 0 -1.14161
19750 0.0194819 0 -1.00821
19800 0.0162595 0 -0.985408
19850 0.240598 0 -1.07548
19900 0.116851 0 -1.13201
19950 0.208299 0 -1.21309
20000 0.149802 0 -1.04823
20050 0.299587 0 -1.01647
20100 0.292348 0 -0.958128
20150 0.163464 0 -0.980926
20200 0.341367 0 -1.19144
20250 0.102392 0 -1.1196
20300 0.229065 0 -1.24045
20350 0.140807 0 -1.22382
20400 -0.0259341 0 -1.15488
20450 0.0277666 0 -1.19412
20500 -0.155009 0 -1.09293
20550 0.0314477 0 -1.19672
20600 0.0314007 0 -1.18838
20650 -0.198771 0 -1.19568
20700 -0.00896644 0 -1.18189
20750 -0.0510489 0 -1.07239
20800 0.20201 0 -1.08361
20850 0.0834419 0 -0.840023
20900 0.127816 0 -1.11035
20950 -0.242569 0 -0.869865
21000 -0.0942836 0 -1.04239
21050 -0.182791 0 -0.871994
21100 -0.0760813 0 -1.10224
21150 -0.0715407 0 -0.918049
21200 0.101361 0 -0.993603
21250 -0.104218 0 -0.996731
21300 0.0829171 0 -1.09114
21350 0.023969 0 -1.05637
21400 0.0241295 0 -1.18211
21450 -0.107673 0 -1.16083
21500 -0.0725966 0 -1.21603
21550 -0.127542 0 -1.22322
21600 0.0465664 0 -1.27513
21650 -0.0847673 0 -1.16052
21700 -0.128276 0 -1.3096
21750 -0.205548 0 -1.24404
21800 -0.0765106 0 -1.184
21850 0.0145447 0 -1.27772
21900 -0.176009 0 -1.0643
21950 -0.0755708 0 -1.25178
22000 -0.151303 0 -1.28641
22050 -0.0545658 0 -1.2016
22100 0.252051 0 -1.21581
22150 0.0361261 0 -1.14672
22200 0.115839 0 -1.18278
22250 0.0255233 0 -1.13231
22300 0.00167743 0 -1.15152
22350 0.181087 0 -1.2555
22400 0.0324115 0 -1.09582
22450 0.161256 0 -1.32707
22500 0.0734705 0 -1.26387
22550 -0.0665264 0 -1.30087
22600 -0.0435225 0 -1.18358
22650 -0.0803979 0 -1.17958
22700 -0.023138 0 -1.23864
22750 -0.0471909 0 -1.40501
22800 0.0748035 0 -1.34654
22850 -0.0801683 0 -1.33694
22900 -0.177691 0 -1.29599
22950 -0.00310314 0 -1.27556
23000 0.0653116 0 -1.24376
23050 0.0223255 0 -1.36647
23100 -0.0704947 0 -1.2756
23150 -0.110641 0 -1.27074
23200 -0.084466 0 -1.18224
23250 -0.0625771 0 -1.09924
23300 0.172155 0 -1.05793
23350 -0.0273284 0 -0.950778
23400 0.0717299 0 -1.14287
23450 -0.0726157 0 -1.04646
23500 -0.106624 0 -1.0531
23550 0.140178 0 -1.13333
23600 0.334181 0 -1.22199
23650 0.266822 0 -1.12107
23700 0.113382 0 -1.3443
23750 0.104907 0 -1.11384
23800 0.0960661 0 -1.08985
23850 0.0447495 0 -1.10646
23900 0.0526077 0 -1.1997
23950 -0.0222944 0 -1.14694
24000 0.0324664 0 -1.15594
24050 0.0981446 0 -1.35079
24100 0.0288445 0 -1.23452
24150 -0.0622115 0 -1.32978
24200 0.146185 0 -1.14875
24250 -0.1129 0 -1.26858
24300 0.137168 0 -1.15693
24350 -0.208655 0 -1.13834
24400 -0.100604 0 -1.18011
24450 -0.336611 0 -1.02498
24500 -0.267706 0 -0.749835
24550 -0.195992 0 -0.975384
24600 -0.203362 0 -1.01222
24650 -0.394683 0 -1.18059
24700 -0.196976 0 -1.20291
24750 -0.14796 0 -1.19549
24800 -0.138445 0 -1.21648
24850 -0.0803142 0 -1.17876
24900 0.0756415 0 -1.34448
24950 -0.0755926 0 -1.25881
25000 0.168246 0 -1.17716
25050 0.10003 0 -1.25656
25100 -0.0543465 0 -1.28046
25150 -0.074671 0 -1.27071
25200 0.119456 0 -1.22019
25250 0.163529 0 -1.12705
25300 0.103238 0 -1.13273
25350 0.124784 0 -1.24873
25400 0.193685 0 -1.11631
25450 0.158764 0 -1.18701
25500 0.15052 0 -1.12307
25550 0.0442786 0 -1.23888
25600 0.0531929 0 -0.862355
25650 -0.0554866 0 -1.2044
25700 -0.121301 0 -1.1349
25750 0.13616 0 -1.19603
25800 -0.0493511 0 -1.18934
25850 0.0105924 0 -1.21637
25900 -0.00419534 0 -1.08136
25950 0.276618 0 -1.1658
26000 -0.0708261 0 -1.31326
26050 0.0901593 0 -1.20191
26100 -0.0158204 0 -1.05065
26150 0.0250076 0 -1.18184
26200 0.211098 0 -1.25329
26250 0.0295509 0 -1.18483
26300 0.0874265 0 -1.26306
26350 -0.117355 0 -1.16429
26400 0.168753 0 -1.10064
26450 0.120021 0 -1.12883
26500 0.0486389 0 -1.21515
26550 -0.0189252 0 -1.22785
26600 0.0450223 0 -1.08031
26650 0.267834 0 -1.05149
26700 0.218639 0 -0.986054
26750 0.276174 0 -0.977685
26800 0.0999917 0 -0.842299
26850 0.0925188 0 -1.06945
26900 0.24706 0 -1.01716
26950 0.400559 0 -1.00644
27000 0.237269 0 -1.14611
27050 0.197114 0 -1.05834
27100 0.0799299 0 -1.15297
27150 0.0550117 0 -1.24784
27200 -0.258625 0 -1.29205
27250 0.0276124 0 -1.23195
27300 0.081808 0 -1.03584
27350 0.0864526 0 -1.04199
27400 0.0405569 0 -0.926698
27450 -0.0302197 0 -0.909785
27500 -0.0103243 0 -1.04489
27550 0.159267 0 -0.899012
27600 0.168022 0 -0.754326
27650 0.192894 0 -0.72863
27700 0.119697 0 -0.631086
27750 0.0119174 0 -0.755137
27800 0.0036645 0 -0.725884
27850 0.0695669 0 -0.603925
27900 0.107959 0 -0.428336
