200 -0.00198726 0 -0.122837
250 -0.00807446 0 -0.124937
300 -0.0198331 0 -0.115924
350 -0.00247018 0 -0.121795
400 0.00452136 0 -0.117069
450 -0.0233726 0 -0.216623
500 0.172015 0 -0.294816
550 0.0414916 0 -0.437802
600 -0.139218 0 -0.805456
650 -0.339358 0 -0.993619
700 -0.936728 0 0.231399
750 -0.172617 0 -0.969473
800 -0.0322731 0 -1.10358
850 -0.0901192 0 -1.1792
900 -0.172251 0 -1.10498
950 -0.125095 0 -1.12104
1000 0.0126002 0 -1.12723
1050 0.0129059 0 -1.05055
1100 -0.0818533 0 -1.08311
1150 -0.230683 0 -1.10156
1200 -0.0611311 0 -1.15315
1250 0.166785 0 -1.2502
1300 0.0666535 0 -1.25325
1350 -0.12048 0 -1.39929
1400 -0.0731908 0 -1.32955
1450 0.148609 0 -1.4021
1500 0.146306 0 -1.33278
1550 -0.0689145 0 -1.32577
1600 -0.0978114 0 -1.21419
1650 0.0131477 0 -1.16316
1700 0.134328 0 -1.21971
1750 0.0376309 0 -1.16724
1800 -0.193451 0 -1.10692
1850 -0.138145 0 -1.05713
1900 0.00269052 0 -1.18468
1950 0.120997 0 -1.19622
2000 -0.0493883 0 -1.1817
2050 -0.158758 0 -1.17495
2100 0.00112847 0 -1.19391
2150 0.0995597 0 -1.3208
2200 0.11704 0 -1.29058
2250 -0.109227 0 -1.34301
2300 -0.159059 0 -1.20065
2350 -0.00187319 0 -1.26588
2400 0.0444708 0 -1.27042
2450 -0.0902521 0 -1.27315
2500 -0.218926 0 -1.25756
2550 -0.12109 0 -1.22768
2600 0.0603891 0 -1.24015
2650 0.0624722 0 -1.23595
2700 -0.150359 0 -1.23572
2750 -0.237471 0 -1.20686
2800 -0.0420751 0 -1.20487
2850 0.088688 0 -1.28211
2900 0.0987682 0 -1.24573
2950 -0.131506 0 -1.34963
3000 -0.209909 0 -1.24031
3050 -0.0800103 0 -1.25629
3100 0.0885659 0 -1.24622
3150 -0.0741894 0 -1.21991
3200 -0.250862 0 -1.23059
3250 -0.148631 0 -1.19254
3300 0.0276993 0 -1.24587
3350 0.0958497 0 -1.20694
3400 -0.143678 0 -1.29466
3450 -0.131368 0 -1.29632
3500 0.0181728 0 -1.26664
3550 0.12857 0 -1.36908
3600 0.0095167 0 -1.31996
3650 -0.139451 0 -1.31391
3700 -0.138901 0 -1.25048
3750 0.0427928 0 -1.25725
3800 0.11045 0 -1.30233
3850 -0.0670737 0 -1.25348
3900 -0.180409 0 -1.2705
3950 0.000288033 0 -1.31683
4000 0.146471 0 -1.31651
4050 0.0957597 0 -1.2535
4100 -0.0874611 0 -1.31665
4150 -0.13631 0 -1.23733
4200 -0.0148493 0 -1.27499
4250 0.127571 0 -1.27153
4300 0.0263806 0 -1.21881
4350 -0.147307 0 -1.25838
4400 -0.0864609 0 -1.22261
4450 0.131761 0 -1.31198
4500 0.125153 0 -1.30858
4550 -0.0419269 0 -1.27241
4600 -0.194419 0 -1.28288
4650 -0.0785484 0 -1.25385
4700 -0.0170479 0 -1.33887
4750 0.0946226 0 -1.22575
4800 -0.141526 0 -1.28319
4850 -0.240722 0 -1.22141
4900 0.00115672 0 -1.21507
4950 0.107472 0 -1.2458
5000 0.024723 0 -1.20641
5050 -0.158044 0 -1.29039
5100 -0.0879494 0 -1.28291
5150 0.0602963 0 -1.30492
5200 0.0406385 0 -1.19271
5250 -0.138165 0 -1.22173
5300 -0.21872 0 -1.1601
5350 -0.0203522 0 -1.16363
5400 0.12844 0 -1.29203
5450 0.0862841 0 -1.21929
5500 -0.0646455 0 -1.21024
5550 -0.126273 0 -1.21123
5600 0.0920825 0 -1.27973
5650 0.0442671 0 -1.34996
5700 -0.0417562 0 -1.33736
5750 -0.222304 0 -1.28549
5800 -0.122485 0 -1.23497
5850 0.0630006 0 -1.23855
5900 0.0842382 0 -1.21944
5950 -0.144078 0 -1.19672
6000 -0.19589 0 -1.19048
6050 -0.04303 0 -1.17635
6100 0.11274 0 -1.27951
6150 0.106794 0 -1.21129
6200 -0.111114 0 -1.35693
6250 -0.140239 0 -1.28497
6300 0.000795633 0 -1.31328
6350 0.113444 0 -1.27519
6400 -0.0465659 0 -1.25773
6450 -0.160044 0 -1.25022
6500 -0.0219204 0 -1.27286
6550 0.0627391 0 -1.31356
6600 0.0697031 0 -1.21384
6650 -0.0942722 0 -1.20262
6700 -0.246505 0 -1.089
6750 -0.0334218 0 -1.05681
6800 -0.00937879 0 -1.02624
6850 0.0175442 0 -1.05734
6900 -0.201188 0 -1.08675
6950 -0.199151 0 -1.0065
7000 -0.0768113 0 -1.11161
7050 -0.0231413 0 -1.04253
7100 -0.217743 0 -1.1282
7150 -0.193821 0 -1.15168
7200 0.00992055 0 -1.25568
7250 0.117024 0 -1.30639
7300 0.0105024 0 -1.27356
7350 -0.206535 0 -1.33576
7400 -0.160613 0 -1.23113
7450 -0.0143159 0 -1.32359
7500 0.101768 0 -1.32882
7550 -0.115551 0 -1.35013
7600 -0.117146 0 -1.3474
7650 0.0239578 0 -1.33157
7700 0.150689 0 -1.36447
7750 0.105578 0 -1.36389
7800 -0.120481 0 -1.34456
7850 -0.0321737 0 -1.31798
7900 0.111432 0 -1.44667
7950 0.0790677 0 -1.36942
8000 -0.0886126 0 -1.39853
8050 -0.0863997 0 -1.30961
8100 0.109688 0 -1.37731
8150 0.136531 0 -1.33248
8200 -0.0896626 0 -1.37272
8250 -0.117473 0 -1.30142
8300 0.00887314 0 -1.32777
8350 0.138862 0 -1.34946
8400 -0.0508585 0 -1.34029
8450 -0.162995 0 -1.29363
8500 -0.0189212 0 -1.30773
8550 0.116552 0 -1.3914
8600 0.0698396 0 -1.35771
8650 -0.101142 0 -1.39281
8700 -0.100997 0 -1.26005
8750 0.069328 0 -1.31799
8800 0.0910299 0 -1.34127
8850 -0.0626119 0 -1.41131
8900 -0.10333 0 -1.36363
8950 -0.0425191 0 -1.3315
9000 0.0717283 0 -1.4048
9050 0.00455769 0 -1.41836
9100 -0.114967 0 -1.38023
9150 0.00938397 0 -1.32908
9200 0.0513968 0 -1.36352
9250 -0.00864596 0 -1.40803
9300 -0.199013 0 -1.42657
9350 -0.0819159 0 -1.34124
9400 0.0750302 0 -1.42433
9450 0.10971 0 -1.38876
9500 -0.170555 0 -1.39637
9550 -0.12831 0 -1.33297
9600 0.0565964 0 -1.4015
9650 0.136851 0 -1.37968
9700 -0.0270233 0 -1.3642
9750 -0.141292 0 -1.41228
9800 0.0229393 0 -1.43445
9850 0.11285 0 -1.4285
9900 0.0285706 0 -1.39976
9950 -0.14277 0 -1.42213
10000 -0.082379 0 -1.32331
10050 0.0459902 0 -1.40052
10100 0.121551 0 -1.23722
10150 -0.15581 0 -1.12608
10200 -0.130347 0 -0.996001
10250 -0.074444 0 -0.822228
10300 -0.0638052 0 -1.07153
10350 -0.00990114 0 -0.66889
10400 -0.0882183 0 -0.728169
10450 -0.270191 0 -0.787052
10500 -0.278325 0 -0.611688
10550 -0.0858656 0 -0.528975
10600 -0.0436177 0 -0.688701
10650 -0.161383 0 -0.616099
10700 -0.115789 0 -0.67797
10750 -0.126199 0 -0.834873
10800 -0.111168 0 -0.809293
10850 -0.0460201 0 -1.03149
10900 0.0823492 0 -1.1521
10950 -0.0845891 0 -1.16854
11000 -0.291293 0 -1.1493
11050 -0.0810175 0 -1.2538
11100 0.0238132 0 -1.32062
11150 0.0755769 0 -1.20257
11200 -0.110922 0 -1.24339
11250 -0.159652 0 -1.23538
11300 0.0135576 0 -1.2818
11350 0.159573 0 -1.31128
11400 0.0634816 0 -1.36144
11450 -0.0875207 0 -1.32788
11500 -0.0126826 0 -1.29937
11550 0.111642 0 -1.38352
11600 0.0754491 0 -1.2983
11650 -0.0798852 0 -1.32515
11700 -0.0204535 0 -1.24817
11750 0.120495 0 -1.30211
11800 0.161094 0 -1.33553
11850 0.025002 0 -1.36922
11900 -0.134272 0 -1.35966
11950 -0.0541691 0 -1.34967
12000 0.0939852 0 -1.44779
12050 0.11417 0 -1.35418
12100 -0.0948504 0 -1.41346
12150 -0.0598306 0 -1.33889
12200 0.0802746 0 -1.35582
12250 0.150612 0 -1.38426
12300 -0.048261 0 -1.38323
12350 -0.184903 0 -1.35054
12400 0.000551931 0 -1.32265
12450 0.0990392 0 -1.41185
12500 0.0313911 0 -1.44874
12550 -0.167362 0 -1.38648
12600 -0.0776364 0 -1.26005
12650 0.0989245 0 -1.22807
12700 0.100807 0 -1.1183
12750 0.00413548 0 -1.07371
12800 -0.132251 0 -1.06615
12850 0.030817 0 -1.15073
12900 0.123464 0 -1.26812
12950 0.0910809 0 -1.28234
13000 -0.107543 0 -1.17552
13050 -0.0957962 0 -1.17945
13100 0.0648307 0 -1.33959
13150 0.11426 0 -1.35915
13200 -0.0850113 0 -1.33581
13250 -0.161447 0 -1.31978
13300 0.00222201 0 -1.30775
13350 0.0730705 0 -1.37523
13400 0.0248198 0 -1.33464
13450 -0.136328 0 -1.29444
13500 -0.171801 0 -1.30678
13550 -0.0681256 0 -1.33924
13600 -0.0642467 0 -1.31157
13650 -0.213918 0 -1.36944
13700 -0.22218 0 -1.30168
13750 -0.060597 0 -1.30719
13800 0.0790794 0 -1.42429
13850 0.0470042 0 -1.45501
13900 -0.125639 0 -1.42365
13950 -0.0825438 0 -1.3519
14000 0.0390469 0 -1.42524
14050 0.0698364 0 -1.39327
14100 -0.116566 0 -1.36992
14150 -0.172476 0 -1.31529
14200 -0.0072637 0 -1.33982
14250 0.12015 0 -1.40174
14300 -0.0267124 0 -1.40552
14350 -0.169601 0 -1.3409
14400 -0.0213318 0 -1.35293
14450 0.0644088 0 -1.41362
14500 0.0683622 0 -1.36081
14550 -0.139114 0 -1.36445
14600 -0.101788 0 -1.34867
14650 0.0544209 0 -1.43125
14700 0.146549 0 -1.4281
14750 -0.0287955 0 -1.35674
14800 -0.13582 0 -1.33474
14850 0.0195806 0 -1.3956
14900 0.131685 0 -1.44631
14950 0.0264388 0 -1.40758
15000 -0.177459 0 -1.39542
15050 -0.0794084 0 -1.34105
15100 0.101901 0 -1.42061
15150 0.0951145 0 -1.40325
15200 -0.1646 0 -1.39751
15250 -0.145959 0 -1.3643
15300 0.0104083 0 -1.38912
15350 0.117965 0 -1.3813
15400 -0.0238209 0 -1.40104
15450 -0.197969 0 -1.33025
15500 -0.09201 0 -1.28873
15550 0.075133 0 -1.39983
15600 -0.0231902 0 -1.31342
15650 -0.175586 0 -1.33128
15700 -0.204034 0 -1.19679
15750 -0.0495193 0 -1.25973
15800 0.0693402 0 -1.19605
15850 -0.128715 0 -1.22543
15900 -0.188631 0 -1.1416
15950 -0.137749 0 -0.991539
16000 -0.0706823 0 -0.923275
16050 -0.0552708 0 -0.880162
16100 -0.16134 0 -0.439303
16150 -0.28214 0 -0.252083
16200 -0.148642 0 -0.25472
16250 -0.188273 0 -0.162106
16300 -0.113148 0 -0.197243
16350 0.105782 0 -0.147364
16400 0.112417 0 -0.113077
16450 0.0392844 0 -0.143739
16500 0.0293308 0 -0.133414
16550 -0.0150537 0 -0.114538
16600 -0.0199163 0 -0.126282
16650 -0.0108498 0 -0.132725
16700 -0.0250859 0 -0.130546
16750 -0.0214528 0 -0.118522
16800 -0.0112837 0 -0.107078
16850 -0.0142717 0 -0.113871
16900 -0.0115722 0 -0.113673
16950 -0.00622391 0 -0.109607
17000 -0.00702196 0 -0.111319
17050 -0.00919515 0 -0.115045
17100 -0.0230565 0 -0.118471
17150 -0.012452 0 -0.117676
17200 0.00102551 0 -0.14802
17250 -0.00443323 0 -0.173729
17300 0.00218055 0 -0.198502
17350 -0.0111163 0 -0.192904
17400 0.0165737 0 -0.173571
17450 0.0161515 0 -0.156896
