200 -0.016176 0 -0.999869
250 -0.0644935 0 -0.997918
300 -0.168637 0 -0.985678
350 -0.0202773 0 -0.999794
400 0.0385926 0 -0.999255
450 -0.107272 0 -0.99423
500 0.503956 0 -0.863729
550 0.0943498 0 -0.995539
600 -0.170318 0 -0.985389
650 -0.323207 0 -0.946328
700 -0.970817 0 0.23982
750 -0.175296 0 -0.984516
800 -0.0292315 0 -0.999573
850 -0.0762015 0 -0.997092
900 -0.154026 0 -0.988067
950 -0.1109 0 -0.993832
1000 0.0111774 0 -0.999938
1050 0.0122839 0 -0.999925
1100 -0.0753575 0 -0.997157
1150 -0.204968 0 -0.978769
1200 -0.0125472 0 -0.999921
1250 0.142442 0 -0.989803
1300 0.0505495 0 -0.998722
1350 -0.0847561 0 -0.996402
1400 -0.0549662 0 -0.998488
1450 0.1054 0 -0.99443
1500 0.109119 0 -0.994029
1550 -0.0519107 0 -0.998652
1600 -0.0943664 0 -0.995538
1650 0.00112109 0 -0.999999
1700 0.112474 0 -0.993655
1750 0.0358063 0 -0.999359
1800 -0.172155 0 -0.98507
1850 -0.129578 0 -0.991569
1900 0.00227108 0 -0.999997
1950 0.100636 0 -0.994923
2000 -0.0417578 0 -0.999128
2050 -0.133903 0 -0.990994
2100 0.000945194 0 -1
2150 0.0751648 0 -0.997171
2200 0.0903177 0 -0.995913
2250 -0.0810626 0 -0.996709
2300 -0.13133 0 -0.991339
2350 -0.00147975 0 -0.999999
2400 0.0812286 0 -0.996695
2450 -0.0460104 0 -0.998941
2500 -0.162069 0 -0.986779
2550 -0.090647 0 -0.995883
2600 0.0486373 0 -0.998817
2650 0.0504816 0 -0.998725
2700 -0.120786 0 -0.992679
2750 -0.193065 0 -0.981186
2800 -0.0431994 0 -0.999066
2850 0.0704148 0 -0.997518
2900 0.079089 0 -0.996868
2950 -0.0972211 0 -0.995263
3000 -0.166867 0 -0.985979
3050 -0.0635589 0 -0.997978
3100 0.070889 0 -0.997484
3150 -0.0607033 0 -0.998156
3200 -0.194776 0 -0.980848
3250 -0.122861 0 -0.992424
3300 0.021873 0 -0.999761
3350 0.0776839 0 -0.996978
3400 -0.110301 0 -0.993898
3450 -0.100823 0 -0.994904
3500 0.0143458 0 -0.999897
3550 0.0934979 0 -0.995619
3600 0.0370797 0 -0.999312
3650 -0.0988944 0 -0.995098
3700 -0.108512 0 -0.994095
3750 0.0288073 0 -0.999585
3800 0.0845057 0 -0.996423
3850 -0.0534334 0 -0.998571
3900 -0.140588 0 -0.990068
3950 0.000218732 0 -1
4000 0.110574 0 -0.993868
4050 0.076172 0 -0.997095
4100 -0.0662811 0 -0.997801
4150 -0.109502 0 -0.993987
4200 -0.0116458 0 -0.999932
4250 0.0998276 0 -0.995005
4300 0.0216396 0 -0.999766
4350 -0.116267 0 -0.993218
4400 -0.0651138 0 -0.997878
4450 0.104923 0 -0.99448
4500 0.0940726 0 -0.995565
4550 -0.0326779 0 -0.999466
4600 -0.149838 0 -0.98871
4650 -0.0625232 0 -0.998044
4700 -0.012732 0 -0.999919
4750 0.0769664 0 -0.997034
4800 -0.106218 0 -0.994343
4850 -0.184594 0 -0.982815
4900 -0.0118032 0 -0.99993
4950 0.0825052 0 -0.996591
5000 0.0204887 0 -0.99979
5050 -0.121569 0 -0.992583
5100 -0.0683941 0 -0.997658
5150 0.0461578 0 -0.998934
5200 0.085412 0 -0.996346
5250 -0.071789 0 -0.99742
5300 -0.17191 0 -0.985113
5350 -0.0140026 0 -0.999902
5400 0.0989218 0 -0.995095
5450 0.0705896 0 -0.997505
5500 -0.0533392 0 -0.998576
5550 -0.10369 0 -0.99461
5600 0.0199547 0 -0.999801
5650 0.0394592 0 -0.999221
5700 -0.0143136 0 -0.999898
5750 -0.16913 0 -0.985594
5800 -0.098696 0 -0.995118
5850 0.050801 0 -0.998709
5900 0.0689154 0 -0.997623
5950 -0.119531 0 -0.99283
6000 -0.162364 0 -0.986731
6050 -0.0365547 0 -0.999332
6100 0.0877713 0 -0.996141
6150 0.0878252 0 -0.996136
6200 -0.081613 0 -0.996664
6250 -0.108494 0 -0.994097
6300 0.000605837 0 -1
6350 0.0886126 0 -0.996066
6400 -0.0141277 0 -0.9999
6450 -0.120586 0 -0.992703
6500 -0.0174177 0 -0.999848
6550 0.045173 0 -0.998979
6600 0.0573294 0 -0.998355
6650 -0.0781495 0 -0.996942
6700 -0.220773 0 -0.975325
6750 -0.0316094 0 -0.9995
6800 0.0177381 0 -0.999843
6850 0.0277776 0 -0.999614
6900 -0.177358 0 -0.984146
6950 -0.190872 0 -0.981615
7000 -0.0689349 0 -0.997621
7050 -0.0221917 0 -0.999754
7100 -0.189504 0 -0.98188
7150 -0.16596 0 -0.986132
7200 -0.0172009 0 -0.999852
7250 0.0929873 0 -0.995667
7300 0.0134221 0 -0.99991
7350 -0.151341 0 -0.988482
7400 -0.129364 0 -0.991597
7450 -0.0108154 0 -0.999942
7500 0.0763611 0 -0.99708
7550 -0.0852732 0 -0.996358
7600 -0.102688 0 -0.994714
7650 0.0104949 0 -0.999945
7700 0.109714 0 -0.993963
7750 0.0779489 0 -0.996957
7800 -0.0892487 0 -0.996009
7850 -0.0244041 0 -0.999702
7900 0.0767991 0 -0.997047
7950 0.0576419 0 -0.998337
8000 -0.0632343 0 -0.997999
8050 -0.0658303 0 -0.997831
8100 0.079388 0 -0.996844
8150 0.10193 0 -0.994792
8200 -0.0651788 0 -0.997874
8250 -0.0898994 0 -0.995951
8300 0.0066826 0 -0.999978
8350 0.102361 0 -0.994747
8400 -0.0175108 0 -0.999847
8450 -0.11844 0 -0.992961
8500 -0.0140858 0 -0.999901
8550 0.0827694 0 -0.996569
8600 0.0513714 0 -0.99868
8650 -0.0724263 0 -0.997374
8700 -0.0798969 0 -0.996803
8750 0.0525286 0 -0.998619
8800 0.0992849 0 -0.995059
8850 -0.0231211 0 -0.999733
8900 -0.0676797 0 -0.997707
8950 -0.0323877 0 -0.999475
9000 0.0509929 0 -0.998699
9050 0.00321334 0 -0.999995
9100 -0.0830082 0 -0.996549
9150 0.00706034 0 -0.999975
9200 0.0552665 0 -0.998472
9250 0.00171522 0 -0.999999
9300 -0.134177 0 -0.990957
9350 -0.0582258 0 -0.998303
9400 0.0526044 0 -0.998615
9450 0.0787532 0 -0.996894
9500 -0.12124 0 -0.992623
9550 -0.0958153 0 -0.995399
9600 0.0179837 0 -0.999838
9650 0.0988034 0 -0.995107
9700 -0.00702789 0 -0.999975
9750 -0.0988354 0 -0.995104
9800 0.0159897 0 -0.999872
9850 0.0787533 0 -0.996894
9900 0.0204068 0 -0.999792
9950 -0.0998899 0 -0.994998
10000 -0.0621321 0 -0.998068
10050 0.0328204 0 -0.999461
10100 0.0977747 0 -0.995209
10150 -0.137059 0 -0.990563
10200 -0.129764 0 -0.991545
10250 -0.0901705 0 -0.995926
10300 -0.0594404 0 -0.998232
10350 -0.0148007 0 -0.99989
10400 -0.176007 0 -0.984389
10450 -0.252114 0 -0.967698
10500 -0.367758 0 -0.929921
10550 -0.156362 0 -0.9877
10600 -0.0632066 0 -0.998
10650 -0.253395 0 -0.967363
10700 -0.168351 0 -0.985727
10750 -0.149462 0 -0.988767
10800 -0.208471 0 -0.978028
10850 -0.0638 0 -0.997963
10900 0.0673761 0 -0.997728
10950 -0.0569844 0 -0.998375
11000 -0.245683 0 -0.96935
11050 -0.064483 0 -0.997919
11100 0.018029 0 -0.999837
11150 0.0627223 0 -0.998031
11200 -0.0792339 0 -0.996856
11250 -0.12611 0 -0.992016
11300 -0.000691941 0 -1
11350 0.11883 0 -0.992915
11400 0.0465776 0 -0.998915
11450 -0.0657676 0 -0.997835
11500 -0.00976009 0 -0.999952
11550 0.0804326 0 -0.99676
11600 0.100436 0 -0.994944
11650 -0.0411927 0 -0.999151
11700 -0.00722575 0 -0.999974
11750 0.0938877 0 -0.995583
11800 0.119754 0 -0.992804
11850 0.0182569 0 -0.999833
11900 -0.0982762 0 -0.995159
11950 -0.0401028 0 -0.999196
12000 0.0647798 0 -0.9979
12050 0.0840115 0 -0.996465
12100 -0.0669545 0 -0.997756
12150 -0.0446421 0 -0.999003
12200 0.0591039 0 -0.998252
12250 0.108165 0 -0.994133
12300 -0.0348688 0 -0.999392
12350 -0.135645 0 -0.990758
12400 -0.00195416 0 -0.999998
12450 0.0714736 0 -0.997442
12500 0.0212364 0 -0.999774
12550 -0.119743 0 -0.992805
12600 -0.0614971 0 -0.998107
12650 0.0802926 0 -0.996771
12700 0.0897793 0 -0.995962
12750 0.00385156 0 -0.999993
12800 -0.082482 0 -0.996593
12850 0.0326443 0 -0.999467
12900 0.100327 0 -0.994955
12950 0.0716946 0 -0.997427
13000 -0.0911053 0 -0.995841
13050 -0.0809543 0 -0.996718
13100 0.0483392 0 -0.998831
13150 0.0837716 0 -0.996485
13200 -0.0451004 0 -0.998982
13250 -0.119827 0 -0.992795
13300 0.00118107 0 -0.999999
13350 0.0513664 0 -0.99868
13400 0.0185934 0 -0.999827
13450 -0.10474 0 -0.9945
13500 -0.130347 0 -0.991468
13550 -0.0508033 0 -0.998709
13600 0.0168854 0 -0.999857
13650 -0.121055 0 -0.992646
13700 -0.158472 0 -0.987364
13750 -0.0451153 0 -0.998982
13800 0.0554367 0 -0.998462
13850 0.0322882 0 -0.999479
13900 -0.08791 0 -0.996128
13950 -0.0609443 0 -0.998141
14000 0.0273864 0 -0.999625
14050 0.0500612 0 -0.998746
14100 -0.0847832 0 -0.996399
14150 -0.130019 0 -0.991511
14200 -0.00542134 0 -0.999985
14250 0.0854023 0 -0.996347
14300 -0.019002 0 -0.999819
14350 -0.125484 0 -0.992096
14400 -0.0377961 0 -0.999285
14450 0.0486468 0 -0.998816
14500 0.0495628 0 -0.998771
14550 -0.0988681 0 -0.995101
14600 -0.0752587 0 -0.997164
14650 0.0379959 0 -0.999278
14700 0.102083 0 -0.994776
14750 -0.0212193 0 -0.999775
14800 -0.114397 0 -0.993435
14850 0.00875657 0 -0.999962
14900 0.093625 0 -0.995608
14950 0.0187838 0 -0.999824
15000 -0.126156 0 -0.99201
15050 -0.0591099 0 -0.998251
15100 0.0715465 0 -0.997437
15150 0.0676266 0 -0.997711
15200 -0.103132 0 -0.994668
15250 -0.104828 0 -0.99449
15300 0.00286276 0 -0.999996
15350 0.0828712 0 -0.99656
15400 -0.0169998 0 -0.999855
15450 -0.1472 0 -0.989107
15500 -0.0712148 0 -0.997461
15550 0.0535959 0 -0.998563
15600 0.0152811 0 -0.999883
15650 -0.127471 0 -0.991842
15700 -0.158902 0 -0.987294
15750 -0.0449603 0 -0.998989
15800 0.0578771 0 -0.998324
15850 -0.104462 0 -0.994529
15900 -0.163022 0 -0.986622
15950 -0.137603 0 -0.990487
16000 -0.0763327 0 -0.997082
16050 -0.0626727 0 -0.998034
16100 -0.344748 0 -0.938695
16150 -0.745711 0 -0.666269
16200 -0.504012 0 -0.863697
16250 -0.757804 0 -0.652482
16300 -0.497589 0 -0.867413
16350 0.583142 0 -0.812371
16400 0.436096 0 -0.8999
16450 0.0212861 0 -0.999773
16500 0.0647574 0 -0.997901
16550 -0.187311 0 -0.982301
16600 -0.155787 0 -0.987791
16650 -0.0814748 0 -0.996675
16700 -0.188709 0 -0.982033
16750 -0.178109 0 -0.984011
16800 -0.146144 0 -0.989263
16850 -0.139359 0 -0.990242
16900 -0.104682 0 -0.994506
16950 -0.0581612 0 -0.998307
17000 -0.0629544 0 -0.998016
17050 -0.0796725 0 -0.996821
17100 -0.191034 0 -0.981583
17150 -0.105228 0 -0.994448
17200 -0.0308631 0 -0.999524
17250 -0.0488907 0 -0.998804
17300 -0.000333502 0 -1
17350 -0.0617688 0 -0.99809
17400 0.0950542 0 -0.995472
17450 0.102403 0 -0.994743
