200 -0.00198726 0 -0.122837
250 -0.00807446 0 -0.124937
300 -0.0198331 0 -0.115924
350 -0.00247018 0 -0.121795
400 0.00452136 0 -0.117069
450 -0.0233726 0 -0.216623
500 0.172015 0 -0.294816
550 0.0414916 0 -0.437802
600 -0.139218 0 -0.805456
650 -0.339358 0 -0.993619
700 -0.936728 0 0.231399
750 -0.172617 0 -0.969473
800 -0.0322731 0 -1.10358
850 -0.0901192 0 -1.1792
900 -0.172251 0 -1.10498
950 -0.125095 0 -1.12104
1000 0.0126002 0 -1.12723
1050 0.0129059 0 -1.05055
1100 -0.0818533 0 -1.08311
1150 -0.230683 0 -1.10156
1200 -0.0323924 0 -1.13682
1250 0.175494 0 -1.249
1300 0.0672362 0 -1.25955
1350 -0.119694 0 -1.40569
1400 -0.0731908 0 -1.32955
1450 0.148609 0 -1.4021
1500 0.146306 0 -1.33278
1550 -0.0689145 0 -1.32577
1600 -0.114674 0 -1.23096
1650 0.00509455 0 -1.17541
1700 0.137755 0 -1.2205
1750 0.0409474 0 -1.166
1800 -0.193451 0 -1.10692
1850 -0.138145 0 -1.05713
1900 0.00269052 0 -1.18468
1950 0.120997 0 -1.19622
2000 -0.0493883 0 -1.1817
2050 -0.158758 0 -1.17495
2100 0.00112847 0 -1.19391
2150 0.0995597 0 -1.3208
2200 0.11704 0 -1.29058
2250 -0.109227 0 -1.34301
2300 -0.159059 0 -1.20065
2350 -0.00187319 0 -1.26588
2400 0.0908823 0 -1.29512
2450 -0.0664493 0 -1.28864
2500 -0.211279 0 -1.26338
2550 -0.11423 0 -1.22678
2600 0.0603891 0 -1.24015
2650 0.0624722 0 -1.23595
2700 -0.150359 0 -1.23572
2750 -0.237471 0 -1.20686
2800 -0.0465914 0 -1.19736
2850 0.089538 0 -1.27903
2900 0.0983789 0 -1.24442
2950 -0.132202 0 -1.35041
3000 -0.209909 0 -1.24031
3050 -0.0800103 0 -1.25629
3100 0.0885659 0 -1.24622
3150 -0.0741894 0 -1.21991
3200 -0.246516 0 -1.22885
3250 -0.146095 0 -1.18632
3300 0.028213 0 -1.24274
3350 0.0945464 0 -1.20699
3400 -0.143678 0 -1.29466
3450 -0.131368 0 -1.29632
3500 0.0181728 0 -1.26664
3550 0.12857 0 -1.36908
3600 0.0343113 0 -1.32107
3650 -0.134143 0 -1.31499
3700 -0.136446 0 -1.24972
3750 0.0394152 0 -1.25831
3800 0.11045 0 -1.30233
3850 -0.0670737 0 -1.25348
3900 -0.180409 0 -1.2705
3950 0.000288033 0 -1.31683
4000 0.146471 0 -1.31651
4050 0.0957597 0 -1.2535
4100 -0.0874611 0 -1.31665
4150 -0.13631 0 -1.23733
4200 -0.0148493 0 -1.27499
4250 0.127571 0 -1.27153
4300 0.0263806 0 -1.21881
4350 -0.147307 0 -1.25838
4400 -0.0844411 0 -1.23803
4450 0.136902 0 -1.30807
4500 0.123568 0 -1.30825
4550 -0.0418133 0 -1.27515
4600 -0.194419 0 -1.28288
4650 -0.0785484 0 -1.25385
4700 -0.0170479 0 -1.33887
4750 0.0946226 0 -1.22575
4800 -0.139972 0 -1.27155
4850 -0.233042 0 -1.21105
4900 -0.00838679 0 -1.21584
4950 0.103873 0 -1.24854
5000 0.024723 0 -1.20641
5050 -0.158044 0 -1.29039
5100 -0.0879494 0 -1.28291
5150 0.0602963 0 -1.30492
5200 0.0890051 0 -1.22074
5250 -0.102676 0 -1.23955
5300 -0.207515 0 -1.16581
5350 -0.017204 0 -1.16073
5400 0.12844 0 -1.29203
5450 0.0862841 0 -1.21929
5500 -0.0646455 0 -1.21024
5550 -0.126273 0 -1.21123
5600 0.0517756 0 -1.2747
5650 0.0503187 0 -1.35155
5700 -0.0277335 0 -1.33087
5750 -0.221762 0 -1.28893
5800 -0.122485 0 -1.23497
5850 0.0630006 0 -1.23855
5900 0.0842382 0 -1.21944
5950 -0.144078 0 -1.19672
6000 -0.19589 0 -1.19048
6050 -0.04303 0 -1.17635
6100 0.11274 0 -1.27951
6150 0.106794 0 -1.21129
6200 -0.111114 0 -1.35693
6250 -0.140239 0 -1.28497
6300 0.000795633 0 -1.31328
6350 0.113444 0 -1.27519
6400 -0.0311707 0 -1.25423
6450 -0.153854 0 -1.24959
6500 -0.0209466 0 -1.26775
6550 0.0613044 0 -1.31439
6600 0.0697031 0 -1.21384
6650 -0.0942722 0 -1.20262
6700 -0.246505 0 -1.089
6750 -0.0334218 0 -1.05681
6800 0.0128983 0 -1.04836
6850 0.0268693 0 -1.07192
6900 -0.199249 0 -1.0996
6950 -0.197706 0 -1.01172
7000 -0.0768113 0 -1.11161
7050 -0.0231413 0 -1.04253
7100 -0.217743 0 -1.1282
7150 -0.193821 0 -1.15168
7200 -0.00405401 0 -1.22051
7250 0.121545 0 -1.30479
7300 0.013575 0 -1.27072
7350 -0.206002 0 -1.33875
7400 -0.160613 0 -1.23113
7450 -0.0143159 0 -1.32359
7500 0.101768 0 -1.32882
7550 -0.115551 0 -1.35013
7600 -0.13278 0 -1.3549
7650 0.0171394 0 -1.33327
7700 0.151022 0 -1.36468
7750 0.106418 0 -1.3634
7800 -0.120481 0 -1.34456
7850 -0.0321737 0 -1.31798
7900 0.111432 0 -1.44667
7950 0.0790677 0 -1.36942
8000 -0.0886126 0 -1.39853
8050 -0.0863997 0 -1.30961
8100 0.109688 0 -1.37731
8150 0.136531 0 -1.33248
8200 -0.0896626 0 -1.37272
8250 -0.117473 0 -1.30142
8300 0.00887314 0 -1.32777
8350 0.138862 0 -1.34946
8400 -0.0383017 0 -1.33093
8450 -0.156153 0 -1.29028
8500 -0.0172414 0 -1.30038
8550 0.116755 0 -1.39187
8600 0.0698396 0 -1.35771
8650 -0.101142 0 -1.39281
8700 -0.100997 0 -1.26005
8750 0.069328 0 -1.31799
8800 0.124372 0 -1.35831
8850 -0.0407739 0 -1.42204
8900 -0.0959988 0 -1.36717
8950 -0.0430499 0 -1.33035
9000 0.0717283 0 -1.4048
9050 0.00455769 0 -1.41836
9100 -0.114967 0 -1.38023
9150 0.00938397 0 -1.32908
9200 0.0709063 0 -1.36114
9250 6.05291e-05 0 -1.4049
9300 -0.194381 0 -1.4255
9350 -0.0789999 0 -1.34101
9400 0.0750302 0 -1.42433
9450 0.10971 0 -1.38876
9500 -0.170555 0 -1.39637
9550 -0.12831 0 -1.33297
9600 0.0424282 0 -1.38644
9650 0.138571 0 -1.37878
9700 -0.0168549 0 -1.36282
9750 -0.14081 0 -1.41648
9800 0.0229393 0 -1.43445
9850 0.11285 0 -1.4285
9900 0.0285706 0 -1.39976
9950 -0.14277 0 -1.42213
10000 -0.082379 0 -1.32331
10050 0.0459902 0 -1.40052
10100 0.121551 0 -1.23722
10150 -0.15581 0 -1.12608
10200 -0.130347 0 -0.996001
10250 -0.074444 0 -0.822228
10300 -0.0638052 0 -1.07153
10350 -0.00990114 0 -0.66889
10400 -0.131869 0 -0.772355
10450 -0.236154 0 -0.81087
10500 -0.258516 0 -0.62428
10550 -0.0866804 0 -0.533453
10600 -0.0436177 0 -0.688701
10650 -0.161383 0 -0.616099
10700 -0.115789 0 -0.67797
10750 -0.126199 0 -0.834873
10800 -0.16052 0 -0.855973
10850 -0.0600001 0 -1.05507
10900 0.0808501 0 -1.15597
10950 -0.0724292 0 -1.17423
11000 -0.291293 0 -1.1493
11050 -0.0810175 0 -1.2538
11100 0.0238132 0 -1.32062
11150 0.0755769 0 -1.20257
11200 -0.10598 0 -1.23834
11250 -0.156614 0 -1.22588
11300 0.00451583 0 -1.28587
11350 0.157939 0 -1.31517
11400 0.0634816 0 -1.36144
11450 -0.0875207 0 -1.32788
11500 -0.0126826 0 -1.29937
11550 0.111642 0 -1.38352
11600 0.115379 0 -1.32725
11650 -0.0623577 0 -1.3383
11700 -0.0129152 0 -1.25236
11750 0.123177 0 -1.30628
11800 0.161094 0 -1.33553
11850 0.025002 0 -1.36922
11900 -0.134272 0 -1.35966
11950 -0.0541691 0 -1.34967
12000 0.0939852 0 -1.44779
12050 0.11417 0 -1.35418
12100 -0.0948504 0 -1.41346
12150 -0.0598306 0 -1.33889
12200 0.0802746 0 -1.35582
12250 0.150612 0 -1.38426
12300 -0.048261 0 -1.38323
12350 -0.184903 0 -1.35054
12400 0.00240646 0 -1.31037
12450 0.100148 0 -1.40955
12500 0.0300956 0 -1.44728
12550 -0.16768 0 -1.38835
12600 -0.0776364 0 -1.26005
12650 0.0989245 0 -1.22807
12700 0.100807 0 -1.1183
12750 0.00413548 0 -1.07371
12800 -0.115791 0 -1.09344
12850 0.0330659 0 -1.16659
12900 0.125547 0 -1.26113
12950 0.0916356 0 -1.28183
13000 -0.107543 0 -1.17552
13050 -0.0957962 0 -1.17945
13100 0.0648307 0 -1.33959
13150 0.11426 0 -1.35915
13200 -0.0725233 0 -1.33934
13250 -0.158982 0 -1.31838
13300 0.00300415 0 -1.30585
13350 0.0719308 0 -1.37574
13400 0.0248198 0 -1.33464
13450 -0.136328 0 -1.29444
13500 -0.171801 0 -1.30678
13550 -0.0681256 0 -1.33924
13600 -0.00488052 0 -1.32769
13650 -0.184193 0 -1.38601
13700 -0.21453 0 -1.30758
13750 -0.05937 0 -1.30482
13800 0.0790794 0 -1.42429
13850 0.0470042 0 -1.45501
13900 -0.125639 0 -1.42365
13950 -0.0825438 0 -1.3519
14000 0.0390469 0 -1.42524
14050 0.0698364 0 -1.39327
14100 -0.116566 0 -1.36992
14150 -0.172476 0 -1.31529
14200 -0.0072637 0 -1.33982
14250 0.12015 0 -1.40174
14300 -0.0267124 0 -1.40552
14350 -0.169601 0 -1.3409
14400 -0.0387755 0 -1.36174
14450 0.0671674 0 -1.41349
14500 0.068084 0 -1.3611
14550 -0.137269 0 -1.36561
14600 -0.101788 0 -1.34867
14650 0.0544209 0 -1.43125
14700 0.146549 0 -1.4281
14750 -0.0287955 0 -1.35674
14800 -0.150622 0 -1.349
14850 0.0148869 0 -1.39766
14900 0.134962 0 -1.44446
14950 0.0264026 0 -1.40515
15000 -0.177459 0 -1.39542
15050 -0.0794084 0 -1.34105
15100 0.101901 0 -1.42061
15150 0.0951145 0 -1.40325
15200 -0.154067 0 -1.38238
15250 -0.143155 0 -1.35323
15300 0.00650717 0 -1.38788
15350 0.115956 0 -1.38532
15400 -0.0238209 0 -1.40104
15450 -0.197969 0 -1.33025
15500 -0.09201 0 -1.28873
15550 0.075133 0 -1.39983
15600 0.00512177 0 -1.33987
15650 -0.173224 0 -1.33476
15700 -0.198973 0 -1.20346
15750 -0.0538874 0 -1.26398
15800 0.0693402 0 -1.19605
15850 -0.128715 0 -1.22543
15900 -0.188631 0 -1.1416
15950 -0.137749 0 -0.991539
16000 -0.0706823 0 -0.923275
16050 -0.0552708 0 -0.880162
16100 -0.16134 0 -0.439303
16150 -0.28214 0 -0.252083
16200 -0.148642 0 -0.25472
16250 -0.188273 0 -0.162106
16300 -0.113148 0 -0.197243
16350 0.105782 0 -0.147364
16400 0.0723963 0 -0.125995
16450 0.00515142 0 -0.146299
16500 0.0098133 0 -0.134797
16550 -0.022011 0 -0.118908
16600 -0.0199163 0 -0.126282
16650 -0.0108498 0 -0.132725
16700 -0.0250859 0 -0.130546
16750 -0.0214528 0 -0.118522
16800 -0.0113269 0 -0.109463
16850 -0.0137064 0 -0.114744
16900 -0.0110183 0 -0.113566
16950 -0.00618196 0 -0.109604
17000 -0.00702196 0 -0.111319
17050 -0.00919515 0 -0.115045
17100 -0.0230565 0 -0.118471
17150 -0.012452 0 -0.117676
17200 -0.00153433 0 -0.146446
17250 -0.00653932 0 -0.172891
17300 0.000733701 0 -0.19861
17350 -0.0117494 0 -0.193183
17400 0.0165737 0 -0.173571
17450 0.0161515 0 -0.156896
