200 -0.00198726 0 -0.122837
250 -0.00807446 0 -0.124937
300 -0.0198331 0 -0.115924
350 -0.00247018 0 -0.121795
400 0.00452136 0 -0.117069
450 -0.0233726 0 -0.216623
500 0.172015 0 -0.294816
550 0.0414916 0 -0.437802
600 -0.139218 0 -0.805456
650 -0.339358 0 -0.993619
700 -0.936728 0 0.231399
750 -0.172617 0 -0.969473
800 -0.0322731 0 -1.10358
850 -0.0901192 0 -1.1792
900 -0.172251 0 -1.10498
950 -0.125095 0 -1.12104
1000 0.0126002 0 -1.12723
1050 0.0129059 0 -1.05055
1100 -0.0818533 0 -1.08311
1150 -0.230683 0 -1.10156
1200 -0.0124435 0 -1.12929
1250 0.180919 0 -1.25355
1300 0.0633933 0 -1.26498
1350 -0.119753 0 -1.40834
1400 -0.0731908 0 -1.32955
1450 0.148609 0 -1.4021
1500 0.146306 0 -1.33278
1550 -0.0689145 0 -1.32577
1600 -0.113468 0 -1.23758
1650 0.000178062 0 -1.18165
1700 0.137741 0 -1.22081
1750 0.0416032 0 -1.16581
1800 -0.193451 0 -1.10692
1850 -0.138145 0 -1.05713
1900 0.00269052 0 -1.18468
1950 0.120997 0 -1.19622
2000 -0.0493883 0 -1.1817
2050 -0.158758 0 -1.17495
2100 0.00112847 0 -1.19391
2150 0.0995597 0 -1.3208
2200 0.11704 0 -1.29058
2250 -0.109227 0 -1.34301
2300 -0.159059 0 -1.20065
2350 -0.00187319 0 -1.26588
2400 0.109279 0 -1.30364
2450 -0.0598838 0 -1.29633
2500 -0.206503 0 -1.26593
2550 -0.111121 0 -1.22608
2600 0.0603891 0 -1.24015
2650 0.0624722 0 -1.23595
2700 -0.150359 0 -1.23572
2750 -0.237471 0 -1.20686
2800 -0.0526529 0 -1.19402
2850 0.0897855 0 -1.27804
2900 0.0986555 0 -1.24354
2950 -0.131956 0 -1.35047
3000 -0.209909 0 -1.24031
3050 -0.0800103 0 -1.25629
3100 0.0885659 0 -1.24622
3150 -0.0741894 0 -1.21991
3200 -0.242893 0 -1.22716
3250 -0.147354 0 -1.18156
3300 0.0265302 0 -1.24228
3350 0.0940468 0 -1.20722
3400 -0.143678 0 -1.29466
3450 -0.131368 0 -1.29632
3500 0.0181728 0 -1.26664
3550 0.12857 0 -1.36908
3600 0.0511585 0 -1.31796
3650 -0.130143 0 -1.31572
3700 -0.136151 0 -1.24914
3750 0.0358358 0 -1.25938
3800 0.11045 0 -1.30233
3850 -0.0670737 0 -1.25348
3900 -0.180409 0 -1.2705
3950 0.000288033 0 -1.31683
4000 0.146471 0 -1.31651
4050 0.0957597 0 -1.2535
4100 -0.0874611 0 -1.31665
4150 -0.13631 0 -1.23733
4200 -0.0148493 0 -1.27499
4250 0.127571 0 -1.27153
4300 0.0263806 0 -1.21881
4350 -0.147307 0 -1.25838
4400 -0.0817933 0 -1.25096
4450 0.138409 0 -1.30752
4500 0.123415 0 -1.30752
4550 -0.0415402 0 -1.27674
4600 -0.194419 0 -1.28288
4650 -0.0785484 0 -1.25385
4700 -0.0170479 0 -1.33887
4750 0.0946226 0 -1.22575
4800 -0.135193 0 -1.27486
4850 -0.225826 0 -1.21326
4900 -0.0164835 0 -1.21786
4950 0.103483 0 -1.2496
5000 0.024723 0 -1.20641
5050 -0.158044 0 -1.29039
5100 -0.0879494 0 -1.28291
5150 0.0602963 0 -1.30492
5200 0.107936 0 -1.23055
5250 -0.0899674 0 -1.24601
5300 -0.202995 0 -1.16738
5350 -0.0160022 0 -1.15952
5400 0.12844 0 -1.29203
5450 0.0862841 0 -1.21929
5500 -0.0646455 0 -1.21024
5550 -0.126273 0 -1.21123
5600 0.0211049 0 -1.26603
5650 0.0538352 0 -1.35205
5700 -0.017563 0 -1.32479
5750 -0.22141 0 -1.29078
5800 -0.122485 0 -1.23497
5850 0.0630006 0 -1.23855
5900 0.0842382 0 -1.21944
5950 -0.144078 0 -1.19672
6000 -0.19589 0 -1.19048
6050 -0.04303 0 -1.17635
6100 0.11274 0 -1.27951
6150 0.106794 0 -1.21129
6200 -0.111114 0 -1.35693
6250 -0.140239 0 -1.28497
6300 0.000795633 0 -1.31328
6350 0.113444 0 -1.27519
6400 -0.0155113 0 -1.2514
6450 -0.151617 0 -1.24995
6500 -0.0222973 0 -1.26572
6550 0.0591272 0 -1.31561
6600 0.0697031 0 -1.21384
6650 -0.0942722 0 -1.20262
6700 -0.246505 0 -1.089
6750 -0.0334218 0 -1.05681
6800 0.0195615 0 -1.0559
6850 0.0308417 0 -1.0753
6900 -0.19839 0 -1.10389
6950 -0.197159 0 -1.01356
7000 -0.0768113 0 -1.11161
7050 -0.0231413 0 -1.04253
7100 -0.217743 0 -1.1282
7150 -0.193821 0 -1.15168
7200 -0.0235872 0 -1.18705
7250 0.121713 0 -1.30477
7300 0.0176406 0 -1.26707
7350 -0.20501 0 -1.34014
7400 -0.160613 0 -1.23113
7450 -0.0143159 0 -1.32359
7500 0.101768 0 -1.32882
7550 -0.115551 0 -1.35013
7600 -0.140906 0 -1.35348
7650 0.0132457 0 -1.33098
7700 0.150493 0 -1.36519
7750 0.106564 0 -1.36305
7800 -0.120481 0 -1.34456
7850 -0.0321737 0 -1.31798
7900 0.111432 0 -1.44667
7950 0.0790677 0 -1.36942
8000 -0.0886126 0 -1.39853
8050 -0.0863997 0 -1.30961
8100 0.109688 0 -1.37731
8150 0.136531 0 -1.33248
8200 -0.0896626 0 -1.37272
8250 -0.117473 0 -1.30142
8300 0.00887314 0 -1.32777
8350 0.138862 0 -1.34946
8400 -0.0190275 0 -1.31893
8450 -0.153491 0 -1.29245
8500 -0.0191965 0 -1.29697
8550 0.115334 0 -1.39284
8600 0.0698396 0 -1.35771
8650 -0.101142 0 -1.39281
8700 -0.100997 0 -1.26005
8750 0.069328 0 -1.31799
8800 0.137664 0 -1.36472
8850 -0.0317898 0 -1.42512
8900 -0.0923522 0 -1.36751
8950 -0.0430877 0 -1.32964
9000 0.0717283 0 -1.4048
9050 0.00455769 0 -1.41836
9100 -0.114967 0 -1.38023
9150 0.00938397 0 -1.32908
9200 0.0759573 0 -1.36055
9250 0.0029349 0 -1.40248
9300 -0.192851 0 -1.42557
9350 -0.0782695 0 -1.34094
9400 0.0750302 0 -1.42433
9450 0.10971 0 -1.38876
9500 -0.170555 0 -1.39637
9550 -0.12831 0 -1.33297
9600 0.0194471 0 -1.37127
9650 0.13621 0 -1.38082
9700 -0.00749699 0 -1.35656
9750 -0.140879 0 -1.4185
9800 0.0229393 0 -1.43445
9850 0.11285 0 -1.4285
9900 0.0285706 0 -1.39976
9950 -0.14277 0 -1.42213
10000 -0.082379 0 -1.32331
10050 0.0459902 0 -1.40052
10100 0.121551 0 -1.23722
10150 -0.15581 0 -1.12608
10200 -0.130347 0 -0.996001
10250 -0.074444 0 -0.822228
10300 -0.0638052 0 -1.07153
10350 -0.00990114 0 -0.66889
10400 -0.137387 0 -0.797612
10450 -0.216706 0 -0.815616
10500 -0.250857 0 -0.630905
10550 -0.0860288 0 -0.535775
10600 -0.0436177 0 -0.688701
10650 -0.161383 0 -0.616099
10700 -0.115789 0 -0.67797
10750 -0.126199 0 -0.834873
10800 -0.186388 0 -0.889903
10850 -0.0682587 0 -1.06924
10900 0.0790623 0 -1.15888
10950 -0.0675305 0 -1.17716
11000 -0.291293 0 -1.1493
11050 -0.0810175 0 -1.2538
11100 0.0238132 0 -1.32062
11150 0.0755769 0 -1.20257
11200 -0.0999923 0 -1.24196
11250 -0.152607 0 -1.22378
11300 -0.00323512 0 -1.28968
11350 0.15768 0 -1.31666
11400 0.0634816 0 -1.36144
11450 -0.0875207 0 -1.32788
11500 -0.0126826 0 -1.29937
11550 0.111642 0 -1.38352
11600 0.139958 0 -1.34476
11650 -0.0555008 0 -1.3423
11700 -0.00790849 0 -1.25361
11750 0.123468 0 -1.30959
11800 0.161094 0 -1.33553
11850 0.025002 0 -1.36922
11900 -0.134272 0 -1.35966
11950 -0.0541691 0 -1.34967
12000 0.0939852 0 -1.44779
12050 0.11417 0 -1.35418
12100 -0.0948504 0 -1.41346
12150 -0.0598306 0 -1.33889
12200 0.0802746 0 -1.35582
12250 0.150612 0 -1.38426
12300 -0.048261 0 -1.38323
12350 -0.184903 0 -1.35054
12400 -0.00330757 0 -1.30248
12450 0.101122 0 -1.41076
12500 0.0307937 0 -1.44543
12550 -0.167458 0 -1.38891
12600 -0.0776364 0 -1.26005
12650 0.0989245 0 -1.22807
12700 0.100807 0 -1.1183
12750 0.00413548 0 -1.07371
12800 -0.0908551 0 -1.08997
12850 0.0368094 0 -1.17315
12900 0.126466 0 -1.25997
12950 0.0920493 0 -1.28149
13000 -0.107543 0 -1.17552
13050 -0.0957962 0 -1.17945
13100 0.0648307 0 -1.33959
13150 0.11426 0 -1.35915
13200 -0.0586821 0 -1.34358
13250 -0.15791 0 -1.31889
13300 0.00123395 0 -1.30528
13350 0.0705374 0 -1.37616
13400 0.0248198 0 -1.33464
13450 -0.136328 0 -1.29444
13500 -0.171801 0 -1.30678
13550 -0.0681256 0 -1.33924
13600 0.0268303 0 -1.32943
13650 -0.169049 0 -1.38986
13700 -0.208849 0 -1.3083
13750 -0.0587457 0 -1.3031
13800 0.0790794 0 -1.42429
13850 0.0470042 0 -1.45501
13900 -0.125639 0 -1.42365
13950 -0.0825438 0 -1.3519
14000 0.0390469 0 -1.42524
14050 0.0698364 0 -1.39327
14100 -0.116566 0 -1.36992
14150 -0.172476 0 -1.31529
14200 -0.0072637 0 -1.33982
14250 0.12015 0 -1.40174
14300 -0.0267124 0 -1.40552
14350 -0.169601 0 -1.3409
14400 -0.0527276 0 -1.36393
14450 0.0687167 0 -1.41295
14500 0.0675634 0 -1.36082
14550 -0.135574 0 -1.36659
14600 -0.101788 0 -1.34867
14650 0.0544209 0 -1.43125
14700 0.146549 0 -1.4281
14750 -0.0287955 0 -1.35674
14800 -0.15631 0 -1.35361
14850 0.0118466 0 -1.39689
14900 0.135678 0 -1.44348
14950 0.0263751 0 -1.40415
15000 -0.177459 0 -1.39542
15050 -0.0794084 0 -1.34105
15100 0.101901 0 -1.42061
15150 0.0951145 0 -1.40325
15200 -0.139807 0 -1.37433
15250 -0.141782 0 -1.34809
15300 0.00344587 0 -1.38881
15350 0.115235 0 -1.3866
15400 -0.0238209 0 -1.40104
15450 -0.197969 0 -1.33025
15500 -0.09201 0 -1.28873
15550 0.075133 0 -1.39983
15600 0.0231106 0 -1.35878
15650 -0.1712 0 -1.33437
15700 -0.193445 0 -1.20823
15750 -0.0574985 0 -1.26679
15800 0.0693402 0 -1.19605
15850 -0.128715 0 -1.22543
15900 -0.188631 0 -1.1416
15950 -0.137749 0 -0.991539
16000 -0.0706823 0 -0.923275
16050 -0.0552708 0 -0.880162
16100 -0.16134 0 -0.439303
16150 -0.28214 0 -0.252083
16200 -0.148642 0 -0.25472
16250 -0.188273 0 -0.162106
16300 -0.113148 0 -0.197243
16350 0.105782 0 -0.147364
16400 0.035996 0 -0.153223
16450 -0.0273053 0 -0.162833
16500 -0.00683167 0 -0.142889
16550 -0.0268368 0 -0.122978
16600 -0.0199163 0 -0.126282
16650 -0.0108498 0 -0.132725
16700 -0.0250859 0 -0.130546
16750 -0.0214528 0 -0.118522
16800 -0.0148573 0 -0.11411
16850 -0.0151468 0 -0.116847
16900 -0.0113663 0 -0.114035
16950 -0.00626069 0 -0.109709
17000 -0.00702196 0 -0.111319
17050 -0.00919515 0 -0.115045
17100 -0.0230565 0 -0.118471
17150 -0.012452 0 -0.117676
17200 -0.00654373 0 -0.14378
17250 -0.00939949 0 -0.171794
17300 -0.00056862 0 -0.198629
17350 -0.0121845 0 -0.193311
17400 0.0165737 0 -0.173571
17450 0.0161515 0 -0.156896
