200 -0.00198726 0 -0.122837
250 -0.00807446 0 -0.124937
300 -0.0198331 0 -0.115924
350 -0.00247018 0 -0.121795
400 0.00452136 0 -0.117069
450 -0.0233726 0 -0.216623
500 0.172015 0 -0.294816
550 0.0414916 0 -0.437802
600 -0.139218 0 -0.805456
650 -0.339358 0 -0.993619
700 -0.936728 0 0.231399
750 -0.172617 0 -0.969473
800 -0.0322731 0 -1.10358
850 -0.0901192 0 -1.1792
900 -0.172251 0 -1.10498
950 -0.125095 0 -1.12104
1000 0.0126002 0 -1.12723
1050 0.0129059 0 -1.05055
1100 -0.0818533 0 -1.08311
1150 -0.230683 0 -1.10156
1200 -0.016303 0 -1.13086
1250 0.179801 0 -1.2519
1300 0.0644078 0 -1.26383
1350 -0.119727 0 -1.40784
1400 -0.0731908 0 -1.32955
1450 0.148609 0 -1.4021
1500 0.146306 0 -1.33278
1550 -0.0689145 0 -1.32577
1600 -0.116619 0 -1.23635
1650 0.00154845 0 -1.17989
1700 0.138337 0 -1.22064
1750 0.0417987 0 -1.16572
1800 -0.193451 0 -1.10692
1850 -0.138145 0 -1.05713
1900 0.00269052 0 -1.18468
1950 0.120997 0 -1.19622
2000 -0.0493883 0 -1.1817
2050 -0.158758 0 -1.17495
2100 0.00112847 0 -1.19391
2150 0.0995597 0 -1.3208
2200 0.11704 0 -1.29058
2250 -0.109227 0 -1.34301
2300 -0.159059 0 -1.20065
2350 -0.00187319 0 -1.26588
2400 0.1065 0 -1.30346
2450 -0.0593812 0 -1.29434
2500 -0.207849 0 -1.26532
2550 -0.111603 0 -1.2263
2600 0.0603891 0 -1.24015
2650 0.0624722 0 -1.23595
2700 -0.150359 0 -1.23572
2750 -0.237471 0 -1.20686
2800 -0.0522767 0 -1.19415
2850 0.0900616 0 -1.27753
2900 0.0986924 0 -1.24347
2950 -0.131878 0 -1.35042
3000 -0.209909 0 -1.24031
3050 -0.0800103 0 -1.25629
3100 0.0885659 0 -1.24622
3150 -0.0741894 0 -1.21991
3200 -0.24358 0 -1.22744
3250 -0.146793 0 -1.18247
3300 0.0269516 0 -1.24226
3350 0.0940729 0 -1.20717
3400 -0.143678 0 -1.29466
3450 -0.131368 0 -1.29632
3500 0.0181728 0 -1.26664
3550 0.12857 0 -1.36908
3600 0.04893 0 -1.31909
3650 -0.13089 0 -1.31559
3700 -0.136022 0 -1.24934
3750 0.0364699 0 -1.25924
3800 0.11045 0 -1.30233
3850 -0.0670737 0 -1.25348
3900 -0.180409 0 -1.2705
3950 0.000288033 0 -1.31683
4000 0.146471 0 -1.31651
4050 0.0957597 0 -1.2535
4100 -0.0874611 0 -1.31665
4150 -0.13631 0 -1.23733
4200 -0.0148493 0 -1.27499
4250 0.127571 0 -1.27153
4300 0.0263806 0 -1.21881
4350 -0.147307 0 -1.25838
4400 -0.0831395 0 -1.24874
4450 0.138283 0 -1.30738
4500 0.123256 0 -1.30772
4550 -0.0414261 0 -1.27649
4600 -0.194419 0 -1.28288
4650 -0.0785484 0 -1.25385
4700 -0.0170479 0 -1.33887
4750 0.0946226 0 -1.22575
4800 -0.135716 0 -1.27283
4850 -0.227881 0 -1.21179
4900 -0.014283 0 -1.21726
4950 0.103359 0 -1.24942
5000 0.024723 0 -1.20641
5050 -0.158044 0 -1.29039
5100 -0.0879494 0 -1.28291
5150 0.0602963 0 -1.30492
5200 0.105499 0 -1.22866
5250 -0.0901223 0 -1.24426
5300 -0.203615 0 -1.16736
5350 -0.0161988 0 -1.15968
5400 0.12844 0 -1.29203
5450 0.0862841 0 -1.21929
5500 -0.0646455 0 -1.21024
5550 -0.126273 0 -1.21123
5600 0.0250745 0 -1.26629
5650 0.0533748 0 -1.35205
5700 -0.0187347 0 -1.32551
5750 -0.221453 0 -1.29058
5800 -0.122485 0 -1.23497
5850 0.0630006 0 -1.23855
5900 0.0842382 0 -1.21944
5950 -0.144078 0 -1.19672
6000 -0.19589 0 -1.19048
6050 -0.04303 0 -1.17635
6100 0.11274 0 -1.27951
6150 0.106794 0 -1.21129
6200 -0.111114 0 -1.35693
6250 -0.140239 0 -1.28497
6300 0.000795633 0 -1.31328
6350 0.113444 0 -1.27519
6400 -0.0177367 0 -1.25166
6450 -0.151905 0 -1.24989
6500 -0.0220602 0 -1.26597
6550 0.0594653 0 -1.31542
6600 0.0697031 0 -1.21384
6650 -0.0942722 0 -1.20262
6700 -0.246505 0 -1.089
6750 -0.0334218 0 -1.05681
6800 0.0193225 0 -1.05543
6850 0.0303012 0 -1.07558
6900 -0.1985 0 -1.1037
6950 -0.197194 0 -1.01344
7000 -0.0768113 0 -1.11161
7050 -0.0231413 0 -1.04253
7100 -0.217743 0 -1.1282
7150 -0.193821 0 -1.15168
7200 -0.0194587 0 -1.19354
7250 0.122178 0 -1.3047
7300 0.0168151 0 -1.26785
7350 -0.205214 0 -1.33994
7400 -0.160613 0 -1.23113
7450 -0.0143159 0 -1.32359
7500 0.101768 0 -1.32882
7550 -0.115551 0 -1.35013
7600 -0.139238 0 -1.35504
7650 0.014145 0 -1.33198
7700 0.150766 0 -1.36492
7750 0.106598 0 -1.36311
7800 -0.120481 0 -1.34456
7850 -0.0321737 0 -1.31798
7900 0.111432 0 -1.44667
7950 0.0790677 0 -1.36942
8000 -0.0886126 0 -1.39853
8050 -0.0863997 0 -1.30961
8100 0.109688 0 -1.37731
8150 0.136531 0 -1.33248
8200 -0.0896626 0 -1.37272
8250 -0.117473 0 -1.30142
8300 0.00887314 0 -1.32777
8350 0.138862 0 -1.34946
8400 -0.0228405 0 -1.32376
8450 -0.153992 0 -1.29115
8500 -0.0182947 0 -1.29768
8550 0.115644 0 -1.39263
8600 0.0698396 0 -1.35771
8650 -0.101142 0 -1.39281
8700 -0.100997 0 -1.26005
8750 0.069328 0 -1.31799
8800 0.136217 0 -1.36395
8850 -0.0327671 0 -1.42478
8900 -0.0927892 0 -1.36751
8950 -0.0430875 0 -1.32973
9000 0.0717283 0 -1.4048
9050 0.00455769 0 -1.41836
9100 -0.114967 0 -1.38023
9150 0.00938397 0 -1.32908
9200 0.075568 0 -1.36091
9250 0.00253724 0 -1.40342
9300 -0.192992 0 -1.42544
9350 -0.0782406 0 -1.34094
9400 0.0750302 0 -1.42433
9450 0.10971 0 -1.38876
9500 -0.170555 0 -1.39637
9550 -0.12831 0 -1.33297
9600 0.0239375 0 -1.37453
9650 0.137009 0 -1.38032
9700 -0.00921688 0 -1.35795
9750 -0.140851 0 -1.41819
9800 0.0229393 0 -1.43445
9850 0.11285 0 -1.4285
9900 0.0285706 0 -1.39976
9950 -0.14277 0 -1.42213
10000 -0.082379 0 -1.32331
10050 0.0459902 0 -1.40052
10100 0.121551 0 -1.23722
10150 -0.15581 0 -1.12608
10200 -0.130347 0 -0.996001
10250 -0.074444 0 -0.822228
10300 -0.0638052 0 -1.07153
10350 -0.00990114 0 -0.66889
10400 -0.139749 0 -0.795173
10450 -0.218851 0 -0.817615
10500 -0.251017 0 -0.63072
10550 -0.0860386 0 -0.535647
10600 -0.0436177 0 -0.688701
10650 -0.161383 0 -0.616099
10700 -0.115789 0 -0.67797
10750 -0.126199 0 -0.834873
10800 -0.186185 0 -0.882796
10850 -0.0681361 0 -1.06717
10900 0.0787449 0 -1.15822
10950 -0.0676542 0 -1.17684
11000 -0.291293 0 -1.1493
11050 -0.0810175 0 -1.2538
11100 0.0238132 0 -1.32062
11150 0.0755769 0 -1.20257
11200 -0.100364 0 -1.23909
11250 -0.154418 0 -1.22382
11300 -0.000866967 0 -1.28854
11350 0.157618 0 -1.31641
11400 0.0634816 0 -1.36144
11450 -0.0875207 0 -1.32788
11500 -0.0126826 0 -1.29937
11550 0.111642 0 -1.38352
11600 0.135128 0 -1.34161
11650 -0.0552697 0 -1.34173
11700 -0.00902781 0 -1.25347
11750 0.123527 0 -1.30891
11800 0.161094 0 -1.33553
11850 0.025002 0 -1.36922
11900 -0.134272 0 -1.35966
11950 -0.0541691 0 -1.34967
12000 0.0939852 0 -1.44779
12050 0.11417 0 -1.35418
12100 -0.0948504 0 -1.41346
12150 -0.0598306 0 -1.33889
12200 0.0802746 0 -1.35582
12250 0.150612 0 -1.38426
12300 -0.048261 0 -1.38323
12350 -0.184903 0 -1.35054
12400 -0.00285813 0 -1.30418
12450 0.101156 0 -1.41037
12500 0.0307918 0 -1.44555
12550 -0.167484 0 -1.38881
12600 -0.0776364 0 -1.26005
12650 0.0989245 0 -1.22807
12700 0.100807 0 -1.1183
12750 0.00413548 0 -1.07371
12800 -0.0967957 0 -1.09346
12850 0.0360799 0 -1.17281
12900 0.126412 0 -1.25966
12950 0.0919701 0 -1.28155
13000 -0.107543 0 -1.17552
13050 -0.0957962 0 -1.17945
13100 0.0648307 0 -1.33959
13150 0.11426 0 -1.35915
13200 -0.0606622 0 -1.34172
13250 -0.158619 0 -1.31847
13300 0.00177182 0 -1.3054
13350 0.0708937 0 -1.37607
13400 0.0248198 0 -1.33464
13450 -0.136328 0 -1.29444
13500 -0.171801 0 -1.30678
13550 -0.0681256 0 -1.33924
13600 0.0222793 0 -1.32905
13650 -0.169839 0 -1.38923
13700 -0.209944 0 -1.30839
13750 -0.0588518 0 -1.30339
13800 0.0790794 0 -1.42429
13850 0.0470042 0 -1.45501
13900 -0.125639 0 -1.42365
13950 -0.0825438 0 -1.3519
14000 0.0390469 0 -1.42524
14050 0.0698364 0 -1.39327
14100 -0.116566 0 -1.36992
14150 -0.172476 0 -1.31529
14200 -0.0072637 0 -1.33982
14250 0.12015 0 -1.40174
14300 -0.0267124 0 -1.40552
14350 -0.169601 0 -1.3409
14400 -0.0513041 0 -1.36383
14450 0.0687245 0 -1.41298
14500 0.067595 0 -1.36086
14550 -0.135768 0 -1.36648
14600 -0.101788 0 -1.34867
14650 0.0544209 0 -1.43125
14700 0.146549 0 -1.4281
14750 -0.0287955 0 -1.35674
14800 -0.155754 0 -1.3533
14850 0.0122563 0 -1.39714
14900 0.135678 0 -1.44356
14950 0.0263793 0 -1.40425
15000 -0.177459 0 -1.39542
15050 -0.0794084 0 -1.34105
15100 0.101901 0 -1.42061
15150 0.0951145 0 -1.40325
15200 -0.142199 0 -1.37531
15250 -0.142105 0 -1.34875
15300 0.00392635 0 -1.38858
15350 0.115307 0 -1.38647
15400 -0.0238209 0 -1.40104
15450 -0.197969 0 -1.33025
15500 -0.09201 0 -1.28873
15550 0.075133 0 -1.39983
15600 0.0208497 0 -1.35606
15650 -0.171489 0 -1.33454
15700 -0.194325 0 -1.20754
15750 -0.0569933 0 -1.26641
15800 0.0693402 0 -1.19605
15850 -0.128715 0 -1.22543
15900 -0.188631 0 -1.1416
15950 -0.137749 0 -0.991539
16000 -0.0706823 0 -0.923275
16050 -0.0552708 0 -0.880162
16100 -0.16134 0 -0.439303
16150 -0.28214 0 -0.252083
16200 -0.148642 0 -0.25472
16250 -0.188273 0 -0.162106
16300 -0.113148 0 -0.197243
16350 0.105782 0 -0.147364
16400 0.0416828 0 -0.145454
16450 -0.0225682 0 -0.158367
16500 -0.00464428 0 -0.141079
16550 -0.0261901 0 -0.122324
16600 -0.0199163 0 -0.126282
16650 -0.0108498 0 -0.132725
16700 -0.0250859 0 -0.130546
16750 -0.0214528 0 -0.118522
16800 -0.011445 0 -0.110464
16850 -0.01355 0 -0.115307
16900 -0.0108119 0 -0.113617
16950 -0.00613891 0 -0.109608
17000 -0.00702196 0 -0.111319
17050 -0.00919515 0 -0.115045
17100 -0.0230565 0 -0.118471
17150 -0.012452 0 -0.117676
17200 -0.00393723 0 -0.143914
17250 -0.00808448 0 -0.171773
17300 -6.80533e-05 0 -0.198522
17350 -0.0120627 0 -0.193261
17400 0.0165737 0 -0.173571
17450 0.0161515 0 -0.156896
