200 0 0 -0.122853
250 0 0 -0.125198
300 0 0 -0.117608
350 0 0 -0.12182
400 0 0 -0.117156
450 0 0 -0.217881
500 0 0 -0.341329
550 0 0 -0.439764
600 0 0 -0.817399
650 0 0 -1.04997
700 0 0 -0.964886
750 0 0 -0.98472
800 0 0 -1.10405
850 0 0 -1.18264
900 0 0 -1.11832
950 0 0 -1.128
1000 0 0 -1.1273
1050 0 0 -1.05063
1100 0 0 -1.0862
1150 0 0 -1.12546
1200 0 0 -1.13285
1250 0 0 -1.26423
1300 0 0 -1.26678
1350 0 0 -1.41268
1400 0 0 -1.33156
1450 0 0 -1.40995
1500 0 0 -1.34079
1550 0 0 -1.32756
1600 0 0 -1.24169
1650 0 0 -1.17983
1700 0 0 -1.22826
1750 0 0 -1.16652
1800 0 0 -1.1237
1850 0 0 -1.06612
1900 0 0 -1.18469
1950 0 0 -1.20233
2000 0 0 -1.18273
2050 0 0 -1.18562
2100 0 0 -1.19391
2150 0 0 -1.32455
2200 0 0 -1.29587
2250 0 0 -1.34744
2300 0 0 -1.21114
2350 0 0 -1.26588
2400 0 0 -1.30734
2450 0 0 -1.29637
2500 0 0 -1.28227
2550 0 0 -1.2314
2600 0 0 -1.24162
2650 0 0 -1.23753
2700 0 0 -1.24483
2750 0 0 -1.23
2800 0 0 -1.19596
2850 0 0 -1.28174
2900 0 0 -1.24795
2950 0 0 -1.35706
3000 0 0 -1.25794
3050 0 0 -1.25884
3100 0 0 -1.24936
3150 0 0 -1.22216
3200 0 0 -1.25113
3250 0 0 -1.19151
3300 0 0 -1.24241
3350 0 0 -1.21084
3400 0 0 -1.3026
3450 0 0 -1.30295
3500 0 0 -1.26677
3550 0 0 -1.37511
3600 0 0 -1.31939
3650 0 0 -1.32193
3700 0 0 -1.25676
3750 0 0 -1.25959
3800 0 0 -1.30701
3850 0 0 -1.25528
3900 0 0 -1.28324
3950 0 0 -1.31683
4000 0 0 -1.32464
4050 0 0 -1.25715
4100 0 0 -1.31955
4150 0 0 -1.24481
4200 0 0 -1.27508
4250 0 0 -1.27791
4300 0 0 -1.21909
4350 0 0 -1.26698
4400 0 0 -1.25159
4450 0 0 -1.31466
4500 0 0 -1.31338
4550 0 0 -1.27726
4600 0 0 -1.29753
4650 0 0 -1.25631
4700 0 0 -1.33898
4750 0 0 -1.2294
4800 0 0 -1.28053
4850 0 0 -1.23277
4900 0 0 -1.21703
4950 0 0 -1.2536
5000 0 0 -1.20667
5050 0 0 -1.30004
5100 0 0 -1.28592
5150 0 0 -1.30631
5200 0 0 -1.23291
5250 0 0 -1.24755
5300 0 0 -1.18501
5350 0 0 -1.15993
5400 0 0 -1.2984
5450 0 0 -1.22233
5500 0 0 -1.21197
5550 0 0 -1.2178
5600 0 0 -1.26699
5650 0 0 -1.35315
5700 0 0 -1.3263
5750 0 0 -1.30937
5800 0 0 -1.24103
5850 0 0 -1.24015
5900 0 0 -1.22234
5950 0 0 -1.20536
6000 0 0 -1.20649
6050 0 0 -1.17714
6100 0 0 -1.28447
6150 0 0 -1.21599
6200 0 0 -1.36148
6250 0 0 -1.2926
6300 0 0 -1.31328
6350 0 0 -1.28022
6400 0 0 -1.25153
6450 0 0 -1.25888
6500 0 0 -1.26624
6550 0 0 -1.31659
6600 0 0 -1.21584
6650 0 0 -1.2063
6700 0 0 -1.11655
6750 0 0 -1.05734
6800 0 0 -1.05535
6850 0 0 -1.07654
6900 0 0 -1.12141
6950 0 0 -1.0324
7000 0 0 -1.11426
7050 0 0 -1.04279
7100 0 0 -1.14902
7150 0 0 -1.16788
7200 0 0 -1.19429
7250 0 0 -1.31091
7300 0 0 -1.26859
7350 0 0 -1.35561
7400 0 0 -1.24156
7450 0 0 -1.32367
7500 0 0 -1.33271
7550 0 0 -1.35506
7600 0 0 -1.3621
7650 0 0 -1.33206
7700 0 0 -1.37316
7750 0 0 -1.3673
7800 0 0 -1.34994
7850 0 0 -1.31837
7900 0 0 -1.45095
7950 0 0 -1.37171
8000 0 0 -1.40134
8050 0 0 -1.31246
8100 0 0 -1.38167
8150 0 0 -1.33946
8200 0 0 -1.37564
8250 0 0 -1.30671
8300 0 0 -1.3278
8350 0 0 -1.35659
8400 0 0 -1.32401
8450 0 0 -1.30011
8500 0 0 -1.29788
8550 0 0 -1.39729
8600 0 0 -1.3595
8650 0 0 -1.39648
8700 0 0 -1.26409
8750 0 0 -1.31981
8800 0 0 -1.37076
8850 0 0 -1.42536
8900 0 0 -1.3707
8950 0 0 -1.33048
9000 0 0 -1.40663
9050 0 0 -1.41837
9100 0 0 -1.38501
9150 0 0 -1.32911
9200 0 0 -1.36289
9250 0 0 -1.4036
9300 0 0 -1.43842
9350 0 0 -1.34323
9400 0 0 -1.42631
9450 0 0 -1.39309
9500 0 0 -1.40675
9550 0 0 -1.33913
9600 0 0 -1.37514
9650 0 0 -1.38694
9700 0 0 -1.3586
9750 0 0 -1.42513
9800 0 0 -1.43463
9850 0 0 -1.43295
9900 0 0 -1.40005
9950 0 0 -1.42928
10000 0 0 -1.32587
10050 0 0 -1.40127
10100 0 0 -1.24318
10150 0 0 -1.13681
10200 0 0 -1.00449
10250 0 0 -0.825592
10300 0 0 -1.07343
10350 0 0 -0.668963
10400 0 0 -0.807261
10450 0 0 -0.846646
10500 0 0 -0.678934
10550 0 0 -0.542558
10600 0 0 -0.69008
10650 0 0 -0.636885
10700 0 0 -0.687787
10750 0 0 -0.844357
10800 0 0 -0.90599
10850 0 0 -1.06995
10900 0 0 -1.16124
10950 0 0 -1.17883
11000 0 0 -1.18564
11050 0 0 -1.25642
11100 0 0 -1.32083
11150 0 0 -1.20495
11200 0 0 -1.24273
11250 0 0 -1.23352
11300 0 0 -1.28797
11350 0 0 -1.32572
11400 0 0 -1.36292
11450 0 0 -1.33076
11500 0 0 -1.29943
11550 0 0 -1.38802
11600 0 0 -1.34812
11650 0 0 -1.3428
11700 0 0 -1.25343
11750 0 0 -1.31452
11800 0 0 -1.34522
11850 0 0 -1.36945
11900 0 0 -1.36627
11950 0 0 -1.35076
12000 0 0 -1.45084
12050 0 0 -1.35898
12100 0 0 -1.41664
12150 0 0 -1.34023
12200 0 0 -1.3582
12250 0 0 -1.39243
12300 0 0 -1.38407
12350 0 0 -1.36314
12400 0 0 -1.3043
12450 0 0 -1.41355
12500 0 0 -1.44666
12550 0 0 -1.39895
12600 0 0 -1.26244
12650 0 0 -1.23205
12700 0 0 -1.12284
12750 0 0 -1.07372
12800 0 0 -1.09905
12850 0 0 -1.17334
12900 0 0 -1.26587
12950 0 0 -1.28484
13000 0 0 -1.18043
13050 0 0 -1.18334
13100 0 0 -1.34116
13150 0 0 -1.36394
13200 0 0 -1.3428
13250 0 0 -1.32787
13300 0 0 -1.30537
13350 0 0 -1.37788
13400 0 0 -1.33487
13450 0 0 -1.30159
13500 0 0 -1.31803
13550 0 0 -1.34097
13600 0 0 -1.32937
13650 0 0 -1.39962
13700 0 0 -1.32507
13750 0 0 -1.30471
13800 0 0 -1.42648
13850 0 0 -1.45577
13900 0 0 -1.42918
13950 0 0 -1.35441
14000 0 0 -1.42577
14050 0 0 -1.39502
14100 0 0 -1.37487
14150 0 0 -1.32655
14200 0 0 -1.33984
14250 0 0 -1.40688
14300 0 0 -1.40577
14350 0 0 -1.35158
14400 0 0 -1.36515
14450 0 0 -1.41456
14500 0 0 -1.3626
14550 0 0 -1.37308
14600 0 0 -1.35251
14650 0 0 -1.43228
14700 0 0 -1.4356
14750 0 0 -1.35704
14800 0 0 -1.36234
14850 0 0 -1.39736
14900 0 0 -1.4499
14950 0 0 -1.40452
15000 0 0 -1.40666
15050 0 0 -1.3434
15100 0 0 -1.42426
15150 0 0 -1.40647
15200 0 0 -1.38291
15250 0 0 -1.35635
15300 0 0 -1.38832
15350 0 0 -1.39127
15400 0 0 -1.40124
15450 0 0 -1.3449
15500 0 0 -1.29201
15550 0 0 -1.40184
15600 0 0 -1.35642
15650 0 0 -1.34559
15700 0 0 -1.22299
15750 0 0 -1.26754
15800 0 0 -1.19806
15850 0 0 -1.23217
15900 0 0 -1.15708
15950 0 0 -1.00106
16000 0 0 -0.925976
16050 0 0 -0.881896
16100 0 0 -0.467993
16150 0 0 -0.37835
16200 0 0 -0.294918
16250 0 0 -0.248445
16300 0 0 -0.227393
16350 0 0 -0.1814
16400 0 0 -0.151337
16450 0 0 -0.164501
16500 0 0 -0.142999
16550 0 0 -0.126037
16600 0 0 -0.127843
16650 0 0 -0.133167
16700 0 0 -0.132934
16750 0 0 -0.120448
16800 0 0 -0.110785
16850 0 0 -0.116032
16900 0 0 -0.114145
16950 0 0 -0.109786
17000 0 0 -0.11154
17050 0 0 -0.115412
17100 0 0 -0.120693
17150 0 0 -0.118333
17200 0 0 -0.143868
17250 0 0 -0.171878
17300 0 0 -0.198495
17350 0 0 -0.193643
17400 0 0 -0.174361
17450 0 0 -0.157725
