200 -0.00198726 0 -0.122837
250 -0.00807446 0 -0.124937
300 -0.0198331 0 -0.115924
350 -0.00247018 0 -0.121795
400 0.00452136 0 -0.117069
450 -0.0233726 0 -0.216623
500 0.172015 0 -0.294816
550 0.0414916 0 -0.437802
600 -0.139218 0 -0.805456
650 -0.339358 0 -0.993619
700 -0.936728 0 0.231399
750 -0.172617 0 -0.969473
800 -0.0322731 0 -1.10358
850 -0.0901192 0 -1.1792
900 -0.172251 0 -1.10498
950 -0.125095 0 -1.12104
1000 0.0126002 0 -1.12723
1050 0.0129059 0 -1.05055
1100 -0.0818533 0 -1.08311
1150 -0.230683 0 -1.10156
1200 -0.0143848 0 -1.13023
1250 0.180317 0 -1.25256
1300 0.0639416 0 -1.26437
1350 -0.119743 0 -1.40806
1400 -0.0731908 0 -1.32955
1450 0.148609 0 -1.4021
1500 0.146306 0 -1.33278
1550 -0.0689145 0 -1.32577
1600 -0.115744 0 -1.23692
1650 0.00112884 0 -1.18052
1700 0.13822 0 -1.22063
1750 0.0417733 0 -1.16574
1800 -0.193451 0 -1.10692
1850 -0.138145 0 -1.05713
1900 0.00269052 0 -1.18468
1950 0.120997 0 -1.19622
2000 -0.0493883 0 -1.1817
2050 -0.158758 0 -1.17495
2100 0.00112847 0 -1.19391
2150 0.0995597 0 -1.3208
2200 0.11704 0 -1.29058
2250 -0.109227 0 -1.34301
2300 -0.159059 0 -1.20065
2350 -0.00187319 0 -1.26588
2400 0.107652 0 -1.30384
2450 -0.0592446 0 -1.29499
2500 -0.207507 0 -1.26547
2550 -0.111397 0 -1.22625
2600 0.0603891 0 -1.24015
2650 0.0624722 0 -1.23595
2700 -0.150359 0 -1.23572
2750 -0.237471 0 -1.20686
2800 -0.0526237 0 -1.19403
2850 0.0900521 0 -1.27754
2900 0.0987075 0 -1.24344
2950 -0.131869 0 -1.35042
3000 -0.209909 0 -1.24031
3050 -0.0800103 0 -1.25629
3100 0.0885659 0 -1.24622
3150 -0.0741894 0 -1.21991
3200 -0.243257 0 -1.2273
3250 -0.14705 0 -1.18203
3300 0.0267554 0 -1.24226
3350 0.0940576 0 -1.20719
3400 -0.143678 0 -1.29466
3450 -0.131368 0 -1.29632
3500 0.0181728 0 -1.26664
3550 0.12857 0 -1.36908
3600 0.0500285 0 -1.31863
3650 -0.130548 0 -1.31565
3700 -0.136063 0 -1.24926
3750 0.0361738 0 -1.25931
3800 0.11045 0 -1.30233
3850 -0.0670737 0 -1.25348
3900 -0.180409 0 -1.2705
3950 0.000288033 0 -1.31683
4000 0.146471 0 -1.31651
4050 0.0957597 0 -1.2535
4100 -0.0874611 0 -1.31665
4150 -0.13631 0 -1.23733
4200 -0.0148493 0 -1.27499
4250 0.127571 0 -1.27153
4300 0.0263806 0 -1.21881
4350 -0.147307 0 -1.25838
4400 -0.0826614 0 -1.24975
4450 0.138361 0 -1.30741
4500 0.123304 0 -1.30764
4550 -0.0414545 0 -1.27661
4600 -0.194419 0 -1.28288
4650 -0.0785484 0 -1.25385
4700 -0.0170479 0 -1.33887
4750 0.0946226 0 -1.22575
4800 -0.135353 0 -1.27348
4850 -0.227146 0 -1.21227
4900 -0.0151021 0 -1.21748
4950 0.103389 0 -1.2495
5000 0.024723 0 -1.20641
5050 -0.158044 0 -1.29039
5100 -0.0879494 0 -1.28291
5150 0.0602963 0 -1.30492
5200 0.106543 0 -1.22933
5250 -0.0895885 0 -1.24476
5300 -0.203371 0 -1.16741
5350 -0.0161231 0 -1.15961
5400 0.12844 0 -1.29203
5450 0.0862841 0 -1.21929
5500 -0.0646455 0 -1.21024
5550 -0.126273 0 -1.21123
5600 0.0229012 0 -1.26557
5650 0.0535863 0 -1.35207
5700 -0.0180358 0 -1.32507
5750 -0.221426 0 -1.2907
5800 -0.122485 0 -1.23497
5850 0.0630006 0 -1.23855
5900 0.0842382 0 -1.21944
5950 -0.144078 0 -1.19672
6000 -0.19589 0 -1.19048
6050 -0.04303 0 -1.17635
6100 0.11274 0 -1.27951
6150 0.106794 0 -1.21129
6200 -0.111114 0 -1.35693
6250 -0.140239 0 -1.28497
6300 0.000795633 0 -1.31328
6350 0.113444 0 -1.27519
6400 -0.0165678 0 -1.25125
6450 -0.151765 0 -1.24989
6500 -0.0221866 0 -1.26584
6550 0.0593004 0 -1.31551
6600 0.0697031 0 -1.21384
6650 -0.0942722 0 -1.20262
6700 -0.246505 0 -1.089
6750 -0.0334218 0 -1.05681
6800 0.0195269 0 -1.05571
6850 0.0305535 0 -1.07554
6900 -0.198444 0 -1.10384
6950 -0.197172 0 -1.01352
7000 -0.0768113 0 -1.11161
7050 -0.0231413 0 -1.04253
7100 -0.217743 0 -1.1282
7150 -0.193821 0 -1.15168
7200 -0.0211511 0 -1.19082
7250 0.122044 0 -1.30472
7300 0.0171534 0 -1.26754
7350 -0.205129 0 -1.34003
7400 -0.160613 0 -1.23113
7450 -0.0143159 0 -1.32359
7500 0.101768 0 -1.32882
7550 -0.115551 0 -1.35013
7600 -0.139861 0 -1.35464
7650 0.0138228 0 -1.33169
7700 0.150688 0 -1.36499
7750 0.106595 0 -1.36309
7800 -0.120481 0 -1.34456
7850 -0.0321737 0 -1.31798
7900 0.111432 0 -1.44667
7950 0.0790677 0 -1.36942
8000 -0.0886126 0 -1.39853
8050 -0.0863997 0 -1.30961
8100 0.109688 0 -1.37731
8150 0.136531 0 -1.33248
8200 -0.0896626 0 -1.37272
8250 -0.117473 0 -1.30142
8300 0.00887314 0 -1.32777
8350 0.138862 0 -1.34946
8400 -0.0213144 0 -1.32246
8450 -0.153808 0 -1.29147
8500 -0.0185447 0 -1.29743
8550 0.115518 0 -1.39271
8600 0.0698396 0 -1.35771
8650 -0.101142 0 -1.39281
8700 -0.100997 0 -1.26005
8750 0.069328 0 -1.31799
8800 0.13698 0 -1.36436
8850 -0.0323339 0 -1.42504
8900 -0.0925598 0 -1.36749
8950 -0.0430897 0 -1.32969
9000 0.0717283 0 -1.4048
9050 0.00455769 0 -1.41836
9100 -0.114967 0 -1.38023
9150 0.00938397 0 -1.32908
9200 0.0757793 0 -1.36079
9250 0.00271764 0 -1.4031
9300 -0.192916 0 -1.42548
9350 -0.0782308 0 -1.34094
9400 0.0750302 0 -1.42433
9450 0.10971 0 -1.38876
9500 -0.170555 0 -1.39637
9550 -0.12831 0 -1.33297
9600 0.0219137 0 -1.3731
9650 0.136684 0 -1.38053
9700 -0.00844246 0 -1.35734
9750 -0.140862 0 -1.41834
9800 0.0229393 0 -1.43445
9850 0.11285 0 -1.4285
9900 0.0285706 0 -1.39976
9950 -0.14277 0 -1.42213
10000 -0.082379 0 -1.32331
10050 0.0459902 0 -1.40052
10100 0.121551 0 -1.23722
10150 -0.15581 0 -1.12608
10200 -0.130347 0 -0.996001
10250 -0.074444 0 -0.822228
10300 -0.0638052 0 -1.07153
10350 -0.00990114 0 -0.66889
10400 -0.139042 0 -0.796626
10450 -0.217692 0 -0.817052
10500 -0.250817 0 -0.630912
10550 -0.0860074 0 -0.535737
10600 -0.0436177 0 -0.688701
10650 -0.161383 0 -0.616099
10700 -0.115789 0 -0.67797
10750 -0.126199 0 -0.834873
10800 -0.187063 0 -0.885255
10850 -0.0684454 0 -1.06807
10900 0.0787516 0 -1.15845
10950 -0.0674698 0 -1.177
11000 -0.291293 0 -1.1493
11050 -0.0810175 0 -1.2538
11100 0.0238132 0 -1.32062
11150 0.0755769 0 -1.20257
11200 -0.0999209 0 -1.23972
11250 -0.153956 0 -1.22373
11300 -0.00164868 0 -1.28892
11350 0.157622 0 -1.31652
11400 0.0634816 0 -1.36144
11450 -0.0875207 0 -1.32788
11500 -0.0126826 0 -1.29937
11550 0.111642 0 -1.38352
11600 0.136943 0 -1.34298
11650 -0.0550621 0 -1.34194
11700 -0.00861736 0 -1.25353
11750 0.123525 0 -1.30917
11800 0.161094 0 -1.33553
11850 0.025002 0 -1.36922
11900 -0.134272 0 -1.35966
11950 -0.0541691 0 -1.34967
12000 0.0939852 0 -1.44779
12050 0.11417 0 -1.35418
12100 -0.0948504 0 -1.41346
12150 -0.0598306 0 -1.33889
12200 0.0802746 0 -1.35582
12250 0.150612 0 -1.38426
12300 -0.048261 0 -1.38323
12350 -0.184903 0 -1.35054
12400 -0.00332467 0 -1.30342
12450 0.101221 0 -1.41054
12500 0.0308575 0 -1.4454
12550 -0.167461 0 -1.38885
12600 -0.0776364 0 -1.26005
12650 0.0989245 0 -1.22807
12700 0.100807 0 -1.1183
12750 0.00413548 0 -1.07371
12800 -0.094142 0 -1.09233
12850 0.0365026 0 -1.17316
12900 0.126474 0 -1.25972
12950 0.0920105 0 -1.28152
13000 -0.107543 0 -1.17552
13050 -0.0957962 0 -1.17945
13100 0.0648307 0 -1.33959
13150 0.11426 0 -1.35915
13200 -0.0596906 0 -1.34248
13250 -0.158387 0 -1.31859
13300 0.00157156 0 -1.30536
13350 0.0707569 0 -1.3761
13400 0.0248198 0 -1.33464
13450 -0.136328 0 -1.29444
13500 -0.171801 0 -1.30678
13550 -0.0681256 0 -1.33924
13600 0.0241969 0 -1.32914
13650 -0.16905 0 -1.38948
13700 -0.209557 0 -1.3084
13750 -0.0588107 0 -1.30328
13800 0.0790794 0 -1.42429
13850 0.0470042 0 -1.45501
13900 -0.125639 0 -1.42365
13950 -0.0825438 0 -1.3519
14000 0.0390469 0 -1.42524
14050 0.0698364 0 -1.39327
14100 -0.116566 0 -1.36992
14150 -0.172476 0 -1.31529
14200 -0.0072637 0 -1.33982
14250 0.12015 0 -1.40174
14300 -0.0267124 0 -1.40552
14350 -0.169601 0 -1.3409
14400 -0.0524602 0 -1.36375
14450 0.0688615 0 -1.41289
14500 0.0675429 0 -1.36084
14550 -0.135629 0 -1.36657
14600 -0.101788 0 -1.34867
14650 0.0544209 0 -1.43125
14700 0.146549 0 -1.4281
14750 -0.0287955 0 -1.35674
14800 -0.15607 0 -1.35347
14850 0.0120512 0 -1.39701
14900 0.135687 0 -1.44351
14950 0.0263769 0 -1.40419
15000 -0.177459 0 -1.39542
15050 -0.0794084 0 -1.34105
15100 0.101901 0 -1.42061
15150 0.0951145 0 -1.40325
15200 -0.141049 0 -1.37482
15250 -0.141954 0 -1.34843
15300 0.00369351 0 -1.38869
15350 0.11527 0 -1.38654
15400 -0.0238209 0 -1.40104
15450 -0.197969 0 -1.33025
15500 -0.09201 0 -1.28873
15550 0.075133 0 -1.39983
15600 0.0220231 0 -1.35743
15650 -0.171373 0 -1.33444
15700 -0.19388 0 -1.20789
15750 -0.057253 0 -1.2666
15800 0.0693402 0 -1.19605
15850 -0.128715 0 -1.22543
15900 -0.188631 0 -1.1416
15950 -0.137749 0 -0.991539
16000 -0.0706823 0 -0.923275
16050 -0.0552708 0 -0.880162
16100 -0.16134 0 -0.439303
16150 -0.28214 0 -0.252083
16200 -0.148642 0 -0.25472
16250 -0.188273 0 -0.162106
16300 -0.113148 0 -0.197243
16350 0.105782 0 -0.147364
16400 0.0391759 0 -0.148839
16450 -0.0247796 0 -0.160325
16500 -0.00570975 0 -0.141898
16550 -0.0265051 0 -0.122632
16600 -0.0199163 0 -0.126282
16650 -0.0108498 0 -0.132725
16700 -0.0250859 0 -0.130546
16750 -0.0214528 0 -0.118522
16800 -0.0119662 0 -0.110935
16850 -0.0137857 0 -0.115515
16900 -0.0108833 0 -0.113678
16950 -0.00615414 0 -0.10962
17000 -0.00702196 0 -0.111319
17050 -0.00919515 0 -0.115045
17100 -0.0230565 0 -0.118471
17150 -0.012452 0 -0.117676
17200 -0.00425189 0 -0.143427
17250 -0.00825247 0 -0.171567
17300 -0.000142702 0 -0.198499
17350 -0.0120892 0 -0.193264
17400 0.0165737 0 -0.173571
17450 0.0161515 0 -0.156896
