# Created at Thu Sep 28 15:21:32 CDT 2017
1917727002424460 1
1917727575269919 2
1917728108595115 3
1917728681440574 4
1917729274000388 5
1917729846876365 6
1917730380140525 7
1917730933271628 8
1917731486341697 9
1917732039442283 10
1917732671461326 11
1917733244306785 12
1917733856672507 13
1917734370191794 14
1917734943037253 15
1917735535627585 16
1917736128217917 17
1917736701034418 18
1917737293624750 19
1917737866439691 20
1917738439285150 21
1917739012130609 22
1917739604690424 23
1917740157791010 24
1917740730636469 25
1917741283676019 26
1917741896041742 27
1917742449081293 28
1917743041732660 29
1917743634261957 30
1917744207076898 31
1917744779952875 32
1917745352767816 33
1917745925613275 34
1917746498431608 35
1917747071246549 36
1917747683581754 37
1917748256427213 38
1917748809497281 39
1917749402087614 40
1917749994708463 41
1917750547748014 42
1917751120593473 43
1917751673694059 44
1917752246509000 45
1917752819323942 46
1917753431659147 47
1917753984759733 48
1917754537921354 49
1917755110705778 50
1917755683520719 51
1917756256396696 52
1917756848974654 53
1917757303259322 54
1917757955084273 55
1917758527960250 56
1917759100805709 57
1917759673590133 58
1917760246435592 59
1917760799505660 60
1917761332891890 61
1917761866247603 62
1917762379766890 63
1917762893347213 64
1917763426672408 65
1917763960028121 66
1917764513098189 67
1917765046423384 68
1917765639044234 69
1917766172338912 70
1917766705670998 71
1917767258741066 72
1917767792066261 73
1917768325360939 74
1917768858716652 75
1917769411786720 76
1917769945172951 77
1917770478467629 78
1917771011823341 79
1917771564923927 80
1917772117963478 81
1917772631513283 82
1917773164868996 83
1917773678449318 84
1917774271070168 85
1917774903150246 86
1917775653760597 87
1917775910535500 88
1917776384595558 89
1917777253744969 90
1917777767325292 91
1917778399466405 92
1917778952566991 93
1917779525320897 94
1917780078452001 95
1917780631522069 96
1917781184592137 97
1917781737753758 98
1917782290823827 99
1917782843893895 100
1917783377219090 101
1917783910574803 102
1917784463614354 103
1917784996970067 104
1917785550070653 105
1917786142630467 106
1917786675951710 107
1917787248797169 108
1917787821673145 109
1917788394518604 110
1917788927813282 111
1917789500658741 112
1917790073473682 113
1917790626574268 114
1917791179674854 115
1917791732775440 116
1917792266100635 117
1917792819170704 118
1917793352526417 119
1917793905596485 120
1917794458697071 121
1917795011767139 122
1917795564867725 123
1917796098223438 124
1917796651315697 125
1917797184640892 126
1917797737741478 127
1917798290781029 128
1917798824136742 129
1917799377206810 130
1917799910593041 131
1917800463663109 132
1917801016794213 133
1917801550088890 134
1917802103189476 135
1917802715494164 136
1917803229135521 137
