200 -0.00995633 0 0.0458093
250 -0.00311172 0 0.0244988
300 -0.00910485 0 0.0169653
350 -0.00651069 0 0.00319857
400 -0.0108626 0 0.00315643
450 -0.014535 0 0.0132998
500 -0.0110286 0 0.015958
550 -0.0109237 0 0.0149961
600 -0.0102253 0 0.0145926
650 -0.0064746 0 0.0218365
700 -0.00928852 0 0.0122451
750 -0.0214647 0 -0.133704
800 -0.333649 0 -0.151459
850 0.0183243 0 -0.390105
900 0.348725 0 -0.75762
950 0.650691 0 -1.09954
1000 0.368904 0 -1.0893
1050 0.147368 0 -0.972198
1100 0.316039 0 -0.874045
1150 0.643041 0 -1.05821
1200 0.414582 0 -1.02934
1250 0.365903 0 -1.04558
1300 0.388273 0 -1.03895
1350 0.435477 0 -1.05091
1400 0.402881 0 -1.05023
1450 0.399856 0 -1.05132
1500 0.374962 0 -1.04491
1550 0.385827 0 -0.996795
1600 0.418256 0 -1.03436
1650 0.409557 0 -1.04552
1700 0.35827 0 -1.06378
1750 0.361741 0 -1.02339
1800 0.402387 0 -1.05329
1850 0.401931 0 -1.05385
1900 0.397865 0 -1.05857
1950 0.372209 0 -1.04084
2000 0.405694 0 -1.05418
2050 0.412258 0 -1.05507
2100 0.397889 0 -1.06159
2150 0.345844 0 -1.04335
2200 0.400062 0 -1.0363
2250 0.592929 0 -1.08269
2300 0.504135 0 -1.21325
2350 0.179037 0 -1.22496
2400 0.399676 0 -1.04982
2450 0.440904 0 -1.06701
2500 0.429307 0 -1.07965
2550 0.317877 0 -1.12809
2600 0.401497 0 -1.05275
2650 0.402595 0 -1.05297
2700 0.404946 0 -1.05553
2750 0.388349 0 -1.06326
2800 0.401551 0 -1.05278
2850 0.401419 0 -1.05144
2900 0.404872 0 -1.05325
2950 0.380061 0 -1.07728
3000 0.401303 0 -1.05241
3050 0.400818 0 -1.04578
3100 0.434756 0 -1.06496
3150 0.353265 0 -1.11781
3200 0.39776 0 -1.05373
3250 0.413944 0 -1.05487
3300 0.524342 0 -1.13282
3350 0.407234 0 -1.18934
3400 0.397463 0 -1.0614
3450 0.409008 0 -1.05345
3500 0.439401 0 -1.06218
3550 0.414534 0 -1.07959
3600 0.401497 0 -1.05425
3650 0.402282 0 -1.05309
3700 0.40763 0 -1.05586
3750 0.412235 0 -1.06408
3800 0.401602 0 -1.05284
3850 0.40154 0 -1.05279
3900 0.401964 0 -1.05271
3950 0.411352 0 -1.06021
4000 0.401581 0 -1.05282
4050 0.401528 0 -1.05275
4100 0.400973 0 -1.05069
4150 0.4142 0 -1.06191
4200 0.400737 0 -1.05061
4250 0.397095 0 -1.05136
4300 0.39666 0 -1.04089
4350 0.561232 0 -1.09927
4400 0.406089 0 -1.05587
4450 0.315231 0 -1.09835
4500 0.365982 0 -1.00622
4550 0.665886 0 -1.12044
4600 0.409859 0 -1.0469
4650 0.360054 0 -1.03734
4700 0.345982 0 -1.00686
4750 0.493588 0 -1.00977
4800 0.40189 0 -1.04004
4850 0.397197 0 -1.04627
4900 0.38516 0 -1.04768
4950 0.430721 0 -1.02515
5000 0.439774 0 -1.03775
5050 0.406581 0 -1.08203
5100 0.289266 0 -1.08997
5150 0.360296 0 -0.968494
5200 0.422702 0 -1.06243
5250 0.408419 0 -1.07069
5300 0.312501 0 -1.08028
5350 0.334134 0 -1.02262
5400 0.401803 0 -1.05297
5450 0.401925 0 -1.05351
5500 0.400214 0 -1.05375
5550 0.381926 0 -1.04385
5600 0.401695 0 -1.05291
5650 0.401784 0 -1.05311
5700 0.400861 0 -1.0539
5750 0.386828 0 -1.05039
5800 0.401249 0 -1.05233
5850 0.407509 0 -1.05336
5900 0.393625 0 -1.06642
5950 0.335723 0 -1.04394
6000 0.398023 0 -1.03178
6050 0.509884 0 -1.08944
6100 0.390353 0 -1.07129
6150 0.276323 0 -0.938661
6200 0.374001 0 -1.00389
6250 0.350782 0 -0.89603
6300 0.249736 0 -0.636396
6350 0.0264695 0 -0.296997
6400 -0.98946 0 0.676554
6450 -0.811163 0 0.449147
6500 -0.74327 0 0.156112
6550 -0.331081 0 -0.326078
6600 0.576319 0 -0.970841
6650 -0.59724 0 0.152672
6700 -0.460394 0 0.206813
6750 -0.224338 0 -0.00424134
6800 0.372626 0 -0.994357
6850 0.303246 0 -0.825548
6900 0.0766798 0 -0.446227
6950 -0.553637 0 0.05382
7000 0.3963 0 -1.04582
7050 0.380989 0 -0.997805
7100 0.327433 0 -0.85852
7150 -0.955169 0 0.292938
7200 0.40158 0 -1.05282
7250 0.40158 0 -1.05282
7300 0.401576 0 -1.0528
7350 0.400093 0 -1.04842
7400 0.40158 0 -1.05282
7450 0.40158 0 -1.05282
7500 0.401575 0 -1.0528
7550 0.396781 0 -1.03947
7600 0.401563 0 -1.05281
7650 0.401343 0 -1.05186
7700 0.40237 0 -1.04453
7750 0.34652 0 -1.03092
7800 0.40097 0 -1.05193
7850 0.39937 0 -1.04787
7900 0.402955 0 -1.04063
7950 0.405367 0 -1.03554
8000 0.398597 0 -1.05292
8050 0.391726 0 -1.04427
8100 0.565596 0 -1.1008
8150 0.564851 0 -1.16341
8200 0.395665 0 -1.04846
8250 0.389074 0 -1.03884
8300 0.425799 0 -1.02956
8350 0.506312 0 -1.09331
8400 0.398539 0 -1.04911
8450 0.389036 0 -1.04668
8500 0.401701 0 -1.02419
8550 0.539828 0 -1.09553
8600 0.39961 0 -1.05132
8650 0.34149 0 -1.01827
8700 0.354699 0 -0.99346
8750 0.513261 0 -1.05189
8800 0.401022 0 -1.05182
8850 0.400393 0 -1.05162
8900 0.396425 0 -1.04748
8950 0.41073 0 -1.01787
9000 0.398458 0 -1.04111
9050 0.396293 0 -1.05001
9100 0.384507 0 -1.0584
9150 0.416058 0 -1.04498
9200 0.486465 0 -1.09592
9250 0.399769 0 -1.12459
9300 0.239321 0 -1.10755
9350 0.368274 0 -1.02449
9400 0.417462 0 -1.06291
9450 0.404051 0 -1.07269
9500 0.346251 0 -1.08301
9550 0.346054 0 -1.0061
9600 0.401642 0 -1.05286
9650 0.401749 0 -1.05323
9700 0.400081 0 -1.0544
9750 0.388989 0 -1.0449
9800 0.401588 0 -1.05282
9850 0.401599 0 -1.05285
9900 0.401505 0 -1.05292
9950 0.397464 0 -1.05254
10000 0.402116 0 -1.05309
10050 0.407396 0 -1.0554
10100 0.391864 0 -1.07329
10150 0.343657 0 -1.05397
10200 0.409152 0 -1.04317
10250 0.509581 0 -1.12407
10300 0.380644 0 -1.21563
10350 0.24291 0 -1.11492
10400 0.400065 0 -1.04796
10450 0.460532 0 -1.0603
10500 0.412296 0 -1.07358
10550 0.321844 0 -1.08661
10600 0.400717 0 -1.0514
10650 0.408543 0 -1.05517
10700 0.411503 0 -1.0588
10750 0.360131 0 -1.07921
10800 0.401549 0 -1.05278
10850 0.401619 0 -1.05254
10900 0.403828 0 -1.05372
10950 0.392683 0 -1.06435
11000 0.401179 0 -1.05206
11050 0.398137 0 -1.04124
11100 0.424472 0 -1.05713
11150 0.37388 0 -1.10496
11200 0.395056 0 -1.055
11250 0.41275 0 -1.05257
11300 0.554634 0 -1.11424
11350 0.381371 0 -1.14337
11400 0.392182 0 -1.07075
11450 0.392382 0 -1.02441
11500 0.511406 0 -1.10348
11550 0.491112 0 -1.12225
11600 0.402027 0 -1.05419
11650 0.400203 0 -1.05181
11700 0.407377 0 -1.04985
11750 0.449479 0 -1.08412
11800 0.401513 0 -1.05269
11850 0.400896 0 -1.05215
11900 0.400095 0 -1.04598
11950 0.421553 0 -1.06016
12000 0.400721 0 -1.05059
12050 0.394349 0 -1.04819
12100 0.400689 0 -1.03696
12150 0.559083 0 -1.12656
12200 0.375075 0 -1.08941
12250 0.283208 0 -1.04541
12300 0.374644 0 -0.94006
12350 0.625682 0 -1.10506
12400 0.399679 0 -1.06367
12450 0.330246 0 -1.07037
12500 0.39097 0 -1.02507
12550 0.634902 0 -1.15824
12600 0.401764 0 -1.05383
12650 0.394917 0 -1.05204
12700 0.390057 0 -1.0415
12750 0.443399 0 -1.05428
12800 0.401538 0 -1.05274
12850 0.401462 0 -1.05265
12900 0.399894 0 -1.05001
12950 0.392955 0 -1.01148
13000 0.380394 0 -1.00419
13050 0.367458 0 -0.940526
13100 -1.05211 0 0.460058
13150 -0.929401 0 0.437744
13200 0.401487 0 -1.04866
13250 0.397092 0 -1.03797
13300 -0.83341 0 0.438085
13350 -0.53251 0 0.172461
13400 0.402618 0 -1.03975
13450 0.39276 0 -1.01816
13500 -0.775286 0 0.433616
13550 -0.535686 0 0.197188
13600 0.403704 0 -1.04816
13650 0.398497 0 -1.03929
13700 0.367685 0 -0.99115
13750 -0.842619 0 0.294035
13800 0.384071 0 -0.998626
13850 0.370112 0 -0.975721
13900 0.357085 0 -0.939292
13950 -0.801857 0 0.278146
14000 0.40158 0 -1.05282
14050 0.40158 0 -1.05282
14100 0.401576 0 -1.0528
14150 0.400047 0 -1.04799
14200 0.40158 0 -1.05282
14250 0.40158 0 -1.05282
14300 0.401569 0 -1.05277
14350 0.39487 0 -1.03261
14400 0.401563 0 -1.05281
14450 0.400946 0 -1.05131
14500 0.388431 0 -1.01101
14550 0.255307 0 -0.650298
14600 0.39672 0 -1.04697
14650 0.375656 0 -0.987354
