# Created at Fri Mar 09 11:18:18 CST 2018
2314398383793786 1
2314398917149499 2
2314399450535729 3
2314399983921960 4
2314400517277672 5
2314401030888512 6
2314401564274743 7
2314402058079674 8
2314402532170251 9
2314403105076745 10
2314403598955319 11
2314404112505123 12
2314404645860836 13
2314405139726803 14
2314405653368160 15
2314406147203610 16
2314406680559322 17
2314407214006588 18
2314407688066647 19
2314408280656979 20
2314408814012692 21
2314409347368404 22
2314409860979244 23
2314410394365475 24
2314410927721188 25
2314411461076901 26
2314411994463131 27
2314412547624752 28
2314413100725338 29
2314413614318111 30
2314414147643306 31
2314414641478755 32
2314415194609859 33
2314415727965572 34
2314416261351802 35
2314416814482906 36
2314417328093746 37
2314417881194332 38
2314418473845699 39
2314419046691158 40
2314419599822261 41
2314420133208492 42
2314420666594722 43
2314421199919918 44
2314421733275630 45
2314422286406734 46
2314422800048091 47
2314423333403804 48
2314423886489367 49
2314424439620471 50
2314424953231311 51
2314425486556506 52
2314426019973254 53
2314426533553576 54
2314427086715197 55
2314427620070910 56
2314428173171496 57
2314428706588244 58
2314429239913439 59
2314429793075061 60
2314430346175646 61
2314430879561877 62
2314431393142199 63
2314431926528430 64
2314432459884143 65
2314433013045764 66
2314433566156397 67
2314434099542627 68
2314434632928858 69
2314435166284571 70
2314435719415674 71
2314436272485743 72
2314436845422754 73
2314437438013086 74
2314437971460352 75
2314438425775538 76
2314439077631006 77
2314439650537501 78
2314440183862696 79
2314440796289454 80
2314441349390040 81
2314441902551661 82
2314442435876856 83
2314442989068995 84
2314443542095577 85
2314444115002071 86
2314444707622921 87
2314445320019161 88
2314445873150265 89
2314446465740597 90
2314447018871700 91
2314447591747677 92
2314448204174434 93
2314448757336056 94
2314449349895870 95
2314449922802364 96
2314450515423214 97
2314451068554317 98
2314451641399776 99
2314452234051143 100
2314452787151729 101
2314453379870937 102
2314453913196132 103
2314454466327236 104
2314455058978603 105
2314455612109707 106
2314456046680019 107
