200 0.014646 0 -0.0227446
250 0.0121384 0 -0.0243977
300 0.00490384 0 0.00423348
350 0.00933975 0 -0.0100443
400 0.0034017 0 -0.0111745
450 0.00260792 0 -0.0229779
500 0.00584646 0 -0.00594722
550 0.00735206 0 0.000869685
600 0.0105864 0 -0.0174049
650 0.0084698 0 -0.0364646
700 -0.026852 0 -0.0948828
750 -0.00270401 0 -0.16653
800 0.0200969 0 -0.284041
850 0.176855 0 -0.672716
900 0.338957 0 -1.22713
950 0.364997 0 -1.07231
1000 0.181182 0 -0.906419
1050 0.289682 0 -0.776151
1100 0.395599 0 -0.813613
1150 0.405873 0 -0.867624
1200 0.260009 0 -0.90322
1250 0.238443 0 -0.817946
1300 0.344764 0 -0.774529
1350 0.448206 0 -0.863002
1400 0.332595 0 -0.899226
1450 0.24441 0 -0.862563
1500 0.320495 0 -0.768241
1550 0.423276 0 -0.827656
1600 0.382963 0 -0.843962
1650 0.270843 0 -0.847712
1700 0.301937 0 -0.76234
1750 0.389631 0 -0.800105
1800 0.407004 0 -0.84379
1850 0.292114 0 -0.867559
1900 0.268182 0 -0.803158
1950 0.359462 0 -0.771739
2000 0.431029 0 -0.837458
2050 0.328796 0 -0.834092
2100 0.288822 0 -0.812638
2150 0.322394 0 -0.740042
2200 0.402222 0 -0.804911
2250 0.391407 0 -0.827378
2300 0.276197 0 -0.839551
2350 0.295746 0 -0.752184
2400 0.369768 0 -0.77024
2450 0.392152 0 -0.805305
2500 0.29677 0 -0.850363
2550 0.198613 0 -0.859046
2600 0.347554 0 -0.786805
2650 0.483758 0 -0.919924
2700 0.353988 0 -0.866058
2750 0.226475 0 -0.85557
2800 0.287454 0 -0.784004
2850 0.457676 0 -0.899512
2900 0.431944 0 -0.924183
2950 0.242985 0 -0.984484
3000 0.28444 0 -0.782375
3050 0.354805 0 -0.777745
3100 0.410461 0 -0.855871
3150 0.312201 0 -0.867382
3200 0.225329 0 -0.86018
3250 0.344801 0 -0.783502
3300 0.474119 0 -0.899781
3350 0.356868 0 -0.880265
3400 0.233379 0 -0.837168
3450 0.301227 0 -0.731643
3500 0.365871 0 -0.76827
3550 0.363613 0 -0.789082
3600 0.288906 0 -0.804118
3650 0.273867 0 -0.769242
3700 0.325409 0 -0.759014
3750 0.388319 0 -0.837155
3800 0.318662 0 -0.819588
3850 0.257847 0 -0.861043
3900 0.314167 0 -0.761261
3950 0.431722 0 -0.845804
4000 0.395502 0 -0.854081
4050 0.240857 0 -0.879114
4100 0.287935 0 -0.784409
4150 0.39191 0 -0.807497
4200 0.430819 0 -0.875836
4250 0.298675 0 -0.897539
4300 0.222716 0 -0.882544
4350 0.341588 0 -0.76018
4400 0.445282 0 -0.86171
4450 0.354591 0 -0.860336
4500 0.271602 0 -0.818714
4550 0.31522 0 -0.759808
4600 0.421367 0 -0.827645
4650 0.39464 0 -0.849499
4700 0.279989 0 -0.854445
4750 0.286607 0 -0.772877
4800 0.391046 0 -0.794246
4850 0.440029 0 -0.858983
4900 0.299442 0 -0.873873
4950 0.240259 0 -0.852737
5000 0.345913 0 -0.75839
5050 0.415105 0 -0.827278
5100 0.359017 0 -0.84082
5150 0.243244 0 -0.842994
5200 0.298007 0 -0.742116
5250 0.406276 0 -0.796116
5300 0.409546 0 -0.876256
5350 0.272985 0 -0.911801
5400 0.268544 0 -0.786729
5450 0.362681 0 -0.776871
5500 0.420671 0 -0.841024
5550 0.321284 0 -0.846536
5600 0.233877 0 -0.860378
5650 0.34303 0 -0.754907
5700 0.407894 0 -0.81522
5750 0.350318 0 -0.807805
5800 0.276524 0 -0.79192
5850 0.311367 0 -0.743595
5900 0.387169 0 -0.782979
5950 0.404845 0 -0.862708
6000 0.276684 0 -0.889834
6050 0.292412 0 -0.77213
6100 0.377388 0 -0.7767
6150 0.389531 0 -0.81157
6200 0.312148 0 -0.833991
6250 0.217834 0 -0.918453
6300 0.347974 0 -0.805071
6350 0.442005 0 -0.875455
6400 0.325857 0 -0.840601
6450 0.266172 0 -0.798185
6500 0.309809 0 -0.748473
6550 0.426985 0 -0.842458
6600 0.412089 0 -0.919809
6650 0.266241 0 -0.848543
6700 0.304385 0 -0.760679
6750 0.36716 0 -0.764975
6800 0.379982 0 -0.788127
6850 0.311258 0 -0.855751
6900 0.253558 0 -0.848887
6950 0.341026 0 -0.750187
7000 0.38928 0 -0.785132
7050 0.345589 0 -0.777756
7100 0.245722 0 -0.793158
7150 0.291405 0 -0.784112
7200 0.432766 0 -0.865071
7250 0.432622 0 -0.897271
7300 0.280701 0 -0.878629
7350 0.284344 0 -0.781427
7400 0.366026 0 -0.778828
7450 0.447715 0 -0.87457
7500 0.322205 0 -0.841982
7550 0.23875 0 -0.864909
7600 0.33142 0 -0.765731
7650 0.44592 0 -0.87484
7700 0.362854 0 -0.881709
7750 0.27534 0 -0.806961
7800 0.313416 0 -0.720661
7850 0.367866 0 -0.76043
7900 0.367912 0 -0.789279
7950 0.293419 0 -0.814561
8000 0.299603 0 -0.75772
8050 0.364323 0 -0.763776
8100 0.374834 0 -0.774267
8150 0.321571 0 -0.786758
8200 0.260055 0 -0.814263
8250 0.337916 0 -0.738224
8300 0.373652 0 -0.773421
8350 0.336441 0 -0.764496
8400 0.28376 0 -0.755839
8450 0.312241 0 -0.733491
8500 0.384519 0 -0.789079
8550 0.365192 0 -0.775887
8600 0.292264 0 -0.820088
8650 0.283882 0 -0.790967
8700 0.372157 0 -0.781357
8750 0.443232 0 -0.850916
8800 0.321064 0 -0.81324
8850 0.27326 0 -0.832872
8900 0.323535 0 -0.733413
8950 0.417825 0 -0.809357
9000 0.374421 0 -0.837511
9050 0.259807 0 -0.799457
9100 0.300632 0 -0.742166
9150 0.372789 0 -0.762616
9200 0.398371 0 -0.80491
9250 0.310988 0 -0.906141
9300 0.283391 0 -0.765329
9350 0.331692 0 -0.725984
9400 0.387058 0 -0.788584
9450 0.335332 0 -0.778747
9500 0.274147 0 -0.813774
9550 0.30986 0 -0.720346
9600 0.373147 0 -0.764024
9650 0.384159 0 -0.81573
9700 0.294798 0 -0.872063
9750 0.289517 0 -0.748613
9800 0.340809 0 -0.737584
9850 0.376898 0 -0.782378
9900 0.31834 0 -0.812646
9950 0.261373 0 -0.862968
10000 0.367973 0 -0.799829
10050 0.435137 0 -0.849355
10100 0.353366 0 -0.823832
10150 0.206184 0 -0.813624
10200 0.274816 0 -0.813524
10250 0.490071 0 -0.93289
10300 0.504232 0 -1.03896
10350 0.252362 0 -0.981792
10400 0.248644 0 -0.816556
10450 0.335128 0 -0.76478
10500 0.423642 0 -0.880292
10550 0.331143 0 -0.910297
10600 0.256494 0 -0.857343
10650 0.314853 0 -0.742703
10700 0.434658 0 -0.833983
10750 0.383823 0 -0.868746
10800 0.258589 0 -0.820195
10850 0.289491 0 -0.769537
10900 0.406485 0 -0.817342
10950 0.424594 0 -0.861898
11000 0.290196 0 -0.963976
11050 0.230571 0 -0.854112
11100 0.337626 0 -0.753251
11150 0.464857 0 -0.893492
11200 0.347416 0 -0.87221
11250 0.262822 0 -0.831076
11300 0.306171 0 -0.738414
11350 0.394115 0 -0.791481
11400 0.392954 0 -0.82936
11450 0.272373 0 -0.917459
11500 0.292401 0 -0.764554
11550 0.362212 0 -0.763743
11600 0.431234 0 -0.846811
11650 0.323295 0 -0.792989
11700 0.288152 0 -0.777131
11750 0.326158 0 -0.72033
11800 0.37555 0 -0.760827
11850 0.36183 0 -0.784773
11900 0.281102 0 -0.820469
11950 0.306007 0 -0.737496
12000 0.354608 0 -0.744219
12050 0.372311 0 -0.767157
12100 0.311109 0 -0.783023
12150 0.280912 0 -0.795941
12200 0.342228 0 -0.745841
12250 0.361194 0 -0.750983
12300 0.333376 0 -0.724142
12350 0.276715 0 -0.720578
12400 0.298195 0 -0.716398
12450 0.345465 0 -0.729357
12500 0.382656 0 -0.777073
12550 0.305932 0 -0.795804
12600 0.200978 0 -0.795775
12650 0.294941 0 -0.668214
12700 0.321991 0 -0.573888
12750 0.197759 0 -0.356742
12800 -0.00228334 0 0.0323538
12850 -0.00784431 0 0.00294014
12900 0.0644283 0 -0.0540316
12950 -0.039083 0 -0.0198961
13000 0.113697 0 -0.0505761
13050 0.0774965 0 -0.0621991
13100 0.00811201 0 0.0797885
13150 0.0187623 0 0.00804146
13200 0.0278169 0 -0.148973
13250 -0.0635979 0 -0.155758
13300 0.125175 0 -0.206517
13350 -0.313737 0 0.0171601
13400 0.0278627 0 0.000191513
13450 0.0446091 0 -0.0538716
13500 0.00724567 0 0.0138031
13550 0.0203367 0 -0.048909
13600 0.00282542 0 -0.0241801
13650 -0.0150883 0 -0.0154951
13700 0.0447007 0 -0.0726096
13750 0.0500524 0 -0.0728172
13800 0.0646426 0 -0.0359008
13850 0.0865972 0 0.0323779
13900 0.0927393 0 0.0333197
13950 0.0838761 0 0.060417
