# Created at Sun Sep 17 16:37:34 CDT 2017
971887265286979 1
971887522153434 2
971888904784888 3
971889477569312 4
971889991119116 5
971890544219702 6
971891057800024 7
971891610870093 8
971892104705542 9
971892381286353 10
971892697234839 11
971893151641577 12
971893487365454 13
971894237975806 14
971894771301001 15
971895265105933 16
971895818237036 17
971896312011450 18
971896845367163 19
971897319396704 20
971897852721899 21
971898346538696 22
971898879863891 23
971899373668823 24
971899906994018 25
971900440349731 26
971900953899536 27
971901447734985 28
971902020580444 29
971902474865112 30
971903027935180 31
971903502025756 32
971904035350952 33
971904529216918 34
971904805706176 35
971905576122436 36
971905872387084 37
971906642711791 38
971907195842895 39
971907650158080 40
971908223018963 41
971908736568768 42
971909269893963 43
971909783474285 44
971910316829998 45
971910830410320 46
971911403255779 47
971911897030193 48
971912469906170 49
971912963680584 50
971913536526043 51
971914050106365 52
971914603237469 53
971915116756756 54
971915669857342 55
971916163662273 56
971916736538250 57
971917190853436 58
971917743923504 59
971918237750925 60
971918830341257 61
971919304401316 62
971919857471384 63
971920371051706 64
971920924121775 65
971921398242868 66
971921951312937 67
971922445148386 68
971922741413034 69
971923551288523 70
971923827808298 71
971924163623728 72
971924637683786 73
971924933978952 74
971925230274118 75
971925724079050 76
971926020404734 77
971926277210154 78
971926771045603 79
971927324085154 80
971927837695993 81
971928450013806 82
971928983308483 83
971929516664196 84
971930069734265 85
971930741365124 86
971930998109509 87
971931333924938 88
971931630220104 89
971931966035534 90
971932479585339 91
971933151246716 92
971933704316784 93
971934277131725 94
