# Created at Wed Mar 07 11:31:58 CST 2018
2142421629948322 1
2142423703977439 2
2142424039762351 3
2142424731107566 4
2142425047147605 5
2142425758237693 6
2142426094053123 7
2142426785428855 8
2142427121213767 9
2142427812589500 10
2142428148343894 11
2142428839689109 12
2142429155759666 13
2142429866880271 14
2142430182920310 15
2142430894010398 16
2142431210050437 17
2142431921201560 18
2142432256955955 19
2142432968076560 20
2142433303863822 21
2142434034759818 22
2142434370544730 23
2142435101410208 24
2142435654510794 25
2142436148315726 26
2142436503845511 27
2142437234710990 28
2142437570556937 29
2142438301452933 30
2142438637237845 31
2142439348297415 32
2142439684082327 33
2142440395202933 34
2142440750793753 35
2142441461883841 36
2142441797699271 37
2142442508789359 38
2142442844665824 39
2142443516192610 40
2142444069262679 41
2142444523608382 42
2142444839678938 43
2142445590289290 44
2142445906329329 45
2142446637194807 46
2142446953234846 47
2142447684130843 48
2142448039721663 49
2142448790301497 50
2142449126147444 51
2142449856951888 52
2142450192767317 53
2142450943408186 54
2142451298968489 55
2142452010058577 56
2142452345843489 57
2142453056998580 58
2142453412589400 59
2142454103873580 60
2142454439689010 61
2142455170585006 62
2142455506400436 63
2142456256980270 64
2142456810080856 65
2142457343406051 66
2142457679251998 67
2142458410117477 68
2142458765647262 69
2142459496512740 70
2142459832358688 71
2142460582969039 72
2142461155814498 73
2142461689139693 74
2142462044699996 75
2142462795310348 76
2142463131109774 77
2142463901495517 78
2142464296545565 79
2142465007696688 80
2142465343481601 81
2142466054632724 82
2142466607702792 83
2142467101507724 84
2142467654638827 85
2142468148443759 86
2142468701574862 87
2142469175665438 88
2142469590460360 89
2142470321386874 90
2142470657141269 91
2142471407751620 92
2142471960852206 93
2142472474463046 94
2142472810247958 95
2142473560884493 96
2142473896669405 97
2142474686800020 98
2142475042390841 99
2142475891786593 100
2142476227571505 101
2142476997957247 102
2142477551027315 103
2142478064607638 104
2142478420198458 105
2142479190614718 106
2142479526369112 107
2142480277009981 108
2142480632631319 109
2142481363466280 110
2142481718996065 111
2142482449892061 112
2142482825227755 113
2142483714169789 114
2142484227750112 115
2142484840115834 116
2142485235135366 117
2142490153775502 118
2142490687131215 119
2142491200711538 120
2142491753812123 121
2142492247617055 122
2142492583463002 123
2142493294574288 124
2142493630389718 125
2142494381030587 126
2142494736560372 127
2142495487201241 128
2142496455127266 129
2142496988452462 130
2142497423053292 131
2142498390948800 132
2142498726764229 133
2142499378680733 134
2142499694720772 135
2142500346545723 136
2142500662555245 137
2142501334216622 138
2142501650256661 139
2142502302173165 140
2142502657702950 141
2142503329327063 142
2142503645367102 143
2142504336742835 144
2142504692364173 145
2142505344158606 146
2142505660229163 147
2142506312115149 148
2142507240520911 149
2142507556591468 150
2142508247936682 151
2142508583752112 152
2142509294872718 153
2142509650463538 154
2142510440594153 155
2142510993694739 156
2142511586285071 157
2142512159161048 158
2142512732006507 159
2142513087572997 160
2142513838213867 161
2142514193804687 162
2142514944445556 163
2142515517291015 164
2142516070361083 165
2142516406207031 166
2142517117327636 167
2142517453112548 168
2142518184008544 169
2142518519823974 170
2142519250719970 171
2142519606249755 172
2142520356890624 173
2142520712450927 174
2142521463152831 175
2142521818682617 176
2142522608813232 177
2142522984137202 178
2142523715033198 179
2142524090338374 180
2142524840979243 181
2142525176764155 182
2142525927405024 183
2142526282965327 184
2142527033606196 185
2142527389197017 186
2142528179327632 187
2142528534887935 188
2142529344824458 189
2142529897955562 190
2142530470770503 191
2142531063391353 192
2142531576941157 193
2142531952307368 194
2142532722693110 195
2142533275741049 196
2142533828872153 197
2142534164657065 198
2142534935073325 199
2142535310409018 200
2142536120315024 201
2142536712935873 202
2142537285750815 203
2142537700576254 204
2142538470992514 205
2142538846297690 206
2142539577193686 207
2142540130355307 208
2142540703139731 209
2142541038955160 210
2142541789626547 211
2142542243972250 212
2142542994549105 213
2142543409435580 214
2142544160045931 215
2142544555095980 216
2142545325542758 217
2142545898388217 218
2142546431713412 219
2142547004558871 220
2142547537914584 221
2142547893505404 222
2142548644115756 223
2142548979931185 224
2142549750347445 225
2142550303509066 226
2142550876293490 227
2142551231853793 228
2142551745495150 229
