200 -0.0174554 0 0.028536
250 -0.0148584 0 0.0283864
300 -0.0223868 0 0.0410768
350 -0.000191681 0 0.0169255
400 -0.0115357 0 0.015498
450 -0.0142582 0 0.0191291
500 -0.0129398 0 0.00547381
550 -0.00948319 0 0.0133763
600 -0.0132205 0 0.0215662
650 -0.014579 0 0.0309872
700 -0.00688222 0 0.0175847
750 -0.012399 0 0.0272657
800 -0.0123229 0 0.0306457
850 -0.0149386 0 0.0179223
900 -0.00929133 0 0.0210649
950 -0.016424 0 0.0275781
1000 -0.0103369 0 0.024664
1050 -0.00852718 0 0.0147603
1100 0.0187804 0 -0.00714167
1150 0.0425359 0 -0.0788977
1200 -0.0765794 0 -0.149952
1250 -0.136799 0 -0.295132
1300 -0.162489 0 -0.295819
1350 0.0830762 0 -0.506144
1400 0.137022 0 -0.621065
1450 0.0800841 0 -0.625663
1500 0.0363505 0 -0.513169
1550 -0.0889126 0 -0.610412
1600 -0.156291 0 -0.645647
1650 0.051546 0 -0.736832
1700 0.0314494 0 -0.75578
1750 0.0977237 0 -0.835216
1800 -0.0485805 0 -0.704427
1850 -0.182814 0 -0.688993
1900 -0.204347 0 -0.701294
1950 -0.0494685 0 -0.73524
2000 0.0100657 0 -0.761321
2050 -0.0297788 0 -0.589831
2100 0.00514379 0 -0.580156
2150 -0.11656 0 -0.515086
2200 -0.143024 0 -0.412013
2250 -0.027279 0 -0.502505
2300 -0.00233973 0 -0.520727
2350 0.0369329 0 -0.531068
2400 0.0150804 0 -0.533683
2450 -0.114809 0 -0.55249
2500 -0.0784343 0 -0.485751
2550 -0.083612 0 -0.509606
2600 0.058685 0 -0.549178
2650 0.0841449 0 -0.53057
2700 0.0426809 0 -0.461217
2750 -0.0438673 0 -0.641035
2800 -0.130659 0 -0.632213
2850 -0.0135451 0 -0.743788
2900 0.120849 0 -1.02406
2950 0.136062 0 -0.994311
3000 0.0648112 0 -1.10979
3050 -0.102894 0 -1.04278
3100 -0.0282135 0 -0.969821
3150 0.0118062 0 -1.02825
3200 0.00828337 0 -1.04604
3250 -0.0953201 0 -1.39007
3300 -0.0505137 0 -1.3647
3350 -0.00450758 0 -1.30852
3400 0.0872779 0 -1.29293
3450 -0.0461942 0 -1.22541
3500 0.0385954 0 -1.2606
3550 0.0564348 0 -1.27923
3600 -0.0491302 0 -1.45391
3650 0.0492008 0 -1.44803
3700 0.235108 0 -1.39525
3750 0.148825 0 -1.30682
3800 0.151968 0 -1.33637
3850 -0.0740301 0 -1.42239
3900 0.0152899 0 -1.41197
3950 -0.00593471 0 -1.36807
4000 0.0869267 0 -1.44255
4050 -0.0588044 0 -1.5526
4100 0.0818039 0 -1.44448
4150 -0.0596462 0 -1.45724
4200 0.1184 0 -1.42879
4250 0.0365759 0 -1.4735
4300 0.0197 0 -1.50563
4350 -0.0704344 0 -1.5657
4400 0.187121 0 -1.47791
4450 0.0431485 0 -1.50315
4500 0.0709813 0 -1.32133
4550 0.0931362 0 -1.20196
4600 0.212976 0 -1.25961
4650 0.0749166 0 -1.34434
4700 0.197459 0 -1.23074
4750 0.206623 0 -1.26687
4800 0.191589 0 -1.12789
4850 0.137876 0 -1.15055
4900 0.0683195 0 -1.17938
4950 0.273407 0 -1.06436
5000 0.209012 0 -1.16475
5050 0.180288 0 -1.05694
5100 0.10105 0 -1.23173
5150 0.0539203 0 -1.04586
5200 0.120789 0 -1.0034
5250 0.121203 0 -1.00671
5300 0.0634694 0 -0.904992
5350 0.0493595 0 -1.08235
5400 -0.0394876 0 -0.919251
5450 0.10316 0 -0.997765
5500 0.176175 0 -0.912531
5550 0.0953242 0 -0.797116
5600 0.0319545 0 -0.866483
5650 0.121701 0 -0.666149
5700 0.357343 0 -0.776845
5750 0.335112 0 -0.685716
5800 0.0275653 0 -0.777957
5850 0.0660559 0 -0.740529
5900 -0.0618339 0 -0.74398
5950 0.035539 0 -0.671978
6000 0.169071 0 -0.833564
6050 0.133841 0 -0.641415
6100 0.117025 0 -0.570025
6150 -0.0244548 0 -0.649518
6200 0.0371896 0 -0.535234
6250 0.132063 0 -0.517722
6300 0.066417 0 -0.514026
6350 -0.0949956 0 -0.508746
6400 -0.0384606 0 -0.577611
6450 -0.113439 0 -0.661631
6500 0.0253288 0 -0.617753
6550 0.0460992 0 -0.723868
6600 -0.0306179 0 -0.642343
6650 0.0435832 0 -0.636812
6700 -0.0758759 0 -0.695253
6750 -0.0987058 0 -0.587885
6800 0.0636383 0 -0.596926
6850 0.0192459 0 -0.541654
6900 -0.0522278 0 -0.505206
6950 -0.455595 0 0.269196
7000 -0.362161 0 0.196284
7050 -0.223068 0 -0.174095
7100 -0.0836436 0 -0.103758
7150 0.0256641 0 0.0122002
7200 -0.00534215 0 -0.021151
7250 -0.0181662 0 -0.0119998
7300 -0.0188223 0 0.0157217
7350 -0.0188551 0 0.00241381
7400 -0.023112 0 0.0230567
7450 -0.0157162 0 0.0478874
7500 -0.0173635 0 0.0408437
7550 -0.0208054 0 0.0271555
7600 -0.0203255 0 0.00898432
7650 -0.0235783 0 -0.00932482
7700 -0.011766 0 -0.111914
7750 0.0781752 0 -0.223307
7800 0.139438 0 -0.402032
7850 0.0810799 0 -0.331673
7900 -0.010872 0 -0.428552
7950 -0.147233 0 -0.677331
8000 -0.288252 0 -0.0382969
8050 -0.064275 0 -0.763717
8100 0.0117275 0 -0.737806
8150 0.0394964 0 -0.727653
8200 -0.0209237 0 -0.855781
8250 0.00734286 0 -0.842927
8300 -0.0922759 0 -0.815997
8350 -0.0354974 0 -0.998588
8400 0.0339443 0 -0.957305
8450 -0.106674 0 -1.12328
8500 -0.0927767 0 -1.24392
8550 0.0451624 0 -1.21327
8600 0.148327 0 -1.15884
8650 0.169879 0 -1.16315
8700 0.0353273 0 -1.15321
8750 0.0206233 0 -1.12823
8800 0.0818985 0 -1.31517
8850 0.021286 0 -1.23079
8900 0.146211 0 -1.38683
8950 0.129074 0 -1.28195
9000 0.159778 0 -1.38485
9050 0.199505 0 -1.2693
9100 0.187988 0 -1.43192
9150 0.183416 0 -1.26841
9200 0.247544 0 -1.34698
9250 0.432151 0 -1.13494
9300 0.231556 0 -1.27021
9350 0.248991 0 -1.30671
9400 0.113632 0 -1.38276
9450 0.213554 0 -1.37661
9500 0.18166 0 -1.4013
9550 0.213814 0 -1.32285
9600 0.0696357 0 -1.33852
9650 0.0672828 0 -1.2558
9700 -0.0409885 0 -1.31435
9750 -0.0653052 0 -1.27428
9800 0.103221 0 -1.21708
9850 0.112914 0 -1.19595
9900 0.164348 0 -1.22513
9950 0.181561 0 -1.2677
10000 0.258529 0 -1.33371
10050 0.146333 0 -1.40698
10100 0.0793818 0 -1.43762
10150 0.0537608 0 -1.4268
10200 0.237799 0 -1.40836
10250 -0.0400138 0 -1.37598
10300 0.087982 0 -1.43172
10350 -0.0499815 0 -1.45886
10400 0.0936889 0 -1.53573
10450 0.00814043 0 -1.48795
10500 0.114339 0 -1.36347
10550 -0.0617645 0 -1.47756
10600 0.0621575 0 -1.37215
10650 0.0850699 0 -1.5177
10700 0.129161 0 -1.43514
10750 0.0286441 0 -1.5426
10800 0.0367984 0 -1.53818
10850 -0.0608983 0 -1.52866
10900 -0.011089 0 -1.21136
10950 -0.0262309 0 -1.44533
11000 -0.0204055 0 -1.50651
11050 -0.118313 0 -1.30877
11100 0.120278 0 -1.22639
11150 -0.187629 0 -1.24471
11200 -0.101159 0 -1.23972
11250 -0.184069 0 -1.31195
11300 0.0181914 0 -1.32262
11350 0.0172576 0 -1.18749
11400 -0.0546591 0 -1.00867
11450 -0.0330207 0 -0.940243
11500 -0.046735 0 -0.956677
11550 0.0684898 0 -1.17994
11600 0.101148 0 -1.05242
11650 0.112436 0 -1.13958
11700 0.060212 0 -0.931926
11750 0.00315454 0 -1.02115
11800 0.0267046 0 -0.974943
11850 0.0491945 0 -0.906653
11900 -0.0427636 0 -1.00441
11950 -0.0690778 0 -0.825356
12000 0.0356773 0 -1.03133
12050 -0.026089 0 -0.930371
12100 0.00394542 0 -0.871192
12150 -0.0279965 0 -1.12219
12200 -0.000579391 0 -0.920401
12250 0.168571 0 -1.06363
12300 0.268865 0 -0.937265
12350 0.25815 0 -0.986755
12400 0.0649262 0 -1.12041
12450 -0.0127216 0 -1.22758
12500 0.110906 0 -1.22641
12550 0.0802404 0 -0.997956
12600 0.072973 0 -0.973377
12650 -0.0923576 0 -0.917137
12700 -0.0446586 0 -0.750407
12750 0.0884192 0 -0.963994
12800 0.125784 0 -0.858027
12850 0.129307 0 -0.821909
12900 -0.109411 0 -0.990748
12950 -0.0772698 0 -0.778433
13000 0.0270889 0 -0.914085
13050 -0.0386935 0 -0.825434
13100 0.0717659 0 -0.752592
13150 -0.0627418 0 -0.957425
13200 -0.108843 0 -0.895471
13250 -0.0287369 0 -0.95307
13300 0.094921 0 -0.937663
13350 0.00216583 0 -0.883957
13400 0.0396256 0 -0.9346
13450 -0.0928316 0 -0.865947
13500 -0.000599016 0 -0.682538
13550 -0.0208598 0 -0.886178
13600 -0.109294 0 -0.702295
13650 -0.022127 0 -0.671423
13700 -0.0860445 0 -0.816365
13750 0.088935 0 -0.738593
13800 0.0885784 0 -0.723961
13850 0.183385 0 -0.723053
13900 0.17708 0 -0.664539
13950 0.160729 0 -0.812941
14000 0.110323 0 -0.852017
14050 0.207329 0 -0.69919
14100 0.330097 0 -0.867733
14150 0.191799 0 -0.819555
14200 0.160807 0 -0.721293
14250 0.114589 0 -0.762667
14300 0.0152592 0 -0.57223
14350 0.172553 0 -0.613758
14400 0.214064 0 -0.55778
14450 0.0295808 0 -0.612463
14500 0.142908 0 -0.756322
14550 0.0765099 0 -0.797667
14600 0.234823 0 -0.582627
14650 0.235974 0 -0.72096
14700 0.0839881 0 -0.75366
14750 0.197428 0 -0.629034
14800 0.0869045 0 -0.763388
14850 -0.0159921 0 -0.77907
14900 0.115622 0 -0.673609
14950 0.237295 0 -0.7371
15000 0.0715784 0 -0.739317
15050 -0.0978211 0 -0.702403
15100 -0.0380166 0 -0.915683
15150 0.000144041 0 -0.940804
15200 0.0836001 0 -0.951734
15250 0.0652073 0 -1.09985
15300 -0.0242182 0 -1.07444
15350 0.0161827 0 -1.1445
15400 0.0201273 0 -1.06269
15450 -0.0057145 0 -1.07162
15500 0.117836 0 -1.12279
15550 0.192765 0 -1.06608
15600 0.254849 0 -1.27176
15650 0.145231 0 -1.19709
15700 0.362284 0 -1.3088
15750 0.225383 0 -1.21024
15800 -0.0536053 0 -1.28039
15850 -0.0663855 0 -1.34758
15900 0.0140872 0 -1.37642
15950 0.096999 0 -1.29244
16000 0.185371 0 -1.36926
16050 0.15841 0 -1.30279
16100 0.0587235 0 -1.23997
16150 0.0235466 0 -1.27566
16200 0.0286092 0 -1.26746
16250 -0.151458 0 -1.38414
16300 -0.106973 0 -1.41058
16350 -0.0388406 0 -1.48059
16400 -0.0149049 0 -1.30725
16450 -0.0226479 0 -1.30337
16500 0.00323414 0 -1.27384
16550 -0.0270736 0 -1.38861
16600 0.0359074 0 -1.27993
16650 -0.0084035 0 -1.36095
16700 0.0405059 0 -1.22034
16750 0.0572257 0 -1.27522
16800 0.164822 0 -1.1884
16850 0.117266 0 -1.32683
16900 0.160081 0 -1.35305
16950 0.0472831 0 -1.51644
17000 0.0389988 0 -1.30644
17050 -0.0703451 0 -1.3542
17100 0.233501 0 -1.31187
17150 -0.0297253 0 -1.39571
17200 0.0462327 0 -1.26747
17250 -0.0138521 0 -1.28689
17300 0.259614 0 -1.22216
17350 0.174937 0 -1.28169
17400 0.109563 0 -1.23843
17450 0.164173 0 -1.1898
17500 0.138135 0 -1.14307
17550 0.145399 0 -1.07773
17600 0.185389 0 -0.948894
17650 0.173254 0 -0.968218
17700 0.0422588 0 -0.981486
17750 0.0547108 0 -0.832744
17800 0.168744 0 -1.02709
17850 0.146105 0 -0.879169
17900 0.0290099 0 -0.934286
17950 0.0331478 0 -0.830848
18000 0.0292348 0 -0.948737
18050 0.156427 0 -0.93359
18100 0.0844743 0 -0.9324
18150 0.0810108 0 -1.00625
18200 0.0849731 0 -0.854259
18250 0.0376696 0 -0.860643
18300 0.0738889 0 -0.85692
18350 0.0418714 0 -1.02693
18400 -0.091788 0 -0.909383
18450 -0.0641795 0 -0.76772
18500 -0.0791894 0 -0.907082
18550 -0.0270868 0 -0.715556
18600 -0.133932 0 -0.916139
18650 -0.137801 0 -0.831879
18700 0.101081 0 -0.878905
18750 0.144651 0 -0.887094
18800 0.206223 0 -0.844728
18850 0.0871487 0 -0.99172
18900 0.0438813 0 -0.851959
18950 0.156239 0 -0.977409
19000 0.12284 0 -0.919218
19050 0.0851388 0 -0.85042
19100 0.0116251 0 -1.04241
19150 -0.0487132 0 -0.883675
19200 0.0149612 0 -1.05636
19250 0.0629955 0 -0.898066
19300 0.0884444 0 -0.889443
19350 0.0228749 0 -1.10119
19400 0.0143043 0 -0.858049
19450 0.0715085 0 -0.919736
19500 0.159232 0 -0.819895
19550 0.00597139 0 -0.728329
19600 0.126996 0 -0.840921
19650 0.0141332 0 -0.881625
19700 0.0971904 0 -0.776583
19750 0.152641 0 -1.01966
19800 0.14387 0 -0.729722
19850 0.212443 0 -0.747785
19900 -0.0875471 0 -0.741313
19950 -0.00662906 0 -0.685088
20000 0.100572 0 -0.728201
20050 0.0721246 0 -0.669182
20100 0.0749717 0 -0.739155
20150 0.0140514 0 -0.723243
20200 0.000876668 0 -0.741764
20250 0.0656727 0 -0.632045
20300 0.141739 0 -0.775134
20350 0.109527 0 -0.729244
20400 0.029434 0 -0.716358
20450 -0.0241353 0 -0.739408
20500 0.00218656 0 -0.683527
20550 0.127789 0 -0.553732
20600 0.182301 0 -0.51043
20650 0.206151 0 -0.590451
20700 0.0382542 0 -0.435034
20750 0.00316775 0 -0.54479
20800 -0.0349272 0 -0.598544
20850 -0.0187418 0 -0.533306
20900 0.146879 0 -0.395804
20950 0.271052 0 -0.577216
21000 0.0784418 0 -0.438515
21050 -0.0159549 0 -0.429164
21100 -0.0594525 0 -0.58187
21150 -0.0130414 0 -0.495875
21200 0.121419 0 -0.454508
21250 0.270477 0 -0.395986
21300 0.308699 0 -0.494657
21350 0.114271 0 -0.369915
21400 0.0788166 0 -0.383517
21450 -0.0655724 0 -0.353947
21500 -0.0573051 0 -0.324606
21550 0.0108307 0 0.0886772
21600 0.138257 0 -0.389402
21650 0.185369 0 -0.437079
21700 0.00129422 0 -0.378039
21750 -0.0241474 0 -0.497849
21800 -0.0766939 0 -0.576424
21850 -0.0360631 0 -0.647321
21900 0.0636181 0 -0.649595
21950 0.0901686 0 -0.761644
22000 0.109014 0 -0.771549
22050 0.088836 0 -0.750928
22100 0.225907 0 -0.930982
22150 0.257134 0 -0.984631
22200 0.424957 0 -1.11041
22250 0.45129 0 -1.13955
22300 0.373373 0 -1.0791
22350 0.151845 0 -1.22822
22400 0.226994 0 -1.05103
22450 0.275385 0 -1.221
22500 0.29941 0 -1.09771
22550 0.307668 0 -1.16308
22600 0.326026 0 -1.31201
22650 0.449073 0 -1.19233
22700 0.538334 0 -1.12269
22750 0.531715 0 -1.06126
22800 0.373056 0 -1.18443
22850 0.253253 0 -1.14038
22900 -0.101126 0 -1.24217
22950 0.0496014 0 -1.05993
23000 0.101522 0 -1.36719
23050 0.190696 0 -1.16561
23100 0.00998618 0 -1.21685
23150 0.0988493 0 -1.20855
23200 -0.0296848 0 -1.24281
23250 0.166762 0 -1.0693
23300 0.228239 0 -1.14071
23350 0.299447 0 -1.07635
23400 0.287737 0 -1.2258
23450 0.242024 0 -1.1329
23500 0.241393 0 -1.13526
23550 0.346815 0 -0.974729
23600 0.0538349 0 -1.22613
23650 0.104364 0 -1.18575
23700 0.213897 0 -1.26413
23750 0.204599 0 -1.20912
23800 0.314564 0 -1.15116
23850 0.1079 0 -1.34911
23900 0.122577 0 -1.17684
23950 0.00634532 0 -1.20831
24000 0.0999282 0 -1.03509
24050 0.219681 0 -1.25764
24100 0.119033 0 -1.18626
24150 0.162177 0 -1.26502
24200 0.110537 0 -1.25509
24250 0.145208 0 -1.39256
24300 0.237863 0 -1.2494
24350 0.201938 0 -1.37074
24400 0.168692 0 -1.26992
24450 0.138134 0 -1.42138
24500 0.225148 0 -1.36175
24550 0.26559 0 -1.32233
24600 0.186122 0 -1.27068
24650 0.0614063 0 -1.40924
24700 0.0649511 0 -1.40422
24750 -0.0525504 0 -1.47229
24800 0.0455022 0 -1.45495
24850 0.0488275 0 -1.52531
24900 0.280714 0 -1.46617
24950 0.279513 0 -1.398
25000 0.338447 0 -1.35173
25050 0.247645 0 -1.38229
25100 0.278106 0 -1.43358
25150 0.181477 0 -1.39768
25200 0.227065 0 -1.31115
25250 0.0958594 0 -1.40968
25300 0.245905 0 -1.41994
25350 0.264935 0 -1.26919
25400 0.229156 0 -1.40823
25450 0.114596 0 -1.35801
25500 0.0917004 0 -1.30953
25550 0.10187 0 -1.37416
25600 0.186188 0 -1.3068
25650 0.0164236 0 -1.47394
25700 0.0934271 0 -1.40837
25750 0.10792 0 -1.43553
25800 0.131551 0 -1.40023
25850 0.224729 0 -1.32799
25900 0.338756 0 -1.25642
25950 0.0845398 0 -1.40794
26000 0.0984378 0 -1.35971
26050 0.0642153 0 -1.49568
26100 0.233571 0 -1.39857
26150 0.345271 0 -1.42116
26200 0.302881 0 -1.41894
26250 0.0725308 0 -1.47587
26300 0.137891 0 -1.32702
26350 0.0937939 0 -1.42399
26400 0.13336 0 -1.30284
26450 -0.0452162 0 -1.41225
26500 0.115052 0 -1.40279
26550 -0.00922225 0 -1.51402
26600 -0.0134781 0 -1.49391
26650 -0.0162044 0 -1.50302
26700 0.158206 0 -1.48508
26750 0.124449 0 -1.51191
26800 0.127201 0 -1.43063
26850 -0.0390108 0 -1.61576
26900 0.173918 0 -1.50369
26950 0.194255 0 -1.57185
27000 0.333357 0 -1.41584
27050 0.248839 0 -1.60489
27100 0.249464 0 -1.53728
27150 0.145369 0 -1.63751
27200 0.169406 0 -1.44758
27250 0.18584 0 -1.4973
27300 0.186766 0 -1.3503
27350 0.115162 0 -1.50949
27400 0.0475138 0 -1.52866
27450 0.115326 0 -1.53391
27500 0.171727 0 -1.57817
27550 0.28304 0 -1.51315
27600 -0.0436137 0 -1.4465
27650 -0.0461054 0 -1.52379
27700 0.196347 0 -1.45186
27750 0.252332 0 -1.43943
27800 0.140727 0 -1.45694
27850 0.215175 0 -1.45665
27900 -0.0508125 0 -1.47757
27950 0.111001 0 -1.57637
28000 0.118425 0 -1.54639
28050 0.224727 0 -1.42738
28100 0.065049 0 -1.53609
28150 0.106357 0 -1.62703
28200 0.0605618 0 -1.59298
28250 0.140501 0 -1.53403
28300 -0.0480115 0 -1.38034
28350 -0.0795353 0 -1.2753
28400 -0.115414 0 -1.29551
28450 -0.0639741 0 -1.26476
28500 -0.033139 0 -1.28618
28550 -0.0451798 0 -1.35238
28600 0.0665417 0 -1.29816
28650 0.0914019 0 -1.3373
28700 0.114201 0 -1.28668
28750 0.14171 0 -1.13594
28800 -0.00718408 0 -1.19141
28850 0.0874832 0 -1.07102
28900 0.21678 0 -1.20383
28950 0.182358 0 -1.04549
29000 0.16603 0 -1.26705
29050 0.0835528 0 -1.07026
29100 0.184565 0 -1.16037
29150 0.189888 0 -1.08011
29200 -0.0468222 0 -1.18083
29250 -0.218836 0 -1.25722
29300 -0.115029 0 -1.1294
29350 0.0376228 0 -1.17411
29400 0.0872525 0 -1.03502
29450 -0.0121845 0 -1.25237
29500 0.0741938 0 -0.982214
29550 0.0819869 0 -1.12849
29600 0.126531 0 -1.00232
29650 0.00352049 0 -0.977006
29700 -0.0807293 0 -0.968833
29750 -0.0681103 0 -0.774022
29800 -0.0508866 0 -0.967089
29850 0.0860836 0 -0.758838
29900 0.0823026 0 -0.850149
29950 0.00510905 0 -0.989401
30000 -0.0146672 0 -0.830409
30050 0.0374753 0 -1.02618
30100 -0.011501 0 -0.807229
30150 -0.0469578 0 -0.897674
30200 -0.0550759 0 -0.826801
30250 0.0240803 0 -0.834057
30300 0.174298 0 -0.811591
30350 0.0743018 0 -0.688823
30400 0.0763272 0 -0.718769
30450 0.0558462 0 -0.517277
30500 0.142717 0 -0.593964
30550 0.179438 0 -0.702062
30600 -0.0231879 0 -0.513663
30650 -0.0800692 0 -0.58929
30700 -0.106385 0 -0.499885
30750 0.060952 0 -0.356366
30800 0.153183 0 -0.396807
30850 0.0903392 0 -0.332765
30900 -0.0899744 0 -0.353073
30950 -0.201688 0 -0.227448
31000 -0.3137 0 0.164733
31050 -0.202208 0 0.0626424
31100 -0.168407 0 0.0639709
31150 -0.00256923 0 0.054954
31200 -0.00593682 0 0.0416616
31250 0.00146376 0 0.0720476
31300 -0.0043283 0 0.0568705
31350 0.00522815 0 0.0058752
31400 -0.00081863 0 0.0391251
31450 -0.00478938 0 0.0366307
31500 -0.0176413 0 0.0261837
31550 -0.0196441 0 0.018358
31600 -0.0161649 0 0.0249085
31650 -0.0154264 0 0.0132023
31700 -0.0179584 0 0.0201888
31750 -0.0136649 0 0.0343453
31800 -0.0147024 0 0.0317397
31850 -0.021809 0 0.0164239
31900 -0.0189671 0 0.0207382
31950 -0.0124236 0 0.0265183
