# Created at Wed Sep 13 18:19:21 CDT 2017
632398057768804 1
632398531767828 2
632399104613287 3
632399519408209 4
632400092170949 5
632400526710744 6
632401079780813 7
632401534065481 8
632402067360158 9
632402482155080 10
632403015510793 11
632403430336233 12
632403963600393 13
632404477119680 14
632405030189748 15
632405504249807 16
632406057319875 17
632406669624563 18
632407242470022 19
632407913978811 20
632408407875295 21
632409118904348 22
632423913262452 23
632424387322511 24
632424920617188 25
632425394707764 26
632425927971925 27
632426362572755 28
632426876122559 29
632427369896973 30
632427863732423 31
632428377251710 32
632428871056641 33
632429305626954 34
632429838921878 35
632430273431156 36
632430786980960 37
632431221612308 38
632431735131595 39
632432189416263 40
632432702966068 41
632433157281253 42
632433670861575 43
632434105370853 44
632434618951175 45
632435053460452 46
632435586755130 47
632436021325443 48
632436534966800 49
632436969445560 50
632437482995365 51
632437976800296 52
632438470635745 53
632439161950443 54
632439774271116 55
632440327310667 56
632440919931517 57
632441472971067 58
632442065530882 59
632442618600950 60
632443309946165 61
632444021036253 62
632444534586058 63
632445265390501 64
632445759225950 65
632447082651243 66
632448425790892 67
632457492064078 68
632458064879020 69
632458677183707 70
632459190764029 71
632459704364982 72
632460217853752 73
632460751209465 74
632461284504142 75
632461778278556 76
632462272144523 77
632462825153556 78
632463318989006 79
632463793018547 80
632464346119133 81
632464839924064 82
632465353473869 83
632465867023674 84
632466341083732 85
632466874378410 86
632467348499504 87
632467861988273 88
632468395313469 89
632468948383537 90
632469521259513 91
632470054597185 92
632470607606218 93
632471219941423 94
632471713746355 95
632472286591814 96
632472918641375 97
632473412476824 98
632474044526384 99
632474637086199 100
632475308747576 101
632475901276873 102
632476572816179 103
632477165375994 104
632477797456072 105
632492670953590 106
632493164819557 107
632493737573463 108
632494270868141 109
632494764703590 110
632495278253395 111
632495811578590 112
632496285608131 113
632496818933327 114
632497332513649 115
632497846063453 116
632498339868385 117
632498892938453 118
632499386743385 119
632499939812063 120
632500433616995 121
632500966911673 122
632501440971731 123
632501974296927 124
632502468132376 125
632503040977835 126
632503514976858 127
632504028557181 128
632504502647757 129
632505035911917 130
632505510002493 131
632506023552298 132
632506517357229 133
632507011162161 134
632507465477347 135
632507998772024 136
632508433311819 137
632508986412405 138
632509440697073 139
632509954299803 140
632510428359862 141
632510961685057 142
632511435745116 143
632511969070311 144
632512443069335 145
632512936935302 146
632513430709716 147
632513944320555 148
632514378829833 149
632514892349120 150
632515366470214 151
632515860244628 152
632516334335204 153
632516828140136 154
632517262649413 155
632517776260253 156
632518230575438 157
632518704635497 158
632519178634520 159
632519652790615 160
632520107014247 161
632520600849697 162
632521074940273 163
632521568745204 164
632522042835781 165
632522536610195 166
632523030445644 167
632523543934413 168
632524057514736 169
632524590809413 170
632525163654872 171
632525696949550 172
632526250050136 173
632526822895595 174
632527356159755 175
632527929005214 176
632528442555019 177
632529054920742 178
632529568481297 179
632530240051121 180
632530931396336 181
632531464721532 182
632532057281346 183
