# Created at Tue Feb 20 14:18:22 CST 2018
856397931766834 1
856398484897938 2
856399116900066 3
856399670031169 4
856400361345866 5
856400894640544 6
856401329210857 7
856402060045818 8
856402593401531 9
856403166185954 10
856403699511150 11
856404232897380 12
856404805651286 13
856405378466228 14
856405832781413 15
856406346392253 16
856406899492839 17
856407492022136 18
856408104357341 19
856408716662029 20
856409269769050 21
856409743798591 22
856410217858650 23
856410731438972 24
856411185754157 25
856411640069343 26
856412094415046 27
856412647424079 28
856413062249519 29
856413595574714 30
856414069665290 31
856414583184577 32
856414998040534 33
856415570824958 34
856416084435798 35
856416597955085 36
856417072076179 37
856417625146247 38
856418020165779 39
856418632531501 40
856419067115664 41
856419758491396 42
856420173255800 43
856420844856142 44
856421318916201 45
856422010291933 46
856422425056338 47
856423116401552 48
856423590461611 49
856424183082461 50
856424736122011 51
856425348487734 52
856425842292666 53
856426375648379 54
856426928687929 55
856427481757998 56
856428074378847 57
856428627448916 58
856429160759129 59
856429852134862 60
856430266929784 61
856430780540624 62
856431333610692 63
856431847191014 64
856432380577245 65
856432973076024 66
856433447166600 67
856433980522313 68
856434533561864 69
856435086692967 70
856435521202245 71
856439511365425 72
856440795300972 73
856441387891304 74
856441921185982 75
856442434796821 76
856443145856392 77
856443560742866 78
856444232282173 79
856444647107612 80
856445200208198 81
856445753278267 82
856446879193794 83
856447432355415 84
856447945874702 85
856448459455025 86
856448973050053 87
856449486599858 88
856449980435307 89
856450493985112 90
856450987851079 91
856451501431401 92
856452034756596 93
856452627377446 94
856453180416997 95
856453614987309 96
856454148312505 97
856454780423100 98
856455214993413 99
856455748349126 100
856456242123540 101
856456834744389 102
856457328549321 103
856457901394780 104
856458434750493 105
856459047106530 106
856459501391198 107
856460093981530 108
856460686571863 109
856461219897058 110
856461773028161 111
856462385363366 112
856462800219323 113
856463373003747 114
856463866869714 115
856464479204919 116
856464893999841 117
856465486590173 118
856465901446130 119
856466395220544 120
856466928606775 121
856467580431726 122
856468015002038 123
856468627337243 124
856469140909092 125
856469654519931 126
856470247049228 127
856470780465976 128
856471195260898 129
856471708841221 130
856472321176426 131
856472913797275 132
856473368112461 133
856473940927402 134
856474415017978 135
856475007608310 136
856475481698887 137
856476113778965 138
856476528573887 139
856477200204746 140
856477634744541 141
856478168100254 142
856478681741611 143
856479274354075 144
856479768097972 145
856480400269603 146
856480953339671 147
856481526154612 148
856481921235179 149
856482632355784 150
856483165742015 151
856483600251292 152
856484133637522 153
856484805207347 154
856485299042796 155
856485812653636 156
856486424958323 157
856486958283519 158
856487432374095 159
856488044709300 160
856488499055003 161
856489131232095 162
856489664526773 163
856490257117105 164
856490711401773 165
856491284277749 166
856491758337808 167
856492429968667 168
856492825018716 169
856493516394448 170
856494089239907 171
856494642279458 172
856495254706216 173
856495847235513 174
856496242316079 175
856496953436685 176
856497348517251 177
856498059637857 178
856498573218179 179
856499165815519 180
856499738630460 181
856500291731046 182
856500864607023 183
856501397932218 184
856501773237394 185
856502484388517 186
856502899183439 187
856503472059415 188
856504123914884 189
856504637464689 190
856505032514738 191
856505546095060 192
856506099226163 193
856506810316251 194
856507383161710 195
856507758497404 196
856508331342863 197
856509022705639 198
856509437470043 199
856510148651684 200
856510701691235 201
856511254822338 202
856511689362133 203
856512222778881 204
856512775818432 205
856513467163647 206
856513941223705 207
856520163542536 208
856520775877741 209
856521210448054 210
856521941374567 211
856522356138972 212
856522948759821 213
856523501860407 214
856524114195612 215
856524746306208 216
856525220396784 217
856526958678034 218
856527531492975 219
856528183378962 220
856528657530573 221
856529171049860 222
856529743899446 223
856530375979524 224
856530869814974 225
856531482211214 226
856531916751009 227
856532469882112 228
856533003207308 229
856533576022249 230
856534069888216 231
856534622988802 232
856535215548616 233
856535788455110 234
856536262515169 235
856536894625765 236
856537368716341 237
856537902011019 238
856538415591341 239
856539027957063 240
856539541567903 241
856540114367686 242
856540687213145 243
856541418109141 244
856542010699473 245
856542623095713 246
856543176135264 247
856543610736094 248
856544381121836 249
856545052752695 250
856545487292490 251
856552302215582 252
856552855285650 253
856553408386236 254
856553961486822 255
856554573852545 256
856554929412847 257
856555601013189 258
856556154113775 259
856556647979742 260
856557141754156 261
856557714660650 262
856558149200445 263
856558781372076 264
856559176361089 265
856559630811633 266
856560104841174 267
856560638166369 268
856561072767199 269
856561606092394 270
856562060407580 271
856562534528674 272
856562988843859 273
856563581464709 274
856564035779894 275
856564608686389 276
856565043195666 277
856565616071642 278
856566129621447 279
856566643262805 280
856567117292346 281
856567729688586 282
856568263044299 283
856568796400012 284
856569230909289 285
856569863070114 286
856570317354782 287
856570949465378 288
856571423555954 289
856571956850632 290
856572509951218 291
856573142061814 292
856573734682663 293
856574169283493 294
856574781649216 295
856575315004929 296
856576045809372 297
856576460665329 298
