200 -0.0097256 0 0.0171822
250 -0.00869547 0 0.0190219
300 -0.00650682 0 0.0222603
350 -0.0184045 0 0.0210048
400 -0.0167896 0 0.0152871
450 -0.0178176 0 0.0173207
500 -0.0165514 0 0.0251197
550 -0.0111245 0 0.0265601
600 -0.0115608 0 0.0272103
650 -0.0110381 0 0.02983
700 0.0181328 0 -0.00903317
750 0.0625656 0 -0.114644
800 0.0219083 0 -0.40186
850 -0.128727 0 -0.633861
900 -0.138561 0 -0.714367
950 -0.0483116 0 -0.861533
1000 0.0519824 0 -1.04999
1050 -0.0133668 0 -1.04899
1100 -0.184216 0 -1.10353
1150 -0.200172 0 -1.06988
1200 -0.17373 0 -1.10459
1250 -0.134843 0 -0.9823
1300 -0.207523 0 -0.981788
1350 -0.0773896 0 -1.01026
1400 0.423102 0 -0.556675
1450 0.170612 0 0.0181652
1500 -0.0344099 0 0.469869
1550 -0.0286775 0 0.429332
1600 0.118088 0 0.208218
1650 0.0578451 0 0.604477
1700 -0.0115328 0 0.852886
1750 0.118494 0 0.871502
1800 0.282316 0 0.903356
1850 0.145421 0 0.819387
1900 0.0717003 0 0.687831
1950 0.138959 0 0.829803
2000 -0.813666 0 0.359659
2050 0.0214373 0 0.00165692
2100 -0.0436803 0 0.21302
2150 0.0857016 0 0.472961
2200 0.24872 0 0.835965
2250 0.167583 0 0.871654
2300 0.0344838 0 0.96824
2350 0.0913276 0 0.871725
2400 0.187244 0 0.611093
2450 0.160828 0 0.626596
2500 0.0270186 0 0.678904
2550 0.0485699 0 0.978626
2600 0.0969849 0 1.01166
2650 0.0511714 0 0.923062
2700 -0.0273931 0 0.809781
2750 0.268901 0 0.808312
2800 0.655597 0 0.154523
2850 0.956059 0 -0.216582
2900 0.568738 0 -0.701498
2950 0.0694071 0 -0.938561
3000 -0.218847 0 -0.866807
3050 -0.148704 0 -1.07822
3100 -0.0518561 0 -1.11037
3150 -0.193382 0 -1.20196
3200 0.0255109 0 -0.971155
3250 0.00836207 0 -1.03575
3300 -0.00221717 0 -1.02373
3350 -0.161574 0 -1.10969
3400 -0.279578 0 -1.1097
3450 -0.112486 0 -1.15858
3500 -0.148911 0 -0.903418
3550 -0.124482 0 -0.921612
3600 -0.268881 0 -0.853637
3650 -0.132605 0 -0.963774
3700 0.0413148 0 -1.03848
3750 -0.0174503 0 -1.16211
3800 -0.156746 0 -1.22683
3850 -0.065609 0 -1.17382
3900 0.0200645 0 -1.25662
3950 -0.0663521 0 -1.30729
4000 -0.142054 0 -1.33978
4050 0.0177584 0 -1.23178
4100 0.092591 0 -1.30102
4150 -0.0182445 0 -1.19969
4200 -0.0961106 0 -1.13942
4250 -0.104098 0 -1.06754
4300 -0.1308 0 -1.10728
4350 -0.241783 0 -0.802256
4400 -0.0693858 0 -0.387789
4450 0.0615947 0 -0.139334
4500 0.0826482 0 0.0670537
4550 0.0231518 0 0.599234
4600 0.0271085 0 0.75901
4650 0.0694593 0 0.525219
4700 0.113953 0 0.555745
4750 -0.0197188 0 0.589052
4800 -1.0003 0 0.552917
4850 0.131768 0 0.09122
4900 0.149296 0 0.157217
4950 0.0480232 0 0.323768
5000 -0.0411601 0 0.799985
5050 0.123914 0 0.653904
5100 0.202157 0 0.678986
5150 0.119961 0 0.609672
5200 -0.854369 0 0.479087
5250 0.142083 0 0.744934
5300 0.162464 0 0.953154
5350 0.0980218 0 0.919864
5400 -0.0793412 0 1.04078
5450 0.0395694 0 0.950218
5500 0.0952996 0 0.940739
5550 0.119699 0 0.869794
5600 0.0215415 0 0.597001
5650 0.105765 0 0.641299
5700 0.187983 0 0.723846
5750 0.140084 0 0.787309
5800 -0.00400352 0 0.810425
5850 0.0578151 0 0.978277
5900 0.182213 0 0.918721
5950 0.147098 0 0.915438
6000 -0.000382745 0 0.632738
6050 0.0261982 0 0.776094
6100 0.0462893 0 0.661289
6150 -0.0766986 0 0.605485
6200 -0.730701 0 0.329452
6250 -1.05316 0 -0.0897185
6300 -0.744102 0 -0.451829
6350 -0.314836 0 -0.849708
6400 0.00688797 0 -0.48474
6450 0.00701973 0 -0.949081
6500 -0.180535 0 -1.05969
6550 -0.0757342 0 -1.11507
6600 0.137142 0 -1.13079
6650 -0.0404524 0 -1.20647
6700 -0.12667 0 -1.2052
6750 -0.0254562 0 -1.20861
6800 0.0706289 0 -1.1812
6850 -0.0139091 0 -1.20149
6900 -0.212178 0 -1.19891
6950 -0.127514 0 -1.23757
7000 0.0343943 0 -1.19047
7050 -0.0390846 0 -1.20934
7100 -0.171141 0 -1.25609
7150 -0.109534 0 -1.23602
7200 -0.0211535 0 -1.29186
7250 -0.0727342 0 -1.21238
7300 -0.203279 0 -1.27327
7350 -0.107203 0 -1.23871
7400 -0.000834676 0 -1.31046
7450 -0.0265369 0 -1.20271
7500 -0.145698 0 -1.28069
7550 -0.159171 0 -1.16066
7600 -0.0719461 0 -1.17842
7650 -0.0484769 0 -1.13721
7700 -0.126473 0 -1.07586
7750 -0.201164 0 -1.14738
7800 -0.123172 0 -1.25568
7850 -0.0134109 0 -1.17049
7900 -0.128028 0 -1.23701
7950 -0.214308 0 -1.21108
8000 -0.181541 0 -1.15346
8050 -0.119324 0 -1.05834
8100 -0.166613 0 -0.94501
8150 -0.255153 0 -0.972077
8200 -0.147255 0 -1.10546
8250 -0.0399767 0 -0.999986
8300 -0.0521401 0 -0.926758
8350 -0.143948 0 -1.03861
8400 -0.156595 0 -1.00143
8450 -0.012629 0 -1.13842
8500 -0.00780352 0 -1.06078
8550 -0.114949 0 -1.09933
8600 -0.113193 0 -1.15443
8650 -0.0202627 0 -1.17994
8700 0.0227084 0 -1.07317
8750 -0.140245 0 -1.12231
8800 -0.0643971 0 -0.589181
8850 0.328837 0 -0.23149
8900 0.289453 0 0.277955
8950 0.0198315 0 0.644657
9000 -0.04786 0 0.904661
9050 0.144269 0 0.921358
9100 0.0404103 0 0.910241
9150 0.029401 0 0.994334
9200 0.147335 0 0.74404
9250 0.227638 0 0.901663
9300 0.0729272 0 0.751057
9350 -0.0336396 0 0.881913
9400 0.0640829 0 1.08078
9450 0.173969 0 0.826558
9500 0.131089 0 0.678213
9550 0.0183125 0 0.767319
9600 0.00662044 0 0.742251
9650 0.159384 0 1.15922
9700 0.132099 0 0.963289
9750 0.00845782 0 1.03311
9800 0.123348 0 0.915015
9850 0.167056 0 0.800392
9900 0.0703884 0 0.967635
9950 0.0491061 0 0.952199
10000 0.152604 0 0.796622
10050 0.606883 0 0.440076
10100 0.903663 0 0.0157473
10150 0.608262 0 -0.511965
10200 0.224147 0 -0.86179
10250 -0.00136336 0 -0.906671
10300 -0.070684 0 -1.081
10350 -0.0164741 0 -1.0797
10400 -0.221622 0 -1.27706
10450 -0.168969 0 -1.19481
10500 0.00860895 0 -1.19113
10550 0.0377961 0 -1.06613
10600 -0.194622 0 -1.2084
10650 -0.266554 0 -1.21589
10700 -0.147894 0 -1.2215
10750 -0.115973 0 -1.06752
10800 -0.140582 0 -1.02068
10850 -0.225335 0 -1.10537
10900 -0.0604003 0 -1.00742
10950 0.0600971 0 -1.08974
11000 0.027633 0 -1.0743
11050 -0.152436 0 -1.16948
11100 -0.0914938 0 -1.15211
11150 0.050352 0 -1.15716
11200 -0.102976 0 -0.935087
11250 -0.180329 0 -1.17375
11300 -0.120617 0 -1.09165
11350 0.0118006 0 -1.17551
11400 -0.0249123 0 -1.0401
11450 -0.120547 0 -1.03282
11500 0.0416033 0 -0.87231
11550 0.397052 0 -0.288067
11600 0.0151555 0 0.0896736
11650 -0.126101 0 0.294075
11700 0.00329648 0 0.270338
11750 0.149877 0 0.546979
11800 0.0714067 0 0.853162
11850 -0.0621488 0 1.1055
11900 0.0345267 0 0.983993
11950 0.198289 0 1.04844
12000 0.201612 0 0.71046
12050 0.0897527 0 0.770539
12100 0.13602 0 0.984618
12150 0.191377 0 1.08239
12200 0.199448 0 1.07055
12250 0.0277083 0 1.08507
12300 0.154837 0 1.01071
12350 0.203145 0 0.943707
12400 0.13928 0 0.797907
12450 0.0411127 0 0.913497
12500 0.15406 0 0.811201
12550 0.244085 0 0.860083
12600 0.123291 0 0.944491
12650 -0.0203063 0 0.908881
12700 0.146248 0 1.08948
12750 0.23259 0 1.03299
12800 0.188454 0 0.838324
12850 -0.00427335 0 0.950172
12900 0.115255 0 1.03214
12950 0.227439 0 0.767335
13000 0.154518 0 0.838341
13050 -0.0219605 0 0.816878
13100 0.100018 0 0.940307
13150 0.241077 0 0.979535
13200 0.0223782 0 0.387703
13250 -0.110298 0 0.563706
13300 0.0713474 0 0.720963
13350 0.216424 0 0.874338
13400 0.0779639 0 0.920447
13450 -0.0653704 0 0.68029
13500 -0.0335547 0 0.694966
13550 0.120935 0 0.59716
13600 -0.696917 0 0.586022
13650 -0.0545089 0 0.429862
13700 -0.105763 0 0.608608
13750 0.0108935 0 0.738273
13800 0.17695 0 0.795945
13850 0.114574 0 0.659659
13900 -0.118075 0 0.669689
13950 -0.0657811 0 0.70362
14000 0.307919 0 0.116733
14050 0.681102 0 0.0177748
14100 0.499094 0 -0.349424
14150 0.298512 0 -0.586622
14200 0.0280965 0 -0.893322
14250 -0.038426 0 -1.01538
14300 0.0422981 0 -1.09878
14350 -0.0878174 0 -1.23861
14400 -0.03295 0 -1.39171
14450 0.011333 0 -1.35593
14500 0.146277 0 -1.26596
14550 0.0652337 0 -1.22308
14600 -0.0903245 0 -1.33468
14650 -0.063231 0 -1.27237
14700 0.0355574 0 -1.29223
14750 0.063539 0 -1.2424
14800 -0.0695639 0 -1.22037
14850 -0.0251713 0 -1.2489
14900 0.12186 0 -1.1884
14950 0.099288 0 -1.13563
15000 -0.129268 0 -1.33842
15050 -0.158653 0 -1.27254
15100 -0.061817 0 -1.25786
15150 -0.00906182 0 -1.17856
15200 -0.163944 0 -1.19029
15250 -0.105199 0 -1.1155
15300 -0.00285115 0 -1.08796
15350 0.0933319 0 -1.0322
15400 -0.178616 0 -1.23054
15450 -0.262809 0 -1.21292
15500 -0.13302 0 -1.18965
15550 -0.0572015 0 -1.07992
15600 -0.185117 0 -0.882746
15650 -0.229393 0 -0.999618
15700 -0.0532231 0 -1.02427
15750 0.0867356 0 -0.985376
15800 0.00844056 0 -1.06942
15850 -0.149978 0 -1.04658
15900 -0.0627852 0 -0.950954
15950 0.0928138 0 -0.921762
16000 -0.0525827 0 -0.653729
16050 -0.0873815 0 -0.538998
16100 -0.0534251 0 -0.27631
16150 -0.0165254 0 -0.243802
16200 0.0623258 0 -0.106485
16250 0.0496464 0 -0.104429
16300 0.0448436 0 -0.0136009
16350 0.0396114 0 -0.0384122
16400 0.00675645 0 -0.0993488
16450 -0.0051294 0 -0.0598649
16500 0.00211189 0 -0.0259774
16550 0.00103274 0 -0.00949575
16600 -0.00747631 0 0.0219495
16650 -0.00701909 0 0.0203675
16700 -0.0139909 0 0.0217812
16750 -0.0107211 0 0.0234384
16800 -0.0137285 0 0.0328103
16850 -0.0187452 0 0.0203458
16900 -0.0181103 0 0.0264496
16950 -0.0182681 0 0.0316764
17000 -0.00778605 0 0.0232453
