200 -0.0118402 0 0.0239304
250 -0.0103574 0 0.0163285
300 -0.00278548 0 0.0149238
350 -0.00335814 0 0.0176845
400 -0.00557697 0 0.0194495
450 -0.0141786 0 0.0202106
500 -0.014734 0 0.0184226
550 -0.0182951 0 0.0252739
600 -0.0237335 0 0.0295579
650 -0.0194308 0 0.0154904
700 -0.0165172 0 0.00590921
750 -0.0549131 0 -0.0317895
800 -0.0100451 0 -0.0680981
850 -0.20588 0 0.0763175
900 -0.304749 0 0.251501
950 -0.412125 0 0.47823
1000 -0.502429 0 0.347904
1050 -0.557745 0 0.245803
1100 -0.653326 0 0.149497
1150 -0.63103 0 0.187194
1200 -0.659008 0 0.399994
1250 -0.652065 0 0.48275
1300 -0.715969 0 0.347612
1350 -0.768874 0 0.303587
1400 -0.68313 0 0.237247
1450 -0.500969 0 0.231963
1500 -0.581655 0 0.411042
1550 -0.581357 0 0.392392
1600 -0.586125 0 0.248976
1650 -0.826588 0 0.199018
1700 -0.677174 0 0.153842
1750 -0.646255 0 0.379784
1800 -0.650943 0 0.493983
1850 -0.629898 0 0.423656
1900 -0.75269 0 0.272999
1950 -0.741677 0 0.174306
2000 -0.58381 0 0.263881
2050 -0.743358 0 0.460069
2100 -0.721813 0 0.475485
2150 -0.839552 0 0.396829
2200 -0.971072 0 0.310707
2250 -0.738503 0 0.24517
2300 -0.768102 0 0.428711
2350 -0.902466 0 0.538746
2400 -1.06626 0 0.531547
2450 -1.06909 0 0.474902
2500 -1.06373 0 0.421649
2550 -1.06145 0 0.573962
2600 -1.09712 0 0.660108
2650 -1.19739 0 0.619061
2700 -1.1859 0 0.56198
2750 -1.24023 0 0.644611
2800 -1.17939 0 0.650158
2850 -1.27089 0 0.712034
2900 -1.24814 0 0.543821
2950 -1.27262 0 0.716114
3000 -1.27835 0 0.677088
3050 -1.32147 0 0.652116
3100 -1.33117 0 0.564982
3150 -1.34883 0 0.756115
3200 -1.35425 0 0.617381
3250 -1.29078 0 0.630334
3300 -1.32289 0 0.539098
3350 -1.31998 0 0.627298
3400 -1.26255 0 0.615346
3450 -1.30272 0 0.554271
3500 -1.29859 0 0.565598
3550 -1.37938 0 0.65597
3600 -1.27346 0 0.632619
3650 -1.27036 0 0.590836
3700 -1.32005 0 0.632377
3750 -1.2948 0 0.675413
3800 -1.31589 0 0.637487
3850 -1.31337 0 0.611628
3900 -1.29634 0 0.723774
3950 -1.35443 0 0.765294
4000 -1.38727 0 0.695912
4050 -1.31955 0 0.61501
4100 -1.33933 0 0.758287
4150 -1.3218 0 0.731178
4200 -1.32506 0 0.701322
4250 -1.31621 0 0.589924
4300 -1.20495 0 0.827318
4350 -1.13287 0 0.773712
4400 -1.24437 0 0.736479
4450 -1.19563 0 0.573949
4500 -1.03447 0 0.704494
4550 -0.845322 0 0.74542
4600 -0.929637 0 0.604685
4650 -0.954318 0 0.476616
4700 -0.922776 0 0.528069
4750 -0.760955 0 0.61785
4800 -0.74474 0 0.424553
4850 -1.07512 0 0.346111
4900 -0.856152 0 0.253484
4950 -0.727044 0 0.398838
5000 -0.900409 0 0.606405
5050 -0.854656 0 0.54474
5100 -0.973629 0 0.381401
5150 -0.74611 0 0.223984
5200 -0.719954 0 0.508476
5250 -0.810369 0 0.585844
5300 -0.79632 0 0.468281
5350 -0.981592 0 0.405604
5400 -0.781052 0 0.276289
5450 -0.819244 0 0.426946
5500 -0.814905 0 0.536538
5550 -0.730093 0 0.431579
5600 -0.921759 0 0.28496
5650 -0.715452 0 0.232573
5700 -0.700347 0 0.484746
5750 -0.756941 0 0.564508
5800 -0.716692 0 0.463502
5850 -0.748586 0 0.320826
5900 -0.71464 0 0.174104
5950 -0.628383 0 0.332379
6000 -0.671516 0 0.5452
6050 -0.532236 0 0.392392
6100 -0.642996 0 0.27338
6150 -0.823832 0 0.149976
6200 -0.645105 0 0.186163
6250 -0.710121 0 0.482448
6300 -0.593971 0 0.47316
6350 -0.630638 0 0.328479
6400 -0.89911 0 0.260052
6450 -0.710721 0 0.167582
6500 -0.53357 0 0.360425
6550 -0.584872 0 0.459965
6600 -0.524851 0 0.391069
6650 -0.689041 0 0.298099
6700 -0.883695 0 0.202731
6750 -0.645397 0 0.199985
6800 -0.89244 0 0.465338
6850 -0.97928 0 0.497048
6900 -0.892081 0 0.423079
6950 -1.07171 0 0.37113
7000 -1.05654 0 0.40964
7050 -1.0534 0 0.558693
7100 -1.14139 0 0.657947
7150 -1.23267 0 0.590535
7200 -1.28706 0 0.494954
7250 -1.34662 0 0.716859
7300 -1.28502 0 0.72486
7350 -1.32138 0 0.693392
7400 -1.28289 0 0.528997
7450 -1.34051 0 0.712518
7500 -1.32131 0 0.672911
7550 -1.28551 0 0.671018
7600 -1.26608 0 0.563149
7650 -1.31283 0 0.764681
7700 -1.3263 0 0.67863
7750 -1.36125 0 0.613083
7800 -1.3747 0 0.548397
7850 -1.43755 0 0.698087
7900 -1.39002 0 0.717954
7950 -1.47271 0 0.550201
8000 -1.4259 0 0.552688
8050 -1.32444 0 0.725773
8100 -1.33646 0 0.73266
8150 -1.3058 0 0.565821
8200 -1.3124 0 0.529416
8250 -1.24266 0 0.616253
8300 -1.21078 0 0.606869
8350 -1.15679 0 0.549392
8400 -1.01962 0 0.626239
8450 -0.881908 0 0.708539
8500 -0.840747 0 0.667223
8550 -0.918557 0 0.59428
8600 -0.835268 0 0.586611
8650 -0.68391 0 0.725304
8700 -0.578642 0 0.688741
8750 -0.832659 0 0.515266
8800 -0.91113 0 0.286246
8850 -0.688206 0 0.388418
8900 -0.712413 0 0.510219
8950 -0.621797 0 0.431499
9000 -0.787706 0 0.289585
9050 -0.824384 0 0.195604
9100 -0.658336 0 0.386617
9150 -0.744715 0 0.422801
9200 -0.586829 0 0.267616
9250 -0.904019 0 0.253677
9300 -0.852389 0 0.22644
9350 -0.728229 0 0.322727
9400 -0.768447 0 0.550328
9450 -0.766827 0 0.418632
9500 -0.849908 0 0.350633
9550 -0.891345 0 0.225826
9600 -0.69242 0 0.328029
9650 -0.698515 0 0.451654
9700 -0.677893 0 0.427393
9750 -0.76078 0 0.358946
9800 -0.965394 0 0.265258
9850 -0.778134 0 0.187506
9900 -0.699326 0 0.348584
9950 -0.701853 0 0.386521
10000 -0.626255 0 0.265417
10050 -0.897921 0 0.303731
10100 -0.818559 0 0.226495
10150 -0.829771 0 0.196113
10200 -0.753779 0 0.325836
10250 -0.686235 0 0.343287
10300 -0.720167 0 0.359768
10350 -0.871677 0 0.215751
10400 -0.705452 0 0.207278
10450 -0.5642 0 0.190023
10500 -0.495718 0 0.26338
10550 -0.447687 0 0.220689
10600 -0.573038 0 0.123823
10650 0.0263945 0 -0.197023
10700 -0.561721 0 0.081418
10750 -0.417075 0 0.186684
10800 -0.635557 0 0.35933
10850 -0.712336 0 0.327354
10900 -0.849498 0 0.242128
10950 -0.780374 0 0.157453
11000 -0.708852 0 0.214979
11050 -0.725589 0 0.560202
11100 -0.621421 0 0.448621
11150 -0.748143 0 0.293302
11200 -0.736733 0 0.277027
11250 -0.568733 0 0.217534
11300 -0.55638 0 0.425252
11350 -0.521508 0 0.44836
11400 -0.616478 0 0.337417
11450 -0.913554 0 0.248705
11500 -0.83465 0 0.149619
11550 -0.639927 0 0.271921
11600 -0.563761 0 0.416163
11650 -0.54438 0 0.356607
11700 -0.631074 0 0.328202
11750 -0.666798 0 0.173486
11800 -0.791482 0 0.220884
11850 -1.06834 0 0.668353
11900 -1.05857 0 0.66907
11950 -1.20981 0 0.524422
12000 -1.1533 0 0.321638
12050 -1.1836 0 0.420999
12100 -1.20694 0 0.683582
12150 -1.30064 0 0.67734
12200 -1.36271 0 0.546107
12250 -1.36769 0 0.570433
12300 -1.2993 0 0.594218
12350 -1.27261 0 0.588418
12400 -1.30407 0 0.453084
12450 -1.37705 0 0.565581
12500 -1.41633 0 0.642249
12550 -1.38482 0 0.656089
12600 -1.32378 0 0.460811
12650 -1.35472 0 0.607598
12700 -1.2721 0 0.562712
12750 -1.25206 0 0.545518
12800 -1.2776 0 0.477057
12850 -1.34449 0 0.625076
12900 -1.3306 0 0.609122
12950 -1.2891 0 0.533246
13000 -1.34492 0 0.487461
13050 -1.38747 0 0.59766
13100 -1.31174 0 0.621075
13150 -1.43504 0 0.565151
13200 -1.47648 0 0.579602
13250 -1.41483 0 0.6543
13300 -1.34588 0 0.63187
13350 -1.38362 0 0.524877
13400 -1.32182 0 0.644168
13450 0.394366 0 -1.03704
13500 -1.18942 0 0.55491
13550 -1.19642 0 0.460994
13600 0.399153 0 -1.04549
13650 0.39435 0 -1.03427
13700 -1.18391 0 0.521788
13750 -1.29763 0 0.460573
13800 -1.29001 0 0.571901
13850 -1.27773 0 0.566604
13900 -1.33377 0 0.521957
13950 -1.34431 0 0.530572
14000 -1.3885 0 0.676913
14050 -1.39105 0 0.684829
14100 -1.34526 0 0.622434
14150 -1.36791 0 0.627828
14200 -1.29065 0 0.69838
14250 -1.33849 0 0.667322
14300 -1.2985 0 0.512475
14350 -1.23645 0 0.572848
14400 -1.20619 0 0.578716
14450 -1.19071 0 0.54526
14500 -1.07889 0 0.470912
14550 -1.09449 0 0.526223
14600 -0.998232 0 0.565438
14650 -1.01293 0 0.482533
14700 -0.99672 0 0.389609
14750 -0.894915 0 0.397431
14800 -0.896657 0 0.519332
14850 -0.949961 0 0.547697
14900 -1.03539 0 0.449248
14950 -0.892958 0 0.330602
15000 -0.733801 0 0.373026
15050 -0.813456 0 0.536293
15100 -0.754514 0 0.522813
15150 -0.948041 0 0.328942
15200 -0.880792 0 0.214195
15250 -0.655829 0 0.356199
15300 -0.75816 0 0.518608
15350 -0.698285 0 0.425683
15400 -0.725992 0 0.318404
15450 -0.820673 0 0.268725
15500 -0.652796 0 0.22215
15550 -0.649283 0 0.47331
15600 -0.515477 0 0.393997
15650 -0.659884 0 0.263373
15700 -0.892926 0 0.201097
15750 -0.809163 0 0.109376
15800 -0.6013 0 0.251666
15850 -0.679149 0 0.408323
15900 -0.593073 0 0.374706
15950 -0.750508 0 0.244512
16000 -0.982635 0 0.125145
16050 -0.735186 0 0.0938741
16100 -0.715279 0 0.297381
16150 -0.656883 0 0.377023
16200 -0.6479 0 0.373884
16250 -0.753575 0 0.289908
16300 -0.806258 0 0.207281
16350 -0.645046 0 0.264179
16400 -0.666051 0 0.434314
16450 -0.664825 0 0.443249
16500 -0.781578 0 0.346037
16550 -0.993921 0 0.322195
16600 -0.840032 0 0.290634
16650 -0.719716 0 0.483424
16700 -0.744731 0 0.468876
16750 -0.747321 0 0.3761
16800 -0.797351 0 0.267935
16850 -0.659289 0 0.233232
16900 -0.550052 0 0.40367
16950 -0.565099 0 0.436607
17000 -0.525169 0 0.277754
17050 -0.661993 0 0.222242
17100 -0.692977 0 0.133795
17150 -0.432163 0 0.257073
17200 -0.709249 0 0.429819
17250 -0.584402 0 0.357538
17300 -0.657958 0 0.291139
17350 -0.858274 0 0.217741
17400 -0.645737 0 0.175836
17450 -0.441043 0 0.439042
17500 -0.56643 0 0.429477
17550 -0.653111 0 0.34692
17600 -0.781612 0 0.272807
17650 -0.775121 0 0.18873
17700 -0.567212 0 0.240203
17750 -0.569605 0 0.458576
17800 -0.587007 0 0.445936
17850 -0.564515 0 0.29153
17900 -0.715822 0 0.218651
17950 -0.773231 0 0.139
18000 -0.583047 0 0.245902
18050 -0.437946 0 0.406653
18100 -0.566934 0 0.428862
18150 -0.493042 0 0.308386
18200 -0.677848 0 0.254553
18250 -0.859857 0 0.115769
18300 -0.638936 0 0.0907339
18350 -0.603708 0 0.305526
18400 -0.714122 0 0.426767
18450 -0.62276 0 0.343335
18500 -0.702093 0 0.29003
18550 -0.756633 0 0.165709
18600 -0.663741 0 0.210129
18650 -0.798262 0 0.60967
18700 -0.8928 0 0.574132
18750 -1.04309 0 0.557529
18800 -1.08951 0 0.410572
18850 -1.08925 0 0.506939
18900 -1.08605 0 0.744083
18950 -1.16314 0 0.686058
19000 -1.17516 0 0.561241
19050 -1.19465 0 0.515661
19100 -1.17961 0 0.676583
19150 -1.14927 0 0.803095
19200 -1.34015 0 0.76577
19250 -1.27278 0 0.582136
19300 -1.2816 0 0.63041
19350 -1.17908 0 0.601429
19400 -1.21204 0 0.549587
19450 -1.29286 0 0.507617
19500 -1.24862 0 0.659381
19550 -1.2903 0 0.647457
19600 -1.32965 0 0.655597
19650 -1.35868 0 0.59442
19700 -1.28317 0 0.750633
19750 -1.25024 0 0.722254
19800 -1.24513 0 0.627829
19850 -1.29104 0 0.565264
19900 -1.31216 0 0.722881
19950 -1.30933 0 0.710216
20000 -1.27464 0 0.666333
20050 -1.31384 0 0.63605
20100 -1.17001 0 0.793151
20150 -1.20721 0 0.760852
20200 -1.22131 0 0.645729
20250 -1.24346 0 0.565408
20300 -1.23362 0 0.589892
20350 -1.22028 0 0.593295
20400 -1.26516 0 0.539613
20450 -1.27106 0 0.586794
20500 -1.34563 0 0.731296
20550 -1.4188 0 0.687274
20600 -1.32687 0 0.577451
20650 -1.3116 0 0.642839
20700 -1.22765 0 0.760723
20750 -1.24446 0 0.700089
20800 -1.28956 0 0.610995
20850 -1.31183 0 0.61757
20900 -1.16355 0 0.699253
20950 -1.18869 0 0.663626
21000 -1.27405 0 0.5485
21050 -1.27741 0 0.494031
21100 -1.19752 0 0.579495
21150 -1.23557 0 0.511159
21200 -1.21647 0 0.406607
21250 -1.21752 0 0.405719
21300 -1.22287 0 0.422272
21350 -1.16624 0 0.363413
21400 -1.184 0 0.374042
21450 -1.22872 0 0.374337
21500 -1.17626 0 0.579665
21550 -1.20599 0 0.63405
21600 -1.35834 0 0.604364
21650 -1.33491 0 0.566984
21700 -1.25515 0 0.741135
21750 -1.29423 0 0.710145
21800 -1.28519 0 0.58769
21850 -1.26716 0 0.594336
21900 -1.28413 0 0.657472
21950 -1.26633 0 0.620069
22000 -1.31145 0 0.583096
22050 -1.36887 0 0.594726
22100 -1.33438 0 0.721467
22150 -1.35809 0 0.657647
22200 -1.33204 0 0.55225
22250 -1.3143 0 0.588641
22300 -1.25785 0 0.651534
22350 -1.27096 0 0.614507
22400 -1.26761 0 0.51062
22450 -1.32053 0 0.623105
22500 -1.31534 0 0.641897
22550 -1.33203 0 0.653221
22600 -1.38955 0 0.468988
22650 -1.37058 0 0.646973
22700 -1.29086 0 0.63807
22750 -1.25329 0 0.587177
22800 -1.15328 0 0.384281
22850 -1.13151 0 0.550207
22900 -1.09239 0 0.537581
22950 -1.09581 0 0.526691
23000 -1.17098 0 0.430706
23050 -1.0847 0 0.509446
23100 -0.906883 0 0.628856
23150 -1.01169 0 0.53509
23200 -1.1426 0 0.45996
23250 -1.11726 0 0.355923
23300 -0.875063 0 0.518356
23350 -1.01244 0 0.562817
23400 -1.09104 0 0.451562
23450 -1.06865 0 0.325966
23500 -0.901538 0 0.408883
23550 -0.841493 0 0.58386
23600 -0.840577 0 0.444776
23650 -1.00876 0 0.326648
23700 -0.881384 0 0.271184
23750 -0.733542 0 0.422915
23800 -0.944677 0 0.499494
23850 -0.91598 0 0.34519
23900 -1.04712 0 0.267058
23950 -0.818154 0 0.268664
24000 -0.866146 0 0.409699
24050 -0.919221 0 0.465047
24100 -0.971289 0 0.36732
24150 -0.962696 0 0.235386
24200 -0.735044 0 0.301554
24250 -0.768883 0 0.366276
24300 -0.68189 0 0.344857
24350 -0.843707 0 0.288012
24400 -1.05748 0 0.208947
24450 -0.735975 0 0.153816
24500 -0.769758 0 0.349909
24550 -0.677419 0 0.476093
24600 -0.782414 0 0.323543
24650 -1.06237 0 0.220148
24700 -0.715125 0 0.143344
24750 -0.53708 0 0.272775
24800 -0.651296 0 0.420069
24850 -0.64433 0 0.38468
24900 -0.822149 0 0.265779
24950 -1.03881 0 0.175875
25000 -0.706492 0 0.15723
25050 -0.603874 0 0.29898
25100 -0.662952 0 0.386239
25150 -0.638484 0 0.342809
25200 -0.734759 0 0.237416
25250 -0.86518 0 0.182771
25300 -0.755676 0 0.178878
25350 -0.798462 0 0.458064
25400 -0.962587 0 0.536355
25450 -1.00848 0 0.445371
25500 -1.13974 0 0.406451
25550 -1.11011 0 0.431077
25600 -1.1502 0 0.703496
25650 -1.12541 0 0.784776
25700 -1.2816 0 0.669788
25750 -1.24692 0 0.510897
25800 -1.34401 0 0.632085
25850 -1.26679 0 0.583379
25900 -1.29583 0 0.626031
25950 -1.25168 0 0.522615
26000 -1.32764 0 0.722151
26050 -1.27449 0 0.701626
26100 -1.31572 0 0.686082
26150 -1.32259 0 0.538527
26200 -1.37047 0 0.682063
26250 -1.33652 0 0.635214
26300 -1.41002 0 0.575092
26350 -1.38077 0 0.515106
26400 -1.35177 0 0.671224
26450 -1.30389 0 0.68246
26500 -1.31825 0 0.637678
26550 -1.30646 0 0.587729
26600 -1.23035 0 0.778134
26650 -1.24236 0 0.731336
26700 -1.24286 0 0.666916
26750 -1.23439 0 0.569493
26800 -1.21645 0 0.738708
26850 -1.1396 0 0.732166
26900 -1.12224 0 0.658297
26950 -1.0216 0 0.523345
27000 -0.868229 0 0.667262
27050 -0.892813 0 0.628752
27100 -1.00807 0 0.469198
27150 -1.03768 0 0.315034
27200 -0.934613 0 0.353337
27250 -0.943255 0 0.477669
27300 -0.832319 0 0.377011
27350 -1.08261 0 0.314503
27400 -0.960461 0 0.228607
27450 -0.767288 0 0.413562
27500 -0.888949 0 0.507668
27550 -0.839696 0 0.44108
27600 -1.04171 0 0.323149
27650 -0.929623 0 0.214078
27700 -0.815178 0 0.290454
27750 -0.854884 0 0.28674
27800 -0.80814 0 0.333979
27850 -0.932619 0 0.211671
27900 -0.694595 0 0.184901
27950 -0.556951 0 0.305523
28000 -0.501694 0 0.411376
28050 -0.491496 0 0.268885
28100 -0.627099 0 0.072774
28150 -0.290018 0 0.0445026
28200 -0.0838273 0 0.130542
28250 0.285116 0 -0.458084
28300 -0.233811 0 -0.10765
28350 -0.0117837 0 -0.149697
28400 -0.0184821 0 0.102429
28450 0.0104325 0 -0.0633109
28500 -0.0242838 0 -0.0402534
28550 0.00201809 0 -0.0289945
28600 -0.0209641 0 -0.0190949
28650 -0.0212296 0 -0.0049254
28700 -0.0209478 0 0.0102505
28750 -0.0219704 0 0.0133004
28800 -0.0139545 0 0.0214288
28850 -0.00821869 0 0.0166234
28900 -0.00711025 0 0.0144164
28950 -0.00368668 0 0.00835645
29000 -0.00384356 0 0.00379371
29050 -0.00366745 0 0.0126721
29100 -0.00608482 0 0.012123
29150 -0.00947568 0 0.0174592
29200 -0.011852 0 0.0217755
29250 -0.0144956 0 0.0234797
29300 -0.0249467 0 0.0421987
29350 -0.0204456 0 0.0456962
29400 -0.027768 0 0.0584617
29450 0.0256524 0 -0.0486573
