200 -0.0174554 0 0.028536
250 -0.0148584 0 0.0283864
300 -0.0223868 0 0.0410768
350 -0.000191681 0 0.0169255
400 -0.0115357 0 0.015498
450 -0.0142582 0 0.0191291
500 -0.0129398 0 0.00547381
550 -0.00948319 0 0.0133763
600 -0.0132205 0 0.0215662
650 -0.014579 0 0.0309872
700 -0.00688222 0 0.0175847
750 -0.012399 0 0.0272657
800 -0.0123229 0 0.0306457
850 -0.0149386 0 0.0179223
900 -0.00929133 0 0.0210649
950 -0.016424 0 0.0275781
1000 -0.0103369 0 0.024664
1050 -0.00852718 0 0.0147603
1100 0.0187804 0 -0.00714167
1150 0.0425359 0 -0.0788977
1200 -0.0767592 0 -0.150124
1250 -0.136879 0 -0.295253
1300 -0.162532 0 -0.295892
1350 0.0830436 0 -0.50617
1400 0.127942 0 -0.625626
1450 0.0793821 0 -0.63367
1500 0.0343001 0 -0.509423
1550 -0.089129 0 -0.609721
1600 -0.154464 0 -0.646684
1650 0.0559911 0 -0.736902
1700 0.0339461 0 -0.756326
1750 0.0979957 0 -0.835363
1800 -0.0482532 0 -0.697488
1850 -0.180232 0 -0.688996
1900 -0.203143 0 -0.701421
1950 -0.0495587 0 -0.733314
2000 0.0169322 0 -0.767338
2050 -0.0320832 0 -0.592074
2100 0.00474986 0 -0.580322
2150 -0.116545 0 -0.515584
2200 -0.143353 0 -0.412179
2250 -0.0275973 0 -0.502438
2300 -0.00246018 0 -0.521166
2350 0.0369318 0 -0.531153
2400 0.0156916 0 -0.535925
2450 -0.115161 0 -0.553934
2500 -0.079004 0 -0.485993
2550 -0.0833313 0 -0.509366
2600 0.0572058 0 -0.553144
2650 0.0837575 0 -0.532642
2700 0.0422937 0 -0.460967
2750 -0.0438469 0 -0.641175
2800 -0.127853 0 -0.632793
2850 -0.0106988 0 -0.743521
2900 0.122815 0 -1.02388
2950 0.136332 0 -0.994402
3000 0.0639912 0 -1.10541
3050 -0.100631 0 -1.04443
3100 -0.0283823 0 -0.968332
3150 0.0117198 0 -1.02717
3200 0.00818747 0 -1.04715
3250 -0.0958073 0 -1.39038
3300 -0.0507988 0 -1.36491
3350 -0.00443688 0 -1.30847
3400 0.0858571 0 -1.29275
3450 -0.0460944 0 -1.22644
3500 0.0381601 0 -1.26015
3550 0.056725 0 -1.27943
3600 -0.04856 0 -1.45529
3650 0.0484972 0 -1.4475
3700 0.235582 0 -1.39545
3750 0.148928 0 -1.3068
3800 0.150398 0 -1.33681
3850 -0.0742873 0 -1.42368
3900 0.0151523 0 -1.41151
3950 -0.00542226 0 -1.36818
4000 0.0882033 0 -1.44509
4050 -0.0599337 0 -1.55214
4100 0.0819774 0 -1.44475
4150 -0.0594482 0 -1.45717
4200 0.116331 0 -1.42811
4250 0.0373331 0 -1.47528
4300 0.0192448 0 -1.50461
4350 -0.0695404 0 -1.56517
4400 0.186948 0 -1.48073
4450 0.0432551 0 -1.50228
4500 0.0709609 0 -1.32165
4550 0.0935632 0 -1.20191
4600 0.212621 0 -1.2601
4650 0.0746889 0 -1.34473
4700 0.197183 0 -1.23046
4750 0.206785 0 -1.26709
4800 0.192534 0 -1.12924
4850 0.136998 0 -1.15058
4900 0.0685273 0 -1.17982
4950 0.273413 0 -1.06438
5000 0.208292 0 -1.16681
5050 0.179319 0 -1.05809
5100 0.100146 0 -1.23215
5150 0.0536447 0 -1.04501
5200 0.123596 0 -1.00252
5250 0.122458 0 -1.00747
5300 0.0631198 0 -0.904881
5350 0.04933 0 -1.08238
5400 -0.0396937 0 -0.919865
5450 0.103004 0 -0.997975
5500 0.175918 0 -0.912987
5550 0.0950748 0 -0.797038
5600 0.030838 0 -0.866159
5650 0.120891 0 -0.666365
5700 0.35685 0 -0.776952
5750 0.334834 0 -0.685677
5800 0.0280894 0 -0.778617
5850 0.0669754 0 -0.741024
5900 -0.0617325 0 -0.74643
5950 0.034957 0 -0.670707
6000 0.174457 0 -0.834552
6050 0.134988 0 -0.642089
6100 0.116591 0 -0.57116
6150 -0.0243541 0 -0.649728
6200 0.0372894 0 -0.535573
6250 0.132805 0 -0.518557
6300 0.0661789 0 -0.513243
6350 -0.0948963 0 -0.508734
6400 -0.0398796 0 -0.581649
6450 -0.114814 0 -0.663247
6500 0.0255493 0 -0.617383
6550 0.0463932 0 -0.724012
6600 -0.0313956 0 -0.644711
6650 0.0434224 0 -0.639818
6700 -0.0765769 0 -0.69503
6750 -0.0987592 0 -0.587662
6800 0.0714014 0 -0.598056
6850 0.0234741 0 -0.544655
6900 -0.0532982 0 -0.505069
6950 -0.455712 0 0.269364
7000 -0.36352 0 0.196063
7050 -0.222868 0 -0.174348
7100 -0.0836453 0 -0.103841
7150 0.025651 0 0.0121517
7200 -0.00462764 0 -0.0247816
7250 -0.0176182 0 -0.0136951
7300 -0.0185832 0 0.015333
7350 -0.0188055 0 0.00234683
7400 -0.0230616 0 0.0230545
7450 -0.015715 0 0.0479432
7500 -0.0173807 0 0.0408824
7550 -0.0208104 0 0.0271617
7600 -0.0196201 0 0.00787767
7650 -0.0233095 0 -0.00977036
7700 -0.0117137 0 -0.112008
7750 0.0781977 0 -0.223328
7800 0.139059 0 -0.401237
7850 0.16276 0 -0.414622
7900 -0.00867181 0 -0.431154
7950 -0.146815 0 -0.677679
8000 -0.288969 0 -0.039748
8050 -0.0629826 0 -0.764753
8100 0.0126863 0 -0.738923
8150 0.0396876 0 -0.727724
8200 -0.0200439 0 -0.855146
8250 0.00819805 0 -0.843731
8300 -0.0924403 0 -0.814712
8350 -0.0355098 0 -0.998561
8400 0.0344365 0 -0.961514
8450 -0.108865 0 -1.12624
8500 -0.0943464 0 -1.24522
8550 0.045151 0 -1.21263
8600 0.146411 0 -1.15888
8650 0.170463 0 -1.16552
8700 0.0356144 0 -1.1537
8750 0.0208204 0 -1.12828
8800 0.08539 0 -1.31708
8850 0.0195804 0 -1.23097
8900 0.146412 0 -1.38619
8950 0.129189 0 -1.28207
9000 0.157501 0 -1.3861
9050 0.198941 0 -1.27127
9100 0.187983 0 -1.43223
9150 0.184155 0 -1.26873
9200 0.25522 0 -1.34569
9250 0.430899 0 -1.13539
9300 0.231829 0 -1.26961
9350 0.24936 0 -1.30718
9400 0.112708 0 -1.38438
9450 0.212734 0 -1.37785
9500 0.181932 0 -1.40106
9550 0.215064 0 -1.32277
9600 0.077215 0 -1.3404
9650 0.0636859 0 -1.25768
9700 -0.0423517 0 -1.31436
9750 -0.0651754 0 -1.27423
9800 0.0994209 0 -1.21718
9850 0.11208 0 -1.19864
9900 0.163986 0 -1.22412
9950 0.18265 0 -1.26777
10000 0.260027 0 -1.33696
10050 0.14654 0 -1.40618
10100 0.0801394 0 -1.43867
10150 0.0541352 0 -1.42668
10200 0.237899 0 -1.40854
10250 -0.0406658 0 -1.37594
10300 0.0877345 0 -1.43166
10350 -0.0498885 0 -1.45885
10400 0.0904354 0 -1.54197
10450 0.0100438 0 -1.48547
10500 0.115479 0 -1.36392
10550 -0.060989 0 -1.47757
10600 0.0645259 0 -1.36979
10650 0.0858956 0 -1.51673
10700 0.12971 0 -1.43501
10750 0.0287844 0 -1.54234
10800 0.0331943 0 -1.5429
10850 -0.0609026 0 -1.52749
10900 -0.00953854 0 -1.21248
10950 -0.0254153 0 -1.44495
11000 -0.0197912 0 -1.50365
11050 -0.117686 0 -1.30842
11100 0.11987 0 -1.22596
11150 -0.18721 0 -1.24505
11200 -0.101129 0 -1.24126
11250 -0.18361 0 -1.31246
11300 0.0196617 0 -1.32282
11350 0.0174432 0 -1.18727
11400 -0.0538441 0 -1.00703
11450 -0.0319436 0 -0.940065
11500 -0.046916 0 -0.956047
11550 0.0685771 0 -1.17985
11600 0.0994736 0 -1.0539
11650 0.111232 0 -1.14211
11700 0.059559 0 -0.932734
11750 0.00367251 0 -1.02084
11800 0.0261999 0 -0.9751
11850 0.0501166 0 -0.909172
11900 -0.0426344 0 -1.00601
11950 -0.069112 0 -0.824711
12000 0.0372202 0 -1.02967
12050 -0.0252161 0 -0.930503
12100 0.00336393 0 -0.871028
12150 -0.0279706 0 -1.12217
12200 -0.0031033 0 -0.921238
12250 0.166238 0 -1.06393
12300 0.268917 0 -0.93924
12350 0.257831 0 -0.98611
12400 0.067683 0 -1.12018
12450 -0.011728 0 -1.22701
12500 0.112004 0 -1.22569
12550 0.0806377 0 -0.997757
12600 0.0717933 0 -0.97233
12650 -0.0921341 0 -0.917381
12700 -0.0447934 0 -0.750077
12750 0.0883933 0 -0.963615
12800 0.125149 0 -0.857522
12850 0.129752 0 -0.822489
12900 -0.109454 0 -0.990784
12950 -0.0772769 0 -0.77843
13000 0.024729 0 -0.913025
13050 -0.0391119 0 -0.827453
13100 0.0711615 0 -0.751981
13150 -0.0627765 0 -0.957252
13200 -0.109126 0 -0.895557
13250 -0.0286625 0 -0.953569
13300 0.0948483 0 -0.937723
13350 0.00217701 0 -0.883968
13400 0.0408127 0 -0.93228
13450 -0.0912673 0 -0.867267
13500 -0.000852932 0 -0.680231
13550 -0.0213011 0 -0.885472
13600 -0.109039 0 -0.700794
13650 -0.0216908 0 -0.672225
13700 -0.0858858 0 -0.816409
13750 0.0889177 0 -0.738578
13800 0.0871347 0 -0.724045
13850 0.182639 0 -0.723613
13900 0.176769 0 -0.664586
13950 0.160091 0 -0.811927
14000 0.103831 0 -0.857205
14050 0.205734 0 -0.702089
14100 0.328969 0 -0.869333
14150 0.191274 0 -0.820044
14200 0.161787 0 -0.718155
14250 0.116167 0 -0.763255
14300 0.016208 0 -0.572789
14350 0.172278 0 -0.612047
14400 0.205767 0 -0.560366
14450 0.0305911 0 -0.610735
14500 0.141392 0 -0.755157
14550 0.0761114 0 -0.798028
14600 0.232871 0 -0.582226
14650 0.234664 0 -0.721899
14700 0.0836532 0 -0.75552
14750 0.197199 0 -0.628638
14800 0.08223 0 -0.763418
14850 -0.0193558 0 -0.782103
14900 0.114415 0 -0.674798
14950 0.2371 0 -0.73757
15000 0.0715697 0 -0.740012
15050 -0.0972221 0 -0.704316
15100 -0.0373725 0 -0.916221
15150 0.000232922 0 -0.940681
15200 0.0795754 0 -0.956244
15250 0.0612209 0 -1.10309
15300 -0.0241361 0 -1.0748
15350 0.0163532 0 -1.14433
15400 0.0200143 0 -1.06053
15450 -0.00290437 0 -1.0742
15500 0.118085 0 -1.11989
15550 0.193055 0 -1.06568
15600 0.251627 0 -1.27133
15650 0.143772 0 -1.19738
15700 0.362712 0 -1.30833
15750 0.224883 0 -1.21038
15800 -0.0529143 0 -1.27673
15850 -0.0651342 0 -1.34881
15900 0.0128117 0 -1.3748
15950 0.0972572 0 -1.29227
16000 0.183825 0 -1.37015
16050 0.157484 0 -1.30297
16100 0.0596702 0 -1.23999
16150 0.0237477 0 -1.27555
16200 0.0301061 0 -1.26427
16250 -0.150413 0 -1.38368
16300 -0.107403 0 -1.40961
16350 -0.0383589 0 -1.48029
16400 -0.017448 0 -1.30791
16450 -0.0232057 0 -1.30256
16500 0.00332199 0 -1.27415
16550 -0.0265547 0 -1.38832
16600 0.0370246 0 -1.27907
16650 -0.00777888 0 -1.35983
16700 0.0409172 0 -1.22025
16750 0.0570304 0 -1.27463
16800 0.164268 0 -1.18923
16850 0.117111 0 -1.32667
16900 0.160026 0 -1.3531
16950 0.047598 0 -1.51631
17000 0.0374668 0 -1.30673
17050 -0.0707926 0 -1.35507
17100 0.232976 0 -1.3117
17150 -0.0296574 0 -1.39578
17200 0.045335 0 -1.2683
17250 -0.0141752 0 -1.28624
17300 0.259542 0 -1.22213
17350 0.175319 0 -1.28149
17400 0.109021 0 -1.23882
17450 0.164002 0 -1.1902
17500 0.138166 0 -1.14275
17550 0.145523 0 -1.07782
17600 0.185933 0 -0.952082
17650 0.171048 0 -0.96942
17700 0.0416942 0 -0.982191
17750 0.0547939 0 -0.832765
17800 0.16799 0 -1.02883
17850 0.145038 0 -0.879544
17900 0.028472 0 -0.933563
17950 0.0332132 0 -0.830767
18000 0.0347901 0 -0.950542
18050 0.158236 0 -0.935736
18100 0.0830794 0 -0.932674
18150 0.0807305 0 -1.00648
18200 0.0808968 0 -0.854028
18250 0.0347725 0 -0.860454
18300 0.0737307 0 -0.858612
18350 0.0405371 0 -1.02575
18400 -0.0881609 0 -0.91238
18450 -0.0585287 0 -0.764463
18500 -0.0750752 0 -0.90649
18550 -0.026873 0 -0.715316
18600 -0.13412 0 -0.917949
18650 -0.137522 0 -0.831775
18700 0.102079 0 -0.879514
18750 0.144464 0 -0.886668
18800 0.204562 0 -0.847501
18850 0.0880037 0 -0.994513
18900 0.0444247 0 -0.851681
18950 0.156391 0 -0.976987
19000 0.121705 0 -0.919866
19050 0.085845 0 -0.853547
19100 0.0109606 0 -1.04215
19150 -0.0489277 0 -0.882776
19200 0.0177381 0 -1.05569
19250 0.064844 0 -0.898768
19300 0.0880479 0 -0.889202
19350 0.0228268 0 -1.10122
19400 0.0149895 0 -0.856759
19450 0.0749679 0 -0.924642
19500 0.158591 0 -0.81666
19550 0.00608671 0 -0.727504
19600 0.126812 0 -0.839704
19650 0.014457 0 -0.881927
19700 0.0969818 0 -0.776566
19750 0.152469 0 -1.01967
19800 0.143679 0 -0.732729
19850 0.212575 0 -0.749632
19900 -0.0878256 0 -0.741309
19950 -0.00657304 0 -0.684997
20000 0.0999495 0 -0.726921
20050 0.0720284 0 -0.668469
20100 0.0750313 0 -0.739224
20150 0.0140514 0 -0.723234
20200 0.00196785 0 -0.743665
20250 0.0676769 0 -0.633938
20300 0.142751 0 -0.775224
20350 0.1093 0 -0.728002
20400 0.0287058 0 -0.717081
20450 -0.0241876 0 -0.739999
20500 0.00209529 0 -0.683858
20550 0.127786 0 -0.553695
20600 0.18276 0 -0.51258
20650 0.206119 0 -0.590866
20700 0.0383698 0 -0.435729
20750 0.00340443 0 -0.545246
20800 -0.0357909 0 -0.599871
20850 -0.0189602 0 -0.534099
20900 0.14696 0 -0.396008
20950 0.271119 0 -0.577257
21000 0.0771714 0 -0.440906
21050 -0.0169511 0 -0.427565
21100 -0.0595049 0 -0.581678
21150 -0.0130447 0 -0.495867
21200 0.123998 0 -0.454119
21250 0.272586 0 -0.394918
21300 0.309582 0 -0.494317
21350 0.114375 0 -0.36987
21400 0.0788853 0 -0.381599
21450 -0.0654131 0 -0.354924
21500 -0.0560648 0 -0.325604
21550 0.0104773 0 0.0888611
21600 0.138783 0 -0.387338
21650 0.18501 0 -0.435065
21700 0.000863364 0 -0.377545
21750 -0.0240049 0 -0.497953
21800 -0.0770183 0 -0.577997
21850 -0.0367076 0 -0.647264
21900 0.0643534 0 -0.650878
21950 0.0903657 0 -0.762222
22000 0.115338 0 -0.773427
22050 0.0870944 0 -0.75177
22100 0.225149 0 -0.931841
22150 0.256945 0 -0.984892
22200 0.422216 0 -1.1091
22250 0.450328 0 -1.1402
22300 0.37176 0 -1.07745
22350 0.152296 0 -1.22726
22400 0.230504 0 -1.05414
22450 0.281672 0 -1.22268
22500 0.299715 0 -1.09795
22550 0.307668 0 -1.16304
22600 0.325902 0 -1.31059
22650 0.450971 0 -1.19369
22700 0.537139 0 -1.12112
22750 0.533664 0 -1.0615
22800 0.37112 0 -1.17951
22850 0.25158 0 -1.13857
22900 -0.100224 0 -1.24215
22950 0.049289 0 -1.05992
23000 0.0996478 0 -1.36865
23050 0.190777 0 -1.16575
23100 0.0105761 0 -1.21805
23150 0.0986476 0 -1.20877
23200 -0.0303375 0 -1.24251
23250 0.162552 0 -1.06867
23300 0.231276 0 -1.13941
23350 0.298705 0 -1.07664
23400 0.287529 0 -1.22683
23450 0.241482 0 -1.13269
23500 0.241978 0 -1.13565
23550 0.346673 0 -0.974823
23600 0.0480334 0 -1.2294
23650 0.102704 0 -1.18817
23700 0.216021 0 -1.26237
23750 0.204865 0 -1.20894
23800 0.315063 0 -1.14963
23850 0.108202 0 -1.34877
23900 0.121891 0 -1.17622
23950 0.00648393 0 -1.20844
24000 0.0970223 0 -1.03661
24050 0.218401 0 -1.2583
24100 0.119945 0 -1.18684
24150 0.16289 0 -1.26448
24200 0.112667 0 -1.25162
24250 0.147267 0 -1.39039
24300 0.238126 0 -1.24874
24350 0.2015 0 -1.36976
24400 0.166714 0 -1.2721
24450 0.137511 0 -1.42106
24500 0.223844 0 -1.36259
24550 0.266166 0 -1.32182
24600 0.185591 0 -1.27147
24650 0.0608503 0 -1.40975
24700 0.0645379 0 -1.40399
24750 -0.0522363 0 -1.47223
24800 0.0433282 0 -1.45684
24850 0.0498884 0 -1.52415
24900 0.279828 0 -1.466
24950 0.280076 0 -1.39757
25000 0.33573 0 -1.35226
25050 0.247164 0 -1.38396
25100 0.276832 0 -1.43318
25150 0.18222 0 -1.39754
25200 0.22573 0 -1.31206
25250 0.0960746 0 -1.40926
25300 0.245413 0 -1.42017
25350 0.26513 0 -1.26907
25400 0.230814 0 -1.40879
25450 0.114713 0 -1.35784
25500 0.0917919 0 -1.30951
25550 0.101985 0 -1.37418
25600 0.184225 0 -1.30837
25650 0.0162255 0 -1.47412
25700 0.092854 0 -1.40869
25750 0.108123 0 -1.43532
25800 0.132742 0 -1.40009
25850 0.224832 0 -1.32743
25900 0.339025 0 -1.2565
25950 0.0844517 0 -1.40791
26000 0.0966773 0 -1.361
26050 0.0653595 0 -1.49567
26100 0.232265 0 -1.39814
26150 0.345933 0 -1.42069
26200 0.303514 0 -1.41916
26250 0.0726403 0 -1.47559
26300 0.138103 0 -1.32711
26350 0.0937129 0 -1.42397
26400 0.130354 0 -1.30399
26450 -0.0431004 0 -1.41206
26500 0.114121 0 -1.40271
26550 -0.0089693 0 -1.51375
26600 -0.0130646 0 -1.49373
26650 -0.0161464 0 -1.50289
26700 0.158394 0 -1.4851
26750 0.124412 0 -1.5119
26800 0.125517 0 -1.43203
26850 -0.0385673 0 -1.61612
26900 0.173169 0 -1.50358
26950 0.19455 0 -1.57171
27000 0.335409 0 -1.41333
27050 0.250273 0 -1.60371
27100 0.249526 0 -1.53646
27150 0.144868 0 -1.63724
27200 0.168629 0 -1.44911
27250 0.186691 0 -1.49687
27300 0.186702 0 -1.34995
27350 0.115473 0 -1.50904
27400 0.047924 0 -1.52653
27450 0.115857 0 -1.53299
27500 0.170926 0 -1.5774
27550 0.283223 0 -1.51289
27600 -0.0434806 0 -1.44771
27650 -0.0463605 0 -1.52432
27700 0.197102 0 -1.4515
27750 0.252286 0 -1.43939
27800 0.140609 0 -1.45717
27850 0.215239 0 -1.45687
27900 -0.0507052 0 -1.47733
27950 0.111176 0 -1.57629
28000 0.119213 0 -1.5468
28050 0.225581 0 -1.42749
28100 0.0659498 0 -1.53577
28150 0.106477 0 -1.62711
28200 0.0601633 0 -1.59107
28250 0.143578 0 -1.53476
28300 -0.0481254 0 -1.38044
28350 -0.0787728 0 -1.27529
28400 -0.115153 0 -1.2963
28450 -0.0636288 0 -1.2649
28500 -0.0329327 0 -1.28614
28550 -0.0451941 0 -1.35237
28600 0.0662292 0 -1.29707
28650 0.0932518 0 -1.33808
28700 0.114504 0 -1.28603
28750 0.142216 0 -1.13558
28800 -0.007187 0 -1.19206
28850 0.0878113 0 -1.07077
28900 0.217 0 -1.20366
28950 0.182365 0 -1.04547
29000 0.165617 0 -1.26868
29050 0.0834483 0 -1.07008
29100 0.185854 0 -1.16108
29150 0.189417 0 -1.07979
29200 -0.0468594 0 -1.18111
29250 -0.21797 0 -1.25727
29300 -0.11524 0 -1.12942
29350 0.0376592 0 -1.17407
29400 0.0882168 0 -1.03456
29450 -0.0110792 0 -1.25185
29500 0.0744571 0 -0.981963
29550 0.0818627 0 -1.12769
29600 0.126759 0 -1.00235
29650 0.00337814 0 -0.977427
29700 -0.0805335 0 -0.968906
29750 -0.068127 0 -0.773999
29800 -0.0508367 0 -0.969056
29850 0.0861285 0 -0.75971
29900 0.082362 0 -0.85072
29950 0.00507365 0 -0.989188
30000 -0.0146639 0 -0.829876
30050 0.0375289 0 -1.02557
30100 -0.0117616 0 -0.807111
30150 -0.0470611 0 -0.897714
30200 -0.0547007 0 -0.825391
30250 0.0256849 0 -0.835764
30300 0.173771 0 -0.809411
30350 0.0749199 0 -0.688386
30400 0.0776808 0 -0.720937
30450 0.05659 0 -0.518069
30500 0.143196 0 -0.593672
30550 0.179784 0 -0.702071
30600 -0.0230762 0 -0.513297
30650 -0.0798747 0 -0.588412
30700 -0.106098 0 -0.500581
30750 0.0608801 0 -0.356344
30800 0.161836 0 -0.401333
30850 0.0933179 0 -0.335582
30900 -0.0912018 0 -0.353886
30950 -0.202126 0 -0.227457
31000 -0.315052 0 0.164403
31050 -0.202291 0 0.0622214
31100 -0.167975 0 0.0637791
31150 -0.00259152 0 0.0549582
31200 -0.0055711 0 0.0379665
31250 0.00172221 0 0.0705702
31300 -0.00420801 0 0.0563885
31350 0.00527414 0 0.00578754
31400 -0.000717734 0 0.0388389
31450 -0.00472931 0 0.0365408
31500 -0.0176151 0 0.0261541
31550 -0.0196413 0 0.0183483
31600 -0.0156584 0 0.0223471
31650 -0.0152034 0 0.0122498
31700 -0.0178586 0 0.0198776
31750 -0.0136387 0 0.0343009
31800 -0.0147841 0 0.0319499
31850 -0.0218639 0 0.0165548
31900 -0.018998 0 0.0207928
31950 -0.0124301 0 0.0265286
