200 0.0114603 0 -0.0242414
250 0.00611976 0 -0.0172209
300 0.00361518 0 -0.0354702
350 0.0402849 0 -0.0877997
400 0.069666 0 -0.167521
450 -0.000509687 0 -0.502446
500 -0.0362273 0 -0.892865
550 -0.0974091 0 -0.89852
600 0.0482398 0 -0.999123
650 0.0649332 0 -1.13568
700 -0.12613 0 -1.18728
750 -0.277799 0 -1.19341
800 -0.0885283 0 -1.30103
850 -0.0369117 0 -1.25133
900 -0.148272 0 -1.29798
950 -0.194989 0 -1.29396
1000 -0.11916 0 -1.28734
1050 -0.0387638 0 -1.22961
1100 -0.215306 0 -1.24705
1150 -0.230087 0 -1.22675
1200 -0.0914994 0 -1.23306
1250 -0.00255246 0 -1.1505
1300 -0.227217 0 -1.20996
1350 -0.169438 0 -1.20502
1400 -0.0614428 0 -1.205
1450 0.0187468 0 -1.12483
1500 -0.239615 0 -1.1979
1550 -0.164922 0 -1.15545
1600 -0.000188907 0 -1.14394
1650 0.00827299 0 -1.08639
1700 -0.133698 0 -1.15215
1750 -0.0797233 0 -1.125
1800 0.0300943 0 -1.14844
1850 0.000418224 0 -1.139
1900 -0.0783254 0 -1.12689
1950 -0.0903047 0 -1.09147
2000 -0.0242595 0 -1.20408
2050 0.0452268 0 -1.10953
2100 -0.0589666 0 -1.1906
2150 -0.2251 0 -1.1099
2200 -0.0115689 0 -1.09319
2250 0.117672 0 -1.0852
2300 0.0321415 0 -1.06466
2350 -0.247425 0 -1.07806
2400 -0.157905 0 -0.943942
2450 0.052413 0 -1.11072
2500 0.117797 0 -0.89567
2550 -0.0717472 0 -0.949008
2600 -0.145958 0 -0.838327
2650 -0.107163 0 -0.798569
2700 0.117699 0 -0.996386
2750 0.106703 0 -0.884293
2800 -0.0524494 0 -0.931989
2850 -0.103613 0 -0.913695
2900 -0.0742891 0 -0.907492
2950 0.0739963 0 -1.136
3000 0.0703367 0 -1.22486
3050 -0.10475 0 -1.16702
3100 -0.135932 0 -1.20326
3150 -0.0407109 0 -1.32259
3200 -0.0174977 0 -1.27437
3250 -0.142593 0 -1.28235
3300 -0.142603 0 -1.2659
3350 -0.0422013 0 -1.27565
3400 -0.0594524 0 -1.33243
3450 -0.181454 0 -1.2645
3500 -0.1374 0 -1.30091
3550 -0.0375383 0 -1.22161
3600 -0.113253 0 -1.21698
3650 -0.134658 0 -1.17876
3700 -0.0679934 0 -1.14574
3750 -0.0380179 0 -1.23301
3800 -0.129745 0 -1.13261
3850 -0.0911869 0 -1.18283
3900 -0.051406 0 -1.16404
3950 -0.0748638 0 -1.17195
4000 -0.107594 0 -1.15473
4050 -0.0743383 0 -1.11654
4100 -0.0542604 0 -1.18432
4150 -0.139688 0 -1.15445
4200 -0.116635 0 -1.21629
4250 -0.0728561 0 -1.2503
4300 -0.132589 0 -1.23554
4350 -0.145215 0 -1.26752
4400 -0.0625574 0 -1.20255
4450 -0.0730763 0 -1.28817
4500 -0.179953 0 -1.20205
4550 -0.0941133 0 -1.24593
4600 -0.0483253 0 -1.25009
4650 -0.133739 0 -1.25825
4700 -0.139565 0 -1.30291
4750 -0.0841188 0 -1.22313
4800 -0.10695 0 -1.23969
4850 -0.165288 0 -1.23029
4900 -0.109729 0 -1.25283
4950 -0.0715082 0 -1.26388
5000 -0.138208 0 -1.23383
5050 -0.0952714 0 -1.26629
5100 -0.0836601 0 -1.19142
5150 -0.113479 0 -1.27793
5200 -0.13161 0 -1.24645
5250 -0.0943598 0 -1.22803
5300 -0.0936023 0 -1.28466
5350 -0.128881 0 -1.22384
5400 -0.109693 0 -1.21503
5450 -0.0490329 0 -1.19056
5500 -0.117085 0 -1.29385
5550 -0.162517 0 -1.30126
5600 -0.107568 0 -1.28219
5650 -0.087854 0 -1.31768
5700 -0.179115 0 -1.30411
5750 -0.0936441 0 -1.30093
5800 -0.0521888 0 -1.24736
5850 -0.114986 0 -1.27994
5900 -0.171064 0 -1.26756
5950 -0.0865439 0 -1.25266
6000 -0.0581364 0 -1.24098
6050 -0.132754 0 -1.22035
6100 -0.0888508 0 -1.23372
6150 -0.0463864 0 -1.09013
6200 -0.078545 0 -1.15191
6250 -0.0697169 0 -1.1232
6300 -0.038299 0 -1.11855
6350 -0.0479569 0 -1.14994
6400 -0.107104 0 -1.16429
6450 -0.0682056 0 -1.20585
6500 -0.068864 0 -1.06224
6550 -0.0776524 0 -1.08643
6600 -0.127346 0 -1.02465
6650 -0.0528996 0 -1.01565
6700 0.0467809 0 -0.997056
6750 -0.0672042 0 -1.12431
6800 -0.249753 0 -1.10582
6850 -0.106714 0 -1.19917
6900 0.00585979 0 -1.20534
6950 -0.144603 0 -1.22733
7000 -0.126867 0 -1.17841
7050 -0.0974791 0 -1.08147
7100 -0.0144841 0 -1.14413
7150 -0.142087 0 -1.06924
7200 -0.117194 0 -1.10649
7250 -0.0587676 0 -1.18403
7300 -0.138144 0 -1.18411
7350 -0.131819 0 -1.23939
7400 -0.0983605 0 -1.15548
7450 -0.09543 0 -1.2439
7500 -0.165563 0 -1.17974
7550 -0.118526 0 -1.22074
7600 -0.0580718 0 -1.23098
7650 -0.160465 0 -1.20739
7700 -0.142168 0 -1.28072
7750 -0.0911916 0 -1.15853
7800 -0.11429 0 -1.20403
7850 -0.142874 0 -1.20894
7900 -0.0943279 0 -1.21118
7950 -0.0757148 0 -1.23978
8000 -0.114788 0 -1.25573
8050 -0.0818344 0 -1.24174
8100 -0.0533532 0 -1.1214
8150 -0.0850372 0 -1.14884
8200 -0.0823614 0 -1.13154
8250 -0.0508394 0 -1.14661
8300 -0.0592097 0 -1.15716
8350 -0.123816 0 -1.19252
8400 -0.115195 0 -1.19048
8450 -0.0365685 0 -1.14712
8500 -0.0495776 0 -1.16761
8550 -0.157587 0 -1.12637
8600 -0.131446 0 -1.129
8650 -0.0402851 0 -1.09586
8700 -0.157557 0 -1.19165
8750 -0.210273 0 -1.18736
8800 -0.0643754 0 -1.27539
8850 -0.000614711 0 -1.18754
8900 -0.136172 0 -1.18513
8950 -0.0688551 0 -1.13404
9000 -0.0343808 0 -1.12096
9050 0.000999426 0 -1.10492
9100 -0.0668552 0 -1.02707
9150 -0.0560429 0 -1.04343
9200 -0.0270217 0 -1.10151
9250 -0.210779 0 -0.983896
9300 -0.245433 0 -0.948467
9350 -0.175369 0 -0.783392
9400 -0.121975 0 -0.726778
9450 -0.20491 0 -0.593282
9500 -0.0943924 0 -0.402425
9550 -0.0977149 0 -0.353715
9600 -0.0166504 0 -0.183444
9650 -0.0455289 0 -0.162845
9700 -0.0277923 0 -0.15932
9750 0.00239681 0 -0.102822
9800 0.0237949 0 -0.109183
9850 0.0212071 0 -0.145341
9900 0.0249193 0 -0.0951241
9950 0.00908057 0 -0.0641575
10000 0.012848 0 -0.0284317
10050 0.00206283 0 -0.0263136
10100 0.0077791 0 -0.0330204
10150 0.0151109 0 -0.0429054
10200 0.00943308 0 -0.0273062
10250 0.000219968 0 -0.0353154
10300 0.0185034 0 -0.0436578
10350 0.0264655 0 -0.0474072
10400 0.0121809 0 -0.150874
10450 -0.00295448 0 -0.107559
10500 0.0332101 0 -0.111525
10550 -0.00725159 0 -0.0584774
10600 0.0294904 0 -0.0718891
10650 -0.0168069 0 -0.0397447
