# Created at Tue Feb 20 15:37:04 CST 2018
861119267086583 1
861120886776524 2
861121400326329 3
861121933621006 4
861122466915684 5
861123000271397 6
861123553341465 7
861124086605626 8
861124619961338 9
861125173061924 10
861125686583097 11
861126259428556 12
861126792723233 13
861127365538175 14
861127918638761 15
861128471647794 16
861128965513761 17
861129479063565 18
861129992582852 19
861130545683438 20
861131059233243 21
861131612364347 22
861132145659024 23
861132678984220 24
861133172758634 25
861133706083829 26
861134239409024 27
861134772703702 28
861135306059415 29
861135839344971 30
861136372639648 31
861136905995361 32
861137459095947 33
861138031910889 34
861138545491211 35
861139118275635 36
861139671345703 37
861140204701416 38
861140737996094 39
861141310841553 40
861141844136230 41
861142377522461 42
861142930531494 43
861143463856689 44
861143997181885 45
861144550251953 46
861145063801758 47
861145597168632 48
861146130463309 49
861146663788505 50
861147177368827 51
861147750183768 52
861148283508964 53
861148836579032 54
861149389618583 55
861149982208915 56
861150515534110 57
861151088349052 58
861151661225028 59
861152234039970 60
861152806885428 61
861153379700370 62
861153932739921 63
861154308075614 64
861155058655448 65
861155611739433 66
861156184523857 67
861156737593925 68
861157290725029 69
861157863539970 70
861158416579521 71
861159009169853 72
861159582015312 73
861160214064872 74
861160628890312 75
861161181990898 76
861161478286064 77
861162268386161 78
861162860976494 79
861163414016044 80
861163947341240 81
861164283217704 82
861165073256767 83
861165428806046 84
861166179385880 85
861166495486954 86
861167265842179 87
861167818881730 88
861168371982316 89
861168964572648 90
861169497867325 91
861169853458146 92
861170604037980 93
861171157138566 94
861171670657853 95
861172223758439 96
861172737369279 97
861173270663956 98
861173784244279 99
861174317538956 100
861174831149796 101
861175344699601 102
861175858253634 103
861176391578829 104
861176885383761 105
861177398994601 106
861177952034152 107
861178268104708 108
861179018684542 109
861179591560519 110
861179868049777 111
861180697670138 112
861181270515597 113
861181843330538 114
861182376655734 115
861182969246066 116
861183285316622 117
861184134681857 118
861184450691378 119
861185260597384 120
861185813667452 121
861186386482394 122
861186959383360 123
861187512422911 124
861188085237853 125
861188401308409 126
861189191439024 127
861189783998839 128
861190356905333 129
861190949434630 130
861191502535216 131
861192114870421 132
861192687685362 133
861193260530821 134
861193853060118 135
861194208650939 136
861195058046690 137
861195393831603 138
861195650637022 139
861196183962218 140
861196756713536 141
861197329589512 142
861197922149327 143
861198494994786 144
861199048064854 145
861199620879795 146
861199996184971 147
861200252959874 148
861200786315586 149
861201359100010 150
861201971465733 151
861202583831456 152
861203176452305 153
