200 0.0569839 0 -0.0319837
250 -0.0131066 0 0.0511101
300 -0.00822151 0 -0.0186646
350 0.0110888 0 -0.0483611
400 0.042941 0 -0.0232862
450 0.098585 0 -0.173386
500 0.101488 0 -0.185627
550 -0.0526082 0 -0.298036
600 -0.40699 0 0.0490293
650 -0.0887868 0 -1.10807
700 -0.521631 0 0.183425
750 0.0687934 0 -1.32104
800 0.0873928 0 -0.918246
850 0.160131 0 -1.4284
900 -0.178272 0 -1.02261
950 -0.136936 0 -0.848878
1000 -0.0674768 0 -1.12364
1050 0.0840796 0 -1.16938
1100 -0.0633534 0 -1.09637
1150 -0.155237 0 -0.940496
1200 -0.102308 0 -0.930147
1250 0.0340709 0 -1.06657
1300 0.0554547 0 -1.05536
1350 -0.0920043 0 -1.02928
1400 -0.153769 0 -1.03143
1450 -0.0349033 0 -0.974527
1500 -0.00834658 0 -1.03018
1550 0.0829181 0 -0.991181
1600 -0.0942635 0 -0.992779
1650 0.212706 0 -0.480442
1700 -0.0220314 0 -0.918395
1750 0.100207 0 -0.990017
1800 -0.0155444 0 -0.992604
1850 -0.107817 0 -1.05835
1900 -0.0620113 0 -1.01152
1950 0.118469 0 -1.10437
2000 0.03068 0 -0.989594
2050 -0.0814816 0 -0.933127
2100 -0.0636184 0 -0.952965
2150 0.0515499 0 -1.02354
2200 0.0698041 0 -0.994383
2250 -0.0454744 0 -1.03583
2300 -0.0986661 0 -0.985506
2350 0.0262266 0 -0.9314
2400 0.137239 0 -0.995828
2450 0.00494015 0 -0.964428
2500 -0.104006 0 -1.01763
2550 -0.115241 0 -0.912889
2600 0.0367988 0 -1.02559
2650 0.0346966 0 -0.974647
2700 -0.0935537 0 -1.03357
2750 -0.160987 0 -1.00738
2800 -0.0113383 0 -0.946099
2850 0.117911 0 -0.99381
2900 0.0611873 0 -0.918006
2950 -0.0828894 0 -0.982945
3000 -0.176192 0 -0.865078
3050 -0.00489732 0 -0.998137
3100 0.125441 0 -0.971054
3150 -0.0081329 0 -0.863572
3200 -0.136791 0 -0.937656
3250 -0.138863 0 -0.849044
3300 0.0251007 0 -0.940422
3350 0.157513 0 -0.903141
3400 0.105925 0 -0.753331
3450 -0.04626 0 -0.842649
3500 0.1905 0 -0.441363
3550 -0.0646417 0 -0.649467
3600 0.0381027 0 -0.836963
3650 -0.0612463 0 -1.53893
3700 0.0116272 0 -0.784458
3750 -0.130859 0 -0.735207
3800 -0.144266 0 -0.732362
3850 -0.0262997 0 -0.97064
3900 0.140687 0 -0.956939
3950 0.145704 0 -0.752895
4000 -0.00737626 0 -0.927564
4050 -0.119748 0 -0.935535
4100 -0.0196176 0 -0.891941
4150 0.0412884 0 -0.982486
4200 0.089211 0 -0.815596
4250 -0.00349874 0 -0.834312
4300 -0.174614 0 -0.837655
4350 -0.155639 0 -0.786133
4400 -0.0311689 0 -1.68316
4450 0.0953253 0 -0.922041
4500 0.0793851 0 -0.817728
4550 -0.0867525 0 -0.907241
4600 -0.180355 0 -0.8078
4650 -0.137607 0 -1.46755
4700 0.0678928 0 -0.778943
4750 0.0379239 0 -0.724624
4800 -0.104345 0 -0.699269
4850 -0.147205 0 -0.726793
4900 -0.0937922 0 -0.797572
4950 0.163795 0 -0.926772
5000 0.1673 0 -0.73058
5050 -0.00826717 0 -0.910152
5100 0.189497 0 -0.454567
5150 -0.0128372 0 -0.735261
5200 0.145055 0 -0.770693
5250 0.203839 0 -0.376945
5300 0.2263 0 -0.520759
5350 0.0111809 0 -0.722735
5400 -0.0234791 0 -0.731676
5450 0.0440497 0 -0.878956
5500 0.0506159 0 -0.8572
5550 0.0347169 0 -0.684625
5600 -0.127569 0 -0.886288
5650 -0.184342 0 -0.815476
5700 0.0340989 0 -1.05308
5750 0.0832335 0 -0.797873
5800 0.0425132 0 -0.747484
5850 -0.0903034 0 -0.832254
5900 0.229005 0 -0.455745
5950 0.0927081 0 -0.835653
6000 0.167387 0 -1.25621
6050 0.121371 0 -0.684872
6100 0.00753984 0 -0.800264
6150 -0.136643 0 -0.753806
6200 -0.0181108 0 -1.00022
6250 0.114516 0 -0.931306
6300 0.0603409 0 -0.797546
6350 -0.281988 0 -0.890841
6400 -0.168213 0 -0.762497
6450 -0.00205569 0 -0.924973
6500 0.110447 0 -0.841858
6550 -0.00889826 0 -0.855305
6600 -0.126689 0 -0.880155
6650 -0.0826044 0 -0.81817
6700 0.0189476 0 -0.966536
6750 0.109378 0 -1.02527
6800 -0.0250177 0 -0.904206
6850 -0.104456 0 -0.840278
6900 -0.0668079 0 -0.848461
6950 0.15354 0 -0.963472
7000 0.139999 0 -0.885326
7050 -0.0487195 0 -0.871923
7100 -0.148164 0 -1.03615
7150 -0.113192 0 -0.979903
7200 0.0576452 0 -1.01223
7250 0.0717132 0 -0.942051
7300 -0.147572 0 -1.00622
7350 -0.234092 0 -0.962759
7400 -0.0846806 0 -0.982143
7450 0.121836 0 -1.04908
7500 0.0567359 0 -1.0906
7550 -0.161291 0 -1.02248
7600 -0.10325 0 -0.956466
7650 0.0589565 0 -1.0127
7700 0.0632701 0 -0.977403
7750 -0.111126 0 -1.04652
7800 -0.0855241 0 -1.00356
7850 0.0125946 0 -1.07733
7900 0.0633291 0 -0.951269
7950 -0.0581163 0 -1.02555
8000 -0.082292 0 -0.937972
8050 -0.0072841 0 -0.977979
8100 0.289326 0 -0.568646
8150 0.0523907 0 -0.963583
8200 0.223487 0 -0.57804
8250 -0.0261215 0 -0.882122
8300 0.112437 0 -0.992216
8350 0.00935781 0 -0.954485
8400 -0.125133 0 -0.957523
8450 -0.1025 0 -0.972736
8500 0.0618298 0 -0.991267
8550 0.0795319 0 -1.03864
8600 -0.107661 0 -0.866974
8650 -0.194559 0 -0.79155
8700 -0.0916109 0 -0.584447
8750 -0.0470398 0 -1.27252
8800 0.0640377 0 -0.358548
8850 0.0288442 0 -0.0636759
8900 -0.103897 0 0.0864667
8950 -0.272429 0 0.0322461
9000 -0.183432 0 0.0565744
9050 -0.131869 0 0.0183889
9100 -0.0180752 0 -0.113734
9150 -0.00200373 0 -0.0981692
9200 0.0196395 0 -0.0691966
9250 0.000328706 0 -0.00159229
9300 0.0173315 0 -0.022112
