200 0 0 -0.0235695
250 0 0 -0.0222027
300 0 0 -0.0265141
350 0 0 -0.0219187
400 0 0 -0.0337794
450 0 0 -0.0760687
500 0 0 -0.0981251
550 0 0 -0.0401065
600 0 0 -0.0171809
650 0 0 -0.102484
700 0 0 -0.415443
750 0 0 -0.426506
800 0 0 -0.563484
850 0 0 -0.76483
900 0 0 -0.873329
950 0 0 -0.934475
1000 0 0 -0.958072
1050 0 0 -0.898719
1100 0 0 -0.912732
1150 0 0 -0.984761
1200 0 0 -1.05411
1250 0 0 -1.11548
1300 0 0 -1.12821
1350 0 0 -1.10967
1400 0 0 -1.2486
1450 0 0 -1.23785
1500 0 0 -1.24905
1550 0 0 -1.24367
1600 0 0 -1.3004
1650 0 0 -1.32663
1700 0 0 -1.38974
1750 0 0 -1.33899
1800 0 0 -1.31641
1850 0 0 -1.25189
1900 0 0 -1.32603
1950 0 0 -1.32735
2000 0 0 -1.42925
2050 0 0 -1.3862
2100 0 0 -1.41064
2150 0 0 -1.35169
2200 0 0 -1.39632
2250 0 0 -1.3689
2300 0 0 -1.37749
2350 0 0 -1.22357
2400 0 0 -1.31252
2450 0 0 -1.30592
2500 0 0 -1.42387
2550 0 0 -1.28818
2600 0 0 -1.38249
2650 0 0 -1.34247
2700 0 0 -1.36603
2750 0 0 -1.25553
2800 0 0 -1.38416
2850 0 0 -1.34997
2900 0 0 -1.39852
2950 0 0 -1.30863
3000 0 0 -1.3088
3050 0 0 -1.23467
3100 0 0 -1.36634
3150 0 0 -1.24464
3200 0 0 -1.30804
3250 0 0 -1.29115
3300 0 0 -1.42688
3350 0 0 -1.35764
3400 0 0 -1.28131
3450 0 0 -1.24855
3500 0 0 -1.42076
3550 0 0 -1.35851
3600 0 0 -1.28717
3650 0 0 -1.23483
3700 0 0 -1.36187
3750 0 0 -1.3218
3800 0 0 -1.22207
3850 0 0 -1.16792
3900 0 0 -1.30941
3950 0 0 -1.21682
4000 0 0 -1.24629
4050 0 0 -1.23506
4100 0 0 -1.34835
4150 0 0 -1.19653
4200 0 0 -1.15743
4250 0 0 -1.16098
4300 0 0 -1.30136
4350 0 0 -1.17184
4400 0 0 -1.122
4450 0 0 -1.06214
4500 0 0 -1.1468
4550 0 0 -1.1031
4600 0 0 -1.05569
4650 0 0 -1.04707
4700 0 0 -1.15599
4750 0 0 -1.0835
4800 0 0 -1.11859
4850 0 0 -1.13444
4900 0 0 -1.16376
4950 0 0 -1.21947
5000 0 0 -1.19301
5050 0 0 -1.25436
5100 0 0 -1.2918
5150 0 0 -1.31408
5200 0 0 -1.29131
5250 0 0 -1.25631
5300 0 0 -1.2338
5350 0 0 -1.34503
5400 0 0 -1.27353
5450 0 0 -1.22371
5500 0 0 -1.26757
5550 0 0 -1.36264
5600 0 0 -1.27088
5650 0 0 -1.26502
5700 0 0 -1.28539
5750 0 0 -1.47387
5800 0 0 -1.39193
5850 0 0 -1.32776
5900 0 0 -1.33653
5950 0 0 -1.3966
6000 0 0 -1.31048
6050 0 0 -1.27149
6100 0 0 -1.28067
6150 0 0 -1.35427
6200 0 0 -1.22734
6250 0 0 -1.17546
6300 0 0 -1.13859
6350 0 0 -1.257
6400 0 0 -1.12806
6450 0 0 -1.17516
6500 0 0 -1.07425
6550 0 0 -1.1854
6600 0 0 -1.0579
6650 0 0 -1.12283
6700 0 0 -1.06685
6750 0 0 -1.11816
6800 0 0 -0.867552
6850 0 0 -0.903633
6900 0 0 -0.921101
6950 0 0 -0.927853
7000 0 0 -1.1128
7050 0 0 -1.16514
7100 0 0 -1.2723
7150 0 0 -1.14207
7200 0 0 -1.2884
7250 0 0 -1.23391
7300 0 0 -1.21673
7350 0 0 -1.2727
7400 0 0 -1.36105
7450 0 0 -1.34967
7500 0 0 -1.28201
7550 0 0 -1.26166
7600 0 0 -1.42784
7650 0 0 -1.30625
7700 0 0 -1.26281
7750 0 0 -1.24108
7800 0 0 -1.38283
7850 0 0 -1.3502
7900 0 0 -1.35098
7950 0 0 -1.28994
8000 0 0 -1.35844
8050 0 0 -1.36013
8100 0 0 -1.36155
8150 0 0 -1.25163
8200 0 0 -1.34349
8250 0 0 -1.24782
8300 0 0 -1.31915
8350 0 0 -1.29361
8400 0 0 -1.38053
8450 0 0 -1.29641
8500 0 0 -1.2988
8550 0 0 -1.25657
8600 0 0 -1.32441
8650 0 0 -1.21253
8700 0 0 -1.33675
8750 0 0 -1.28346
8800 0 0 -1.34845
8850 0 0 -1.2996
8900 0 0 -1.35375
8950 0 0 -1.29301
9000 0 0 -1.37407
9050 0 0 -1.32308
9100 0 0 -1.30242
9150 0 0 -1.24772
9200 0 0 -1.40931
9250 0 0 -1.37782
9300 0 0 -1.36443
9350 0 0 -1.28364
9400 0 0 -1.3534
9450 0 0 -1.24186
9500 0 0 -1.30893
9550 0 0 -1.23082
9600 0 0 -1.35588
9650 0 0 -1.3259
9700 0 0 -1.34713
9750 0 0 -1.31841
9800 0 0 -1.37996
9850 0 0 -1.35881
9900 0 0 -1.37649
9950 0 0 -1.29212
10000 0 0 -1.29351
10050 0 0 -1.19573
10100 0 0 -1.28715
10150 0 0 -1.19528
10200 0 0 -1.17171
10250 0 0 -0.956748
10300 0 0 -0.992566
10350 0 0 -1.01303
10400 0 0 -1.10216
10450 0 0 -0.989972
10500 0 0 -1.007
10550 0 0 -0.994738
10600 0 0 -1.01783
10650 0 0 -1.06457
10700 0 0 -0.993824
10750 0 0 -1.13585
10800 0 0 -1.13831
10850 0 0 -1.07412
10900 0 0 -1.09565
10950 0 0 -1.16498
11000 0 0 -1.19175
11050 0 0 -1.26172
11100 0 0 -1.21975
11150 0 0 -1.20415
11200 0 0 -1.22292
11250 0 0 -1.30513
11300 0 0 -1.24383
11350 0 0 -1.31226
11400 0 0 -1.28042
11450 0 0 -1.30499
11500 0 0 -1.20709
11550 0 0 -1.2472
11600 0 0 -1.27389
11650 0 0 -1.31017
11700 0 0 -1.29639
11750 0 0 -1.29166
11800 0 0 -1.32226
11850 0 0 -1.31559
11900 0 0 -1.33785
11950 0 0 -1.27997
12000 0 0 -1.28264
12050 0 0 -1.23273
12100 0 0 -1.34952
12150 0 0 -1.32069
12200 0 0 -1.23804
12250 0 0 -1.21945
12300 0 0 -1.3015
12350 0 0 -1.16607
12400 0 0 -1.22167
12450 0 0 -1.20909
12500 0 0 -1.27808
12550 0 0 -1.12085
12600 0 0 -1.15115
12650 0 0 -1.09304
12700 0 0 -1.10215
12750 0 0 -0.748831
12800 0 0 -0.623604
12850 0 0 -0.229115
12900 0 0 -0.203342
12950 0 0 -0.249856
13000 0 0 -0.149196
13050 0 0 -0.0605468
13100 0 0 -0.067381
13150 0 0 -0.10065
13200 0 0 -0.0373902
13250 0 0 -0.0436731
13300 0 0 -0.0241178
13350 0 0 -0.0154298
13400 0 0 -0.0191383
13450 0 0 -0.0304219
13500 0 0 -0.0270144
13550 0 0 -0.0266102
13600 0 0 -0.0346
13650 0 0 -0.0305615
