200 0.0121546 0 -0.0153076
250 -0.00215707 0 -0.0119635
300 -0.0100666 0 0.0258266
350 0.00794478 0 -0.00721975
400 0.0215263 0 -0.0110589
450 -0.00238029 0 -0.164327
500 0.170505 0 -0.315838
550 -0.0379321 0 -0.4621
600 -0.160407 0 -0.709392
650 -0.0854209 0 -1.315
700 -0.154056 0 -1.29159
750 -0.0749152 0 -0.895365
800 -0.0952481 0 -0.895638
850 -0.0590919 0 -0.990645
900 -0.120571 0 -0.971567
950 -0.133613 0 -0.929865
1000 -0.00576264 0 -0.993381
1050 -0.00544686 0 -0.895772
1100 -0.147299 0 -1.00882
1150 -0.140658 0 -1.01877
1200 0.042059 0 -1.02219
1250 0.095702 0 -1.06022
1300 -0.0338823 0 -1.03082
1350 -0.159879 0 -1.10784
1400 -0.124234 0 -1.09898
1450 0.0563843 0 -1.23018
1500 0.0804816 0 -1.27893
1550 -0.155923 0 -1.13919
1600 -0.18621 0 -1.16919
1650 0.032645 0 -1.01287
1700 0.108412 0 -1.07332
1750 -0.0200042 0 -1.00722
1800 -0.186986 0 -1.04553
1850 -0.13328 0 -0.953167
1900 -0.0419537 0 -1.07948
1950 0.137064 0 -1.0555
2000 -0.0837517 0 -0.993493
2050 -0.136588 0 -1.04054
2100 -0.0461857 0 -0.990604
2150 0.101348 0 -1.14907
2200 0.0353725 0 -1.0487
2250 -0.1278 0 -1.05493
2300 -0.0968831 0 -1.06323
2350 0.0482497 0 -1.15806
2400 0.102192 0 -1.17469
2450 -0.0748248 0 -1.15859
2500 -0.159383 0 -1.17409
2550 -0.0984266 0 -1.02865
2600 0.0290938 0 -1.13673
2650 0.104282 0 -1.0434
2700 -0.173647 0 -1.05026
2750 -0.188789 0 -1.06618
2800 -0.0202828 0 -1.07166
2850 0.0413419 0 -1.12081
2900 0.0146812 0 -1.00665
2950 -0.122211 0 -1.02791
3000 -0.116912 0 -1.00374
3050 -0.0818018 0 -1.08333
3100 0.060264 0 -1.06596
3150 -0.0864919 0 -1.10017
3200 -0.213968 0 -1.11788
3250 -0.125488 0 -1.06581
3300 0.0496891 0 -1.08465
3350 0.0280245 0 -0.973349
3400 -0.153374 0 -1.00376
3450 -0.137844 0 -1.0787
3500 0.00510457 0 -1.07615
3550 0.0996829 0 -1.06449
3600 0.0227012 0 -1.00497
3650 -0.141271 0 -0.977436
3700 -0.118132 0 -0.962342
3750 -0.0149322 0 -0.907242
3800 0.114067 0 -1.43191
3850 -0.113522 0 -0.956992
3900 -0.203581 0 -1.07449
3950 -0.0601701 0 -1.05952
4000 0.105906 0 -1.05242
4050 0.0524945 0 -1.04266
4100 -0.13972 0 -1.04309
4150 0.0400526 0 -1.41637
4200 -0.00501644 0 -1.05295
4250 0.0577092 0 -1.0322
4300 0.0157493 0 -0.934531
4350 -0.172818 0 -0.916556
4400 -0.115372 0 -1.00407
4450 0.0269708 0 -0.987397
4500 0.0917937 0 -1.0312
4550 -0.105988 0 -0.980713
4600 -0.194705 0 -1.05235
4650 -0.070636 0 -1.03213
4700 -0.00299718 0 -1.09409
4750 0.00174981 0 -1.06867
4800 -0.193357 0 -1.00119
4850 -0.209943 0 -1.09435
4900 -0.0258944 0 -1.09713
4950 0.0623443 0 -1.04779
5000 -0.0259143 0 -0.979534
5050 -0.175837 0 -1.02195
5100 -0.0803243 0 -1.42219
5150 -0.00341063 0 -1.07178
5200 0.108709 0 -1.02302
5250 -0.110853 0 -1.00828
5300 -0.148396 0 -1.03049
5350 0.000610874 0 -1.01023
5400 0.0755265 0 -1.11747
5450 0.0421987 0 -1.05745
5500 -0.152931 0 -0.977788
5550 -0.120812 0 -1.06172
5600 -0.0341091 0 -1.12013
5650 0.0514582 0 -1.06144
5700 -0.051764 0 -1.09986
5750 -0.226511 0 -1.1564
5800 -0.135085 0 -1.06266
5850 0.0217193 0 -1.13356
5900 0.0489225 0 -1.02336
5950 -0.181408 0 -1.02545
6000 -0.172542 0 -1.00332
6050 -0.0302317 0 -1.03746
6100 0.0832419 0 -1.1052
6150 0.0267372 0 -0.98855
6200 -0.142397 0 -1.09354
6250 -0.0885435 0 -1.0315
6300 -0.0164148 0 -0.999172
6350 0.0962636 0 -1.01627
6400 -0.113829 0 -1.02317
6450 -0.170778 0 -1.08448
6500 -0.0408851 0 -1.02062
6550 0.0619529 0 -1.04293
6600 0.0302192 0 -1.02798
6650 -0.168841 0 -0.951982
6700 -0.198493 0 -0.991745
6750 -0.0345356 0 -0.940202
6800 0.000331631 0 -0.894521
6850 -0.0477729 0 -0.823041
6900 -0.0873679 0 -1.43295
6950 -0.230826 0 -0.888733
7000 -0.116874 0 -0.944659
7050 -0.0771048 0 -1.00681
7100 -0.163622 0 -1.09605
7150 -0.24007 0 -1.0387
7200 -0.00174236 0 -1.09081
7250 0.0732844 0 -1.22088
7300 -0.00223291 0 -1.09499
7350 -0.196689 0 -1.14958
7400 -0.138292 0 -0.973085
7450 -0.0212828 0 -1.10804
7500 0.0992781 0 -1.09523
7550 -0.178421 0 -1.04496
7600 -0.143582 0 -1.0917
7650 -0.0245843 0 -1.13768
7700 0.108496 0 -1.13948
7750 0.0303068 0 -1.14038
7800 -0.130021 0 -1.22082
7850 -0.0676651 0 -1.0826
7900 0.0754984 0 -1.28253
7950 0.0495361 0 -1.15181
8000 -0.113596 0 -1.316
8050 -0.0901984 0 -1.21709
8100 0.00891063 0 -1.23593
8150 0.0605877 0 -1.17753
8200 -0.158643 0 -1.20795
8250 -0.126303 0 -1.11529
8300 -0.00995782 0 -1.14497
8350 0.0823663 0 -1.1185
8400 -0.102928 0 -1.16743
8450 -0.13156 0 -1.15095
8500 -0.0512962 0 -1.0845
8550 0.0742963 0 -1.09085
8600 0.01959 0 -1.07501
8650 -0.15644 0 -1.08264
8700 -0.0739294 0 -1.10057
8750 0.0136574 0 -1.16396
8800 0.105341 0 -1.09758
8850 -0.10512 0 -1.08928
8900 -0.140237 0 -1.15653
8950 -0.000863105 0 -1.12516
9000 0.0260158 0 -1.07336
9050 -0.0327907 0 -1.09537
9100 -0.141694 0 -1.18657
9150 -0.0318217 0 -1.18728
9200 0.0914121 0 -1.20561
9250 -0.0372823 0 -1.17021
9300 -0.205723 0 -1.20393
9350 -0.101277 0 -1.16917
9400 0.0392963 0 -1.30062
9450 0.042425 0 -1.23525
9500 -0.194211 0 -1.24665
9550 -0.125608 0 -1.17268
9600 0.00567456 0 -1.19988
9650 0.0743635 0 -1.20484
9700 -0.0971524 0 -1.1493
9750 -0.183194 0 -1.29718
9800 -0.0665869 0 -1.27269
9850 0.0801257 0 -1.23815
9900 0.0022308 0 -1.20276
9950 -0.165401 0 -1.24248
10000 -0.117953 0 -1.12807
10050 0.00298739 0 -1.21106
10100 0.0580421 0 -1.1016
10150 -0.169841 0 -0.997396
10200 -0.0764672 0 -0.83255
10250 0.0343358 0 -1.15724
10300 0.0688251 0 -1.25729
10350 0.191439 0 -1.1055
10400 -0.115725 0 -0.795725
10450 -0.173727 0 -0.799814
10500 -0.0941371 0 -0.984043
10550 -0.114369 0 -0.584066
10600 -0.133349 0 -0.6488
10650 -0.184059 0 -0.557005
10700 -0.00894682 0 -0.783184
10750 -0.861452 0 0.336713
10800 -0.199878 0 -0.650827
10850 -0.0610723 0 -1.03477
10900 0.0274768 0 -0.934433
10950 -0.105703 0 -1.01863
11000 -0.254877 0 -1.07841
11050 -0.129647 0 -1.02365
11100 0.0273771 0 -1.0831
11150 0.0146926 0 -0.995729
11200 -0.149621 0 -0.95886
11250 -0.174701 0 -1.07164
11300 0.000910304 0 -1.06616
11350 0.090075 0 -1.12807
11400 0.0182824 0 -1.0391
11450 -0.10649 0 -1.09301
11500 -0.0252624 0 -1.02161
11550 0.131441 0 -1.22551
11600 0.0672492 0 -1.13094
11650 -0.0993561 0 -1.17064
11700 -0.0152836 0 -1.13741
11750 0.0818815 0 -1.15014
11800 0.0903461 0 -1.09846
11850 -0.0254279 0 -1.10462
11900 -0.0849827 0 -1.19331
11950 -0.0748289 0 -1.1469
12000 0.0772927 0 -1.26394
12050 0.0579027 0 -1.16169
12100 -0.170776 0 -1.22141
12150 -0.0664979 0 -1.11366
12200 0.0458629 0 -1.12339
12250 0.115938 0 -1.18386
12300 -0.109353 0 -1.16183
12350 -0.170968 0 -1.21107
12400 -0.0329558 0 -1.19902
12450 0.0745949 0 -1.15108
12500 0.0063663 0 -1.14205
12550 -0.151044 0 -1.12656
12600 -0.0809061 0 -0.975436
12650 0.0277031 0 -1.029
12700 0.050457 0 -0.977937
12750 -0.0389192 0 -0.986765
12800 -0.063895 0 -0.936501
12850 0.0137167 0 -1.09104
12900 0.0699349 0 -1.04186
12950 -0.0366095 0 -1.09368
13000 -0.12964 0 -1.05207
13050 -0.0966498 0 -1.02594
13100 0.0214054 0 -1.20006
13150 0.0934734 0 -1.10807
13200 -0.094692 0 -1.06389
13250 -0.181081 0 -1.14963
13300 -0.0412861 0 -1.15105
13350 0.0737331 0 -1.09981
13400 -0.031218 0 -1.04946
13450 -0.152309 0 -1.08404
13500 -0.164057 0 -1.0759
13550 -0.0843531 0 -1.14287
13600 0.0634643 0 -1.07848
13650 -0.174619 0 -1.12705
13700 -0.186208 0 -1.08842
13750 -0.0588596 0 -1.13036
13800 0.0792829 0 -1.15733
13850 -0.0429198 0 -1.21517
13900 -0.149087 0 -1.20806
13950 -0.108848 0 -1.10869
14000 0.00501257 0 -1.18209
14050 0.0361317 0 -1.1597
14100 -0.1472 0 -1.09488
14150 -0.179009 0 -1.20343
14200 -0.0148933 0 -1.12558
14250 0.0816708 0 -1.2042
14300 -0.0769846 0 -1.17497
14350 -0.171611 0 -1.22017
14400 -0.0863585 0 -1.11954
14450 0.0640229 0 -1.23268
14500 0.0271105 0 -1.16424
14550 -0.175998 0 -1.15425
14600 -0.102439 0 -1.16257
14650 -0.0243162 0 -1.15781
14700 0.0952835 0 -1.22606
14750 -0.118895 0 -1.1702
14800 -0.18208 0 -1.25651
14850 -0.0656908 0 -1.21167
14900 0.137747 0 -1.24947
14950 -0.0062996 0 -1.25666
15000 -0.180667 0 -1.24333
15050 -0.131345 0 -1.09934
15100 0.0225663 0 -1.19069
15150 0.0451007 0 -1.1821
15200 -0.165915 0 -1.16649
15250 -0.130035 0 -1.15662
15300 0.0154063 0 -1.13452
15350 0.0682013 0 -1.1155
15400 -0.0807689 0 -1.10098
15450 -0.180473 0 -1.18812
15500 -0.0805803 0 -1.17284
15550 0.0533405 0 -1.2092
15600 0.00345635 0 -1.2045
15650 -0.203181 0 -1.11595
15700 -0.159101 0 -1.00432
15750 -0.0592165 0 -1.02384
15800 0.0945793 0 -1.01826
15850 -0.141573 0 -1.02435
15900 -0.176355 0 -1.01583
15950 -0.0993811 0 -0.874818
16000 -0.0913403 0 -0.87594
16050 -0.0013665 0 -0.750237
16100 -0.152384 0 -0.414414
16150 -0.297651 0 -0.397403
16200 -0.091789 0 -0.327078
16250 -0.0131269 0 -0.00548704
16300 -0.038003 0 -0.0306075
16350 0.0283115 0 -0.0439214
16400 0.00512414 0 -0.049555
16450 -0.0291927 0 -0.0309989
16500 -0.0154916 0 -0.0370298
16550 0.00919831 0 -0.0170046
16600 0.0173453 0 -0.000909737
16650 0.0023144 0 -0.0443023
16700 -0.0105666 0 -0.0293593
16750 -0.0162735 0 0.00866329
16800 -0.00384208 0 -0.00074858
16850 -0.0010882 0 0.00422626
16900 0.00745506 0 0.00762337
16950 0.0105859 0 0.000902362
17000 0.00399571 0 0.00804594
17050 0.00691 0 0.00120562
17100 -0.0138521 0 -0.00539495
17150 0.00404466 0 0.0202106
17200 0.00713064 0 -0.101199
17250 0.0464469 0 -0.141474
17300 0.0678073 0 -0.214498
17350 0.0562568 0 -0.0806033
17400 0.0216882 0 -0.0227685
17450 -0.00101222 0 -0.0251244
