200 -0.0219627 0 -0.0169254
250 -0.0210455 0 -0.0147242
300 -0.019813 0 -0.0181179
350 -0.020615 0 -0.0177165
400 -0.0213908 0 -0.0174496
450 -0.0366339 0 -0.0355431
500 -0.0429633 0 -0.084326
550 -0.0522043 0 -0.252471
600 -0.0346589 0 -0.478112
650 0.0528893 0 -0.587887
700 0.0643364 0 -0.538281
750 0.0351129 0 -0.698361
800 0.0123104 0 -0.795216
850 0.0575702 0 -0.976354
900 0.106206 0 -0.982474
950 -0.00429046 0 -1.10242
1000 -0.0108334 0 -1.08138
1050 -0.0151215 0 -1.13992
1100 0.108209 0 -1.17074
1150 -0.00573874 0 -1.16357
1200 -0.0328211 0 -1.18998
1250 -0.00994515 0 -1.22078
1300 0.00748984 0 -1.23772
1350 -0.0238247 0 -1.27893
1400 -0.0312818 0 -1.21177
1450 0.000226625 0 -1.24516
1500 0.0373809 0 -1.22683
1550 -0.0862047 0 -1.21521
1600 -0.0439729 0 -1.20155
1650 -0.0146442 0 -1.22583
1700 -0.00487259 0 -1.20797
1750 -0.104819 0 -1.25408
1800 -0.091783 0 -1.19856
1850 -0.00207884 0 -1.248
1900 0.0286536 0 -1.26035
1950 -0.105111 0 -1.22727
2000 -0.0202935 0 -1.29805
2050 0.084384 0 -1.26702
2100 0.00703946 0 -1.28695
2150 -0.0438996 0 -1.2682
2200 -0.0324289 0 -1.27107
2250 0.0258182 0 -1.28262
2300 -0.0113987 0 -1.30628
2350 -0.0522357 0 -1.27544
2400 -0.00489412 0 -1.30753
2450 0.028237 0 -1.2898
2500 -0.0337383 0 -1.26307
2550 -0.010486 0 -1.24569
2600 0.0257639 0 -1.25681
2650 0.0196892 0 -1.27076
2700 -0.0289487 0 -1.25077
2750 -0.0181503 0 -1.23874
2800 0.033333 0 -1.24208
2850 0.0231986 0 -1.29748
2900 -0.0328726 0 -1.2572
2950 -0.0181198 0 -1.27516
3000 0.0165268 0 -1.26722
3050 -0.0203581 0 -1.27364
3100 -0.0303608 0 -1.25376
3150 -0.0387806 0 -1.27738
3200 -0.00676352 0 -1.28404
3250 -0.0154859 0 -1.32012
3300 -0.0314321 0 -1.26573
3350 -0.0114938 0 -1.27944
3400 0.023124 0 -1.26012
3450 -0.04044 0 -1.24821
3500 -0.0200638 0 -1.24034
3550 0.00388068 0 -1.22525
3600 0.0013234 0 -1.25696
3650 -0.0704591 0 -1.20655
3700 -0.0486159 0 -1.22706
3750 -0.0129102 0 -1.21282
3800 -0.0149158 0 -1.24444
3850 -0.0914761 0 -1.24113
3900 -0.0401329 0 -1.26131
3950 0.0325083 0 -1.28026
4000 -0.00949698 0 -1.28654
4050 -0.0851901 0 -1.25217
4100 -0.000445318 0 -1.31702
4150 0.0250875 0 -1.27068
4200 0.013117 0 -1.31754
4250 -0.0307104 0 -1.23904
4300 0.00614746 0 -1.27672
4350 0.0210248 0 -1.2734
4400 -0.0599672 0 -1.28377
4450 -0.0295013 0 -1.28253
4500 0.0444038 0 -1.28283
4550 0.00979823 0 -1.28796
4600 -0.0253286 0 -1.26284
4650 -0.0308795 0 -1.26003
4700 0.019846 0 -1.27861
4750 0.0483883 0 -1.28533
4800 -0.0573608 0 -1.26797
4850 -0.00814578 0 -1.3039
4900 0.0158999 0 -1.27828
4950 0.0271264 0 -1.30676
5000 -0.0213432 0 -1.267
5050 -0.0193584 0 -1.27295
5100 0.0332074 0 -1.27622
5150 -0.0352659 0 -1.29246
5200 -0.0456687 0 -1.26478
5250 -0.0482109 0 -1.30918
5300 0.00593254 0 -1.30299
5350 -0.0642559 0 -1.28888
5400 -0.0428762 0 -1.28223
5450 -0.000564661 0 -1.26815
5500 -0.00817445 0 -1.28484
5550 -0.0502015 0 -1.26026
5600 -0.018642 0 -1.30341
5650 0.0144168 0 -1.25746
5700 0.00777313 0 -1.30252
5750 -0.0207557 0 -1.28331
5800 -0.0334047 0 -1.28572
5850 0.0160847 0 -1.28625
5900 -0.0298897 0 -1.31038
5950 -0.0537303 0 -1.28186
6000 -0.0370991 0 -1.29314
6050 0.0058258 0 -1.27947
6100 -0.0441609 0 -1.24114
6150 -0.0341006 0 -1.22995
6200 -0.0162447 0 -1.26022
6250 -0.0223857 0 -1.25575
6300 -0.0200331 0 -1.27051
6350 -0.0558063 0 -1.24937
6400 0.0200388 0 -1.25799
6450 0.024826 0 -1.26137
6500 -0.0678794 0 -1.24193
6550 -0.0140556 0 -1.27905
6600 0.00728294 0 -1.24118
6650 0.00238926 0 -1.27775
6700 -0.0744805 0 -1.26931
6750 -0.0295007 0 -1.25493
6800 0.0225692 0 -1.25157
6850 0.0173513 0 -1.2621
6900 -0.0668165 0 -1.22835
6950 -0.00321131 0 -1.3095
7000 0.00831542 0 -1.26569
7050 -0.0200264 0 -1.3219
7100 -0.0515104 0 -1.25352
7150 0.0147591 0 -1.29335
7200 0.0321023 0 -1.27823
7250 -0.0712582 0 -1.28274
7300 -0.0192324 0 -1.26476
7350 0.00203381 0 -1.27313
7400 0.0285714 0 -1.27113
7450 -0.0617608 0 -1.27093
7500 -0.0392277 0 -1.27048
7550 0.0359077 0 -1.29563
7600 0.00445583 0 -1.30195
7650 -0.0234939 0 -1.28158
7700 -0.0464085 0 -1.27877
7750 0.0445119 0 -1.29161
7800 0.0217486 0 -1.25902
7850 -0.0142212 0 -1.25599
7900 -0.0185143 0 -1.28571
7950 0.00510193 0 -1.27474
8000 0.0132475 0 -1.30154
8050 -0.059828 0 -1.27564
8100 -0.0153009 0 -1.29481
8150 0.0526312 0 -1.28362
8200 0.0108877 0 -1.266
8250 -0.0394698 0 -1.21739
8300 -0.0353188 0 -1.18268
8350 -0.0473757 0 -1.20593
8400 -0.0632258 0 -1.30356
8450 -0.0924777 0 -1.26419
8500 0.0242178 0 -1.32379
8550 0.0696872 0 -1.2726
8600 -0.0277187 0 -1.28649
8650 -0.0309532 0 -1.25551
8700 0.012364 0 -1.2758
8750 0.0301843 0 -1.27171
8800 -0.0505264 0 -1.25997
8850 0.0127337 0 -1.23502
8900 0.0327453 0 -1.25744
8950 0.0387733 0 -1.25593
9000 -0.0156523 0 -1.2554
9050 -0.0249791 0 -1.25816
9100 0.048056 0 -1.24932
9150 0.0165741 0 -1.25927
9200 0.00712978 0 -1.24297
9250 -0.0366992 0 -1.18296
9300 0.120136 0 -1.20885
9350 0.0539213 0 -1.13695
9400 0.101 0 -1.08098
9450 0.00938665 0 -1.0281
9500 0.141605 0 -1.04999
9550 0.100769 0 -1.02852
9600 0.0468836 0 -1.02501
9650 0.0666412 0 -0.970336
9700 0.0280589 0 -0.966848
9750 0.0686488 0 -0.908379
9800 -0.00264855 0 -0.92852
9850 -0.0497306 0 -0.81896
9900 -0.0643276 0 -0.749527
9950 0.00297949 0 -0.702476
10000 -0.00557101 0 -0.437116
10050 -0.0613684 0 -0.223127
10100 -0.0935173 0 -0.0346682
10150 -0.0785566 0 -0.11231
10200 -0.0960785 0 -0.177394
10250 -0.00204626 0 -0.138014
10300 -0.0145172 0 -0.0962238
10350 -0.0153547 0 -0.0546596
10400 -0.00943796 0 -0.0057204
10450 -0.0226113 0 -0.00993091
10500 -0.0165368 0 -0.0342719
10550 -0.0239956 0 -0.0546046
10600 -0.0247324 0 -0.0430477
10650 -0.0137089 0 -0.0559858
10700 -0.0167403 0 -0.0828585
10750 -0.00865387 0 -0.0232249
10800 -0.0446286 0 0.00600318
10850 -0.0174371 0 0.0514944
10900 -0.0803504 0 0.0021655
10950 -0.0314941 0 0.0126202
11000 -0.031511 0 0.017712
11050 -0.0415209 0 0.0150621
