# Created at Sun Sep 17 16:26:48 CDT 2017
971242920710882 1
971243473719915 2
971244066279729 3
971244540370305 4
971245073634466 5
971245527919133 6
971246041560491 7
971246456263860 8
971246950099309 9
971247404353460 10
971247878444036 11
971248332711925 12
971248826516857 13
971249280832042 14
971249774636974 15
971250209207287 16
971250722757091 17
971251117776622 18
971251631326427 19
971252085611095 20
971252638681164 21
971253112741222 22
971253685556164 23
971254199105968 24
971254811441173 25
971255325021496 26
971255976815929 27
971256490335216 28
971257201394787 29
971257754434337 30
971259058132303 31
971260401302469 32
971261862911356 33
971265536800516 34
971269526731540 35
971270139066745 36
971270632871677 37
971271185972263 38
971271640226413 39
971272153806735 40
971272608060886 41
971273121641208 42
971273595701267 43
971274089506198 44
971274563596774 45
971275057340671 46
971275491941501 47
971276045011569 48
971276479551364 49
971277012846042 50
971277486906100 51
971278000441540 52
971278454756725 53
971278968337047 54
971279422621715 55
971279955946911 56
971280410262096 57
971280943556774 58
971281417586315 59
971281970656383 60
971282464430797 61
971283037306774 62
971283570570934 63
971284222426403 64
971284696516979 65
971285308791149 66
971285861861217 67
971286177870739 68
971286967970836 69
971287580275524 70
971288054312246 71
971288706167714 72
971289200003164 73
971289911032216 74
971290404837148 75
971291155447499 76
971294809591787 77
971295382406728 78
971295975027578 79
971296765097158 80
971297298391835 81
971297970033069 82
971298562562366 83
971299332887073 84
971299984742541 85
971300695802112 86
971301209382434 87
971301841462512 88
971302335267444 89
971302888337512 90
971303382142444 91
971303915437122 92
971304389497180 93
971304922852893 94
971305377137561 95
971305910462756 96
971306344972034 97
971306898011584 98
971307352357288 99
971307885740346 100
971308320249624 101
971308853513784 102
971309307828969 103
971309841154165 104
971310315275259 105
971310828794546 106
971311283109731 107
971311796629018 108
971312250944204 109
971312784238882 110
971313199064321 111
971313692869253 112
971314127409048 113
971314640958852 114
971315095274038 115
971315608823843 116
971316063139028 117
971316556974477 118
971316991483755 119
971317524808950 120
971317959384731 121
971318492679409 122
971318946964077 123
971319480258754 124
971319954349331 125
971320527133754 126
971321060428432 127
971321712283901 128
971322245639614 129
971322936923794 130
971323489993862 131
971323786319545 132
971324714633754 133
971326077579311 134
971328902170388 135
971331865061013 136
971332497080056 137
971334847635476 138
971345197929867 139
971346422539242 140
971346916374691 141
971347508965023 142
971347983027587 143
971348536097656 144
971348970667968 145
971349523768554 146
971349978022705 147
971350511347900 148
971350945857177 149
971351459437500 150
971351913722168 151
971352447108398 152
971352861903320 153
971353395167480 154
971353829737793 155
971354363032470 156
971354817378173 157
971355330927978 158
971355785243164 159
971356298854004 160
971356733363281 161
971357246913086 162
971357681476516 163
971358214801711 164
971358669116897 165
971359222186965 166
971359696185989 167
971360249256057 168
971360762836379 169
971361335712356 170
971361849231643 171
971362441791457 172
971362955371780 173
971363528186721 174
971364041767043 175
971364634357375 176
971365147968215 177
971365740497512 178
971366254077834 179
971366826831741 180
971367360217971 181
971367972473957 182
971368466309406 183
971369039093830 184
971369552643635 185
971370165009357 186
971370678589680 187
971371310669758 188
971371843964436 189
971372416809895 190
971372989624836 191
971373582215168 192
971374135254719 193
971374747559406 194
971375300659992 195
971376011750080 196
971376545136311 197
971377216645100 198
971377769742882 199
971378480832969 200
971379033903038 201
971379804227745 202
971380377073204 203
971381127622520 204
971381819028770 205
