200 0.870029 0 0.493
250 -0.758735 0 -0.6514
300 0.216026 0 0.976388
350 -0.403484 0 0.914987
400 -0.923669 0 -0.383192
450 -0.477304 0 -0.878738
500 -0.294666 0 -0.9556
550 0.107014 0 -0.994257
600 0.202748 0 -0.979231
650 0.191091 0 -0.981572
700 0.220746 0 -0.975331
750 0.161404 0 -0.986888
800 0.0837621 0 -0.996486
850 0.267671 0 -0.96351
900 0.180676 0 -0.983543
950 0.224147 0 -0.974555
1000 0.0400147 0 -0.999199
1050 -0.00132327 0 -0.999999
1100 0.0537058 0 -0.998557
1150 0.039885 0 -0.999204
1200 0.0474667 0 -0.998873
1250 -0.0173056 0 -0.99985
1300 0.0671141 0 -0.997745
1350 0.125072 0 -0.992148
1400 0.154548 0 -0.987985
1450 0.0539063 0 -0.998546
1500 0.140917 0 -0.990021
1550 0.0909156 0 -0.995859
1600 0.0629982 0 -0.998014
1650 0.0274428 0 -0.999623
1700 0.153389 0 -0.988166
1750 0.145744 0 -0.989322
1800 0.109464 0 -0.993991
1850 0.0836879 0 -0.996492
1900 0.0110055 0 -0.999939
1950 0.136667 0 -0.990617
2000 0.0179085 0 -0.99984
2050 0.0401841 0 -0.999192
2100 -0.0494464 0 -0.998777
2150 0.0032619 0 -0.999995
2200 -0.105216 0 -0.994449
2250 -0.18681 0 -0.982396
2300 -0.12481 0 -0.992181
2350 -0.0175757 0 -0.999846
2400 0.112223 0 -0.993683
2450 0.0753017 0 -0.997161
2500 -0.0813504 0 -0.996686
2550 0.157392 0 -0.987536
2600 0.00743368 0 -0.999972
2650 0.0627895 0 -0.998027
2700 -0.10373 0 -0.994606
2750 0.155793 0 -0.98779
2800 0.10268 0 -0.994714
2850 0.225786 0 -0.974177
2900 0.145936 0 -0.989294
2950 0.236515 0 -0.971628
3000 0.200882 0 -0.979615
3050 0.219236 0 -0.975672
3100 0.0814829 0 -0.996675
3150 0.183027 0 -0.983108
3200 0.124235 0 -0.992253
3250 0.214888 0 -0.976639
3300 -0.0958602 0 -0.995395
3350 0.15136 0 -0.988479
3400 -0.0866509 0 -0.996239
3450 0.0459144 0 -0.998945
3500 -0.0591561 0 -0.998249
3550 0.0668238 0 -0.997765
3600 0.150128 0 -0.988667
3650 0.134293 0 -0.990942
3700 0.155037 0 -0.987909
3750 0.235833 0 -0.971794
3800 0.186098 0 -0.982531
3850 0.355251 0 -0.934771
3900 0.30803 0 -0.951377
3950 0.202164 0 -0.979352
4000 0.0976575 0 -0.99522
4050 0.143887 0 -0.989594
4100 0.152424 0 -0.988315
4150 -0.00173863 0 -0.999998
4200 0.0933181 0 -0.995636
4250 0.0987717 0 -0.99511
4300 0.0548129 0 -0.998497
4350 -0.0122936 0 -0.999924
4400 -0.0260104 0 -0.999662
4450 -0.101453 0 -0.99484
4500 -0.17828 0 -0.98398
4550 -0.142342 0 -0.989818
4600 0.0595805 0 -0.998224
4650 0.0291815 0 -0.999574
4700 0.139967 0 -0.990156
4750 0.146969 0 -0.989141
4800 0.22652 0 -0.974007
4850 0.190935 0 -0.981603
4900 -0.00255811 0 -0.999997
4950 0.0588843 0 -0.998265
5000 0.0808526 0 -0.996726
5050 0.038895 0 -0.999243
5100 -0.00951746 0 -0.999955
5150 0.199187 0 -0.979962
5200 0.096143 0 -0.995368
5250 0.119869 0 -0.99279
5300 0.141827 0 -0.989891
5350 0.223743 0 -0.974648
5400 0.126325 0 -0.991989
5450 0.282412 0 -0.959293
5500 0.198343 0 -0.980133
5550 0.149499 0 -0.988762
5600 0.145263 0 -0.989393
5650 0.273941 0 -0.961747
5700 0.164208 0 -0.986426
5750 0.0234941 0 -0.999724
5800 -0.0106602 0 -0.999943
5850 0.200936 0 -0.979604
5900 0.0639806 0 -0.997951
5950 0.117743 0 -0.993044
6000 0.0571057 0 -0.998368
6050 0.1573 0 -0.987551
6100 0.101205 0 -0.994866
6150 0.0803071 0 -0.99677
6200 0.0217648 0 -0.999763
6250 0.102776 0 -0.994705
6300 0.171222 0 -0.985232
6350 0.109549 0 -0.993981
6400 0.194684 0 -0.980866
6450 0.0809739 0 -0.996716
6500 0.198367 0 -0.980128
6550 0.0494841 0 -0.998775
6600 -0.133849 0 -0.991002
6650 -0.18307 0 -0.9831
6700 0.0356194 0 -0.999365
6750 0.151862 0 -0.988402
6800 -0.112425 0 -0.99366
6850 -0.0131507 0 -0.999914
6900 0.153965 0 -0.988076
6950 0.195942 0 -0.980615
7000 0.114414 0 -0.993433
7050 0.122503 0 -0.992468
7100 0.33052 0 -0.943799
7150 0.240385 0 -0.970678
7200 0.210944 0 -0.977498
7250 0.110005 0 -0.993931
7300 0.194025 0 -0.980997
7350 0.284708 0 -0.958614
7400 0.0902831 0 -0.995916
7450 0.0381184 0 -0.999273
7500 -0.0709636 0 -0.997479
7550 0.0854455 0 -0.996343
7600 -0.905709 0 0.4239
7650 0.145818 0 -0.989312
7700 0.170778 0 -0.98531
7750 0.0841935 0 -0.996449
7800 0.536264 0 -0.84405
7850 -0.980376 0 0.197139
7900 -0.711706 0 0.702478
7950 -0.452444 0 0.891793
8000 -0.980343 0 0.197302
8050 -0.239392 0 -0.970923
8100 0.251777 0 -0.967785
8150 0.31717 0 -0.948369
8200 0.410228 0 -0.911983
8250 0.168673 0 -0.985672
8300 0.128394 0 -0.991723
8350 -0.0216045 0 -0.999767
8400 -0.0952149 0 -0.995457
8450 -0.0725869 0 -0.997362
8500 0.135092 0 -0.990833
8550 0.215317 0 -0.976544
8600 0.188746 0 -0.982026
8650 0.0737274 0 -0.997278
8700 0.219016 0 -0.975721
8750 0.330882 0 -0.943672
8800 0.222811 0 -0.974862
8850 0.0929486 0 -0.995671
8900 -0.0144321 0 -0.999896
8950 0.0515442 0 -0.998671
9000 0.0187541 0 -0.999824
9050 0.00058037 0 -1
9100 0.0327698 0 -0.999463
9150 0.202049 0 -0.979375
9200 0.285121 0 -0.958492
9250 0.309444 0 -0.950918
9300 0.276957 0 -0.960882
9350 0.359759 0 -0.933045
9400 0.229888 0 -0.973217
9450 0.181072 0 -0.98347
9500 0.0341972 0 -0.999415
9550 0.183586 0 -0.983004
9600 0.346497 0 -0.938051
9650 0.611756 0 -0.791046
9700 0.783294 0 -0.621652
9750 0.750348 0 -0.661044
9800 0.793185 0 -0.608981
9850 0.77498 0 -0.631985
9900 0.755199 0 -0.655496
9950 0.722811 0 -0.691046
10000 0.530897 0 -0.847436
10050 0.557336 0 -0.830287
10100 0.648042 0 -0.761605
10150 0.320106 0 -0.947382
10200 -0.42936 0 -0.903133
10250 0.33113 0 -0.943585
10300 0.622434 0 -0.782672
10350 -0.0326755 0 -0.999466
10400 0.512076 0 -0.85894
10450 0.657498 0 -0.753457
10500 0.441677 0 -0.897174
10550 0.187026 0 -0.982355
10600 0.361236 0 -0.932474
10650 0.0835426 0 -0.996504
10700 -0.999614 0 0.0277782
10750 0.201727 0 -0.979442
10800 0.306742 0 -0.951793
10850 0.191014 0 -0.981587
10900 0.212305 0 -0.977203
10950 0.243193 0 -0.969978
11000 0.204666 0 -0.978832
11050 0.0776404 0 -0.996981
11100 -0.019084 0 -0.999818
11150 -0.024458 0 -0.999701
11200 0.0703543 0 -0.997522
11250 0.0993424 0 -0.995053
11300 0.151725 0 -0.988423
11350 0.216911 0 -0.976191
11400 0.135262 0 -0.99081
11450 0.114484 0 -0.993425
11500 -0.040484 0 -0.99918
11550 0.0354006 0 -0.999373
11600 -0.0283626 0 -0.999598
11650 0.11283 0 -0.993614
11700 0.145667 0 -0.989334
11750 0.193977 0 -0.981006
11800 0.170682 0 -0.985326
11850 0.141401 0 -0.989952
11900 0.228138 0 -0.973629
11950 0.198176 0 -0.980166
12000 0.11409 0 -0.99347
12050 0.370405 0 -0.92887
12100 0.297848 0 -0.954613
12150 0.307586 0 -0.95152
12200 0.213359 0 -0.976974
12250 0.169294 0 -0.985566
12300 0.177716 0 -0.984082
12350 0.396234 0 -0.91815
12400 0.239012 0 -0.971017
12450 0.0875057 0 -0.996164
12500 0.0649646 0 -0.997888
12550 0.120699 0 -0.992689
12600 0.198981 0 -0.980003
12650 0.316331 0 -0.948649
12700 0.13088 0 -0.991398
12750 0.160156 0 -0.987092
12800 0.215713 0 -0.976457
12850 0.19518 0 -0.980767
12900 0.205061 0 -0.978749
12950 0.186642 0 -0.982428
13000 0.180699 0 -0.983538
13050 0.140593 0 -0.990067
13100 0.196479 0 -0.980508
13150 0.014627 0 -0.999893
13200 0.0550811 0 -0.998482
13250 0.202797 0 -0.979221
13300 0.203933 0 -0.978985
13350 0.151578 0 -0.988445
13400 0.147063 0 -0.989127
13450 0.205642 0 -0.978627
13500 0.100364 0 -0.994951
13550 0.216995 0 -0.976173
13600 0.170191 0 -0.985411
13650 0.0650591 0 -0.997881
13700 0.185784 0 -0.982591
13750 0.0844781 0 -0.996425
13800 0.040947 0 -0.999161
13850 0.0986744 0 -0.99512
13900 0.099838 0 -0.995004
13950 0.0899091 0 -0.99595
14000 0.167699 0 -0.985838
14050 0.298233 0 -0.954493
14100 0.164615 0 -0.986358
14150 0.246092 0 -0.969246
14200 -0.00586727 0 -0.999983
14250 0.0567593 0 -0.998388
14300 0.106752 0 -0.994286
14350 0.146327 0 -0.989236
14400 0.150411 0 -0.988624
14450 -0.0113089 0 -0.999936
14500 -0.0577866 0 -0.998329
14550 -0.0468713 0 -0.998901
14600 0.00456269 0 -0.99999
14650 0.113554 0 -0.993532
14700 0.0752212 0 -0.997167
14750 0.0381894 0 -0.999271
14800 0.14757 0 -0.989052
14850 0.0695693 0 -0.997577
14900 0.196088 0 -0.980586
14950 0.111292 0 -0.993788
15000 0.0609833 0 -0.998139
15050 0.0468275 0 -0.998903
15100 -0.0203397 0 -0.999793
15150 -0.01995 0 -0.999801
15200 -0.0501275 0 -0.998743
15250 -0.0808387 0 -0.996727
15300 0.122364 0 -0.992485
15350 0.295754 0 -0.955264
15400 0.215294 0 -0.976549
15450 -0.0707917 0 -0.997491
15500 -0.116498 0 -0.993191
15550 0.000252248 0 -1
15600 0.0612553 0 -0.998122
15650 0.113843 0 -0.993499
15700 0.19442 0 -0.980918
15750 0.211899 0 -0.977292
15800 0.042551 0 -0.999094
15850 0.0638576 0 -0.997959
15900 0.0379102 0 -0.999281
15950 0.0311064 0 -0.999516
16000 0.100892 0 -0.994897
16050 0.0396473 0 -0.999214
16100 0.00766285 0 -0.999971
16150 0.0586727 0 -0.998277
16200 0.134996 0 -0.990846
16250 0.099446 0 -0.995043
16300 0.0212714 0 -0.999774
16350 -0.0732602 0 -0.997313
16400 -0.0916671 0 -0.99579
16450 -0.0903514 0 -0.99591
16500 -0.026561 0 -0.999647
16550 0.0799091 0 -0.996802
16600 0.107844 0 -0.994168
16650 0.0142881 0 -0.999898
16700 0.152346 0 -0.988327
16750 -0.000743752 0 -1
16800 -0.069722 0 -0.997566
16850 -0.00443696 0 -0.99999
16900 0.0897156 0 -0.995967
16950 0.144049 0 -0.98957
17000 0.158501 0 -0.987359
17050 0.0765764 0 -0.997064
17100 0.260444 0 -0.965489
17150 0.211495 0 -0.977379
17200 0.239106 0 -0.970993
17250 0.126755 0 -0.991934
17300 0.0286315 0 -0.99959
17350 0.152979 0 -0.988229
17400 0.133336 0 -0.991071
17450 0.203814 0 -0.97901
17500 0.00429383 0 -0.999991
17550 -0.103896 0 -0.994588
17600 -0.0922086 0 -0.99574
17650 -0.0477415 0 -0.99886
17700 0.00366204 0 -0.999993
17750 -0.176913 0 -0.984226
17800 -0.217081 0 -0.976154
17850 -0.288243 0 -0.957557
17900 -0.136343 0 -0.990662
17950 -0.116069 0 -0.993241
18000 -0.239201 0 -0.97097
18050 0.298984 0 -0.954258
18100 0.228227 0 -0.973608
18150 0.34031 0 -0.940313
18200 0.15264 0 -0.988282
18250 0.0457221 0 -0.998954
18300 0.202194 0 -0.979346
18350 0.244335 0 -0.969691
18400 0.213836 0 -0.97687
18450 0.232941 0 -0.972491
18500 0.0561542 0 -0.998422
18550 0.074111 0 -0.99725
18600 0.048131 0 -0.998841
18650 0.206364 0 -0.978475
18700 0.162914 0 -0.98664
18750 0.23957 0 -0.970879
18800 0.207245 0 -0.978289
18850 0.100664 0 -0.99492
18900 0.167676 0 -0.985842
18950 0.0531942 0 -0.998584
19000 0.108352 0 -0.994113
19050 0.244508 0 -0.969647
19100 0.173785 0 -0.984784
19150 0.129606 0 -0.991566
19200 0.0756312 0 -0.997136
19250 0.0567593 0 -0.998388
19300 0.28658 0 -0.958056
19350 0.356243 0 -0.934393
19400 0.526441 0 -0.850212
19450 0.329212 0 -0.944256
19500 0.206102 0 -0.97853
19550 0.127846 0 -0.991794
19600 0.0680059 0 -0.997685
19650 0.117105 0 -0.99312
19700 0.157065 0 -0.987588
19750 0.251809 0 -0.967777
19800 0.208464 0 -0.97803
19850 -0.0171803 0 -0.999852
19900 0.139988 0 -0.990153
19950 0.049346 0 -0.998782
20000 0.144074 0 -0.989567
20050 0.149062 0 -0.988828
20100 0.0734191 0 -0.997301
20150 0.197222 0 -0.980359
20200 0.181075 0 -0.983469
20250 0.291498 0 -0.956571
20300 0.166103 0 -0.986108
20350 0.238633 0 -0.97111
20400 0.443711 0 -0.89617
20450 0.303741 0 -0.952755
20500 0.349009 0 -0.937119
20550 -0.055416 0 -0.998463
20600 -0.368556 0 -0.929605
20650 -0.172557 0 -0.985
20700 -0.165298 0 -0.986244
20750 0.0363624 0 -0.999339
20800 0.167208 0 -0.985922
20850 0.303598 0 -0.9528
20900 0.360475 0 -0.932769
20950 0.451459 0 -0.892292
21000 0.464831 0 -0.8854
21050 0.238356 0 -0.971178
21100 0.423001 0 -0.906129
21150 0.414926 0 -0.909855
21200 0.365627 0 -0.930762
21250 0.272997 0 -0.962015
21300 0.258587 0 -0.965988
21350 0.219823 0 -0.97554
21400 0.313201 0 -0.949687
21450 0.286619 0 -0.958045
21500 0.152866 0 -0.988247
21550 0.254986 0 -0.966945
21600 0.133647 0 -0.991029
21650 0.284677 0 -0.958623
21700 0.185725 0 -0.982602
21750 0.229636 0 -0.973277
21800 0.298016 0 -0.954561
21850 0.30111 0 -0.953589
21900 0.162377 0 -0.986729
21950 0.171749 0 -0.985141
22000 0.300285 0 -0.953849
22050 0.212884 0 -0.977078
22100 0.27377 0 -0.961795
22150 0.11088 0 -0.993834
22200 0.0733924 0 -0.997303
22250 0.148189 0 -0.988959
22300 0.129409 0 -0.991591
22350 0.234726 0 -0.972062
22400 0.177555 0 -0.984111
22450 0.340375 0 -0.94029
22500 0.251834 0 -0.96777
22550 0.263741 0 -0.964593
22600 -0.0359878 0 -0.999352
22650 -0.0922109 0 -0.995739
22700 -0.0343217 0 -0.999411
22750 -0.0370138 0 -0.999315
22800 0.0730063 0 -0.997331
22850 0.05175 0 -0.99866
22900 0.2434 0 -0.969926
22950 0.269559 0 -0.962984
23000 0.200828 0 -0.979627
23050 0.139282 0 -0.990253
23100 0.205629 0 -0.97863
23150 0.157559 0 -0.98751
23200 0.198696 0 -0.980061
23250 0.117336 0 -0.993092
23300 0.135269 0 -0.990809
23350 0.310071 0 -0.950713
23400 0.165175 0 -0.986264
23450 -0.102147 0 -0.994769
23500 -0.00126757 0 -0.999999
23550 0.15969 0 -0.987167
23600 0.0418627 0 -0.999123
23650 0.20988 0 -0.977727
23700 0.130816 0 -0.991407
23750 -0.0493123 0 -0.998783
23800 -0.0728962 0 -0.99734
23850 -0.036777 0 -0.999323
23900 0.121015 0 -0.992651
23950 -0.0117206 0 -0.999931
24000 0.024662 0 -0.999696
24050 0.0933578 0 -0.995633
24100 0.261231 0 -0.965276
24150 0.0542918 0 -0.998525
24200 0.0743384 0 -0.997233
24250 -0.161548 0 -0.986865
24300 -0.0282638 0 -0.9996
24350 -0.282171 0 -0.959364
24400 -0.0382554 0 -0.999268
24450 9.90672e-05 0 -1
24500 0.106724 0 -0.994289
24550 0.128642 0 -0.991691
24600 0.114639 0 -0.993407
24650 0.173264 0 -0.984875
24700 0.307945 0 -0.951404
24750 0.228452 0 -0.973555
24800 0.274856 0 -0.961485
24850 0.0276872 0 -0.999617
24900 0.146527 0 -0.989207
24950 0.170408 0 -0.985374
25000 0.217897 0 -0.975972
25050 0.112928 0 -0.993603
25100 0.253799 0 -0.967257
25150 0.0892346 0 -0.996011
25200 0.23104 0 -0.972944
25250 -0.0362151 0 -0.999344
25300 -0.0248715 0 -0.999691
25350 -0.112576 0 -0.993643
25400 -0.185426 0 -0.982658
25450 -0.154949 0 -0.987922
25500 0.153328 0 -0.988175
25550 0.258305 0 -0.966063
25600 0.295534 0 -0.955332
25650 0.168993 0 -0.985617
25700 0.0388152 0 -0.999246
25750 0.133995 0 -0.990982
25800 0.207184 0 -0.978302
25850 0.05145 0 -0.998676
25900 -0.0372487 0 -0.999306
25950 -0.0456487 0 -0.998958
26000 0.0223795 0 -0.99975
26050 -0.00284509 0 -0.999996
26100 0.0681628 0 -0.997674
26150 -0.109225 0 -0.994017
26200 0.0671436 0 -0.997743
26250 0.0827559 0 -0.99657
26300 -0.0154316 0 -0.999881
26350 0.11752 0 -0.993071
26400 -0.0166062 0 -0.999862
26450 0.577641 0 -0.816291
26500 0.623562 0 -0.781774
26550 0.615413 0 -0.788205
26600 0.197773 0 -0.980248
26650 -0.634737 0 -0.772729
26700 -0.339062 0 -0.940764
26750 -0.90275 0 0.430166
