200 0 0 -0.068766
250 0 0 -0.0691057
300 0 0 -0.0628713
350 0 0 -0.063048
400 0 0 -0.069167
450 0 0 -0.163607
500 0 0 -0.249133
550 0 0 -0.436395
600 0 0 -0.739091
650 0 0 -0.868799
700 0 0 -1.07634
750 0 0 -1.03328
800 0 0 -1.039
850 0 0 -1.06228
900 0 0 -1.13518
950 0 0 -1.11247
1000 0 0 -1.09567
1050 0 0 -0.930168
1100 0 0 -1.12069
1150 0 0 -1.12924
1200 0 0 -1.24671
1250 0 0 -1.23415
1300 0 0 -1.26702
1350 0 0 -1.37336
1400 0 0 -1.32635
1450 0 0 -1.39109
1500 0 0 -1.39923
1550 0 0 -1.39786
1600 0 0 -1.3171
1650 0 0 -1.22977
1700 0 0 -1.18822
1750 0 0 -1.16438
1800 0 0 -1.14764
1850 0 0 -1.09693
1900 0 0 -1.17927
1950 0 0 -1.20766
2000 0 0 -1.16494
2050 0 0 -1.10037
2100 0 0 -1.19511
2150 0 0 -1.35693
2200 0 0 -1.25679
2250 0 0 -1.29792
2300 0 0 -1.25196
2350 0 0 -1.38531
2400 0 0 -1.29124
2450 0 0 -1.27887
2500 0 0 -1.24726
2550 0 0 -1.14694
2600 0 0 -1.21926
2650 0 0 -1.17553
2700 0 0 -1.23062
2750 0 0 -1.2533
2800 0 0 -1.21869
2850 0 0 -1.29271
2900 0 0 -1.24903
2950 0 0 -1.3646
3000 0 0 -1.25134
3050 0 0 -1.24225
3100 0 0 -1.22936
3150 0 0 -1.20831
3200 0 0 -1.27425
3250 0 0 -1.25829
3300 0 0 -1.2541
3350 0 0 -1.18478
3400 0 0 -1.32972
3450 0 0 -1.25166
3500 0 0 -1.2466
3550 0 0 -1.31541
3600 0 0 -1.14988
3650 0 0 -1.27377
3700 0 0 -1.27593
3750 0 0 -1.21899
3800 0 0 -1.22961
3850 0 0 -1.20288
3900 0 0 -1.27282
3950 0 0 -1.28507
4000 0 0 -1.23642
4050 0 0 -1.22623
4100 0 0 -1.14299
4150 0 0 -1.14613
4200 0 0 -1.22111
4250 0 0 -1.204
4300 0 0 -1.18648
4350 0 0 -1.20491
4400 0 0 -1.18323
4450 0 0 -1.25902
4500 0 0 -1.23948
4550 0 0 -1.22516
4600 0 0 -1.22726
4650 0 0 -1.19256
4700 0 0 -1.24545
4750 0 0 -1.1379
4800 0 0 -1.24456
4850 0 0 -1.21289
4900 0 0 -1.16893
4950 0 0 -1.16507
5000 0 0 -1.15963
5050 0 0 -1.22717
5100 0 0 -1.19202
5150 0 0 -1.20722
5200 0 0 -1.14062
5250 0 0 -1.17761
5300 0 0 -1.22363
5350 0 0 -1.09999
5400 0 0 -1.22473
5450 0 0 -1.12693
5500 0 0 -1.19986
5550 0 0 -1.18694
5600 0 0 -1.21593
5650 0 0 -1.21296
5700 0 0 -1.24034
5750 0 0 -1.34653
5800 0 0 -1.24464
5850 0 0 -1.24439
5900 0 0 -1.12898
5950 0 0 -1.19409
6000 0 0 -1.18508
6050 0 0 -1.11745
6100 0 0 -1.26527
6150 0 0 -1.24467
6200 0 0 -1.32251
6250 0 0 -1.32916
6300 0 0 -1.32875
6350 0 0 -1.26036
6400 0 0 -1.30046
6450 0 0 -1.28551
6500 0 0 -1.2868
6550 0 0 -1.19152
6600 0 0 -1.15653
6650 0 0 -1.19119
6700 0 0 -1.12543
6750 0 0 -1.03756
6800 0 0 -0.951179
6850 0 0 -0.955702
6900 0 0 -0.966836
6950 0 0 -0.937776
7000 0 0 -1.08943
7050 0 0 -1.01417
7100 0 0 -1.19946
7150 0 0 -1.15415
7200 0 0 -1.20952
7250 0 0 -1.33309
7300 0 0 -1.22049
7350 0 0 -1.37498
7400 0 0 -1.28263
7450 0 0 -1.33481
7500 0 0 -1.41838
7550 0 0 -1.34614
7600 0 0 -1.45693
7650 0 0 -1.36819
7700 0 0 -1.57536
7750 0 0 -1.34406
7800 0 0 -1.55745
7850 0 0 -1.3866
7900 0 0 -1.65823
7950 0 0 -1.36257
8000 0 0 -1.62849
8050 0 0 -1.28483
8100 0 0 -1.49621
8150 0 0 -1.41482
8200 0 0 -1.47202
8250 0 0 -1.41394
8300 0 0 -1.4223
8350 0 0 -1.34731
8400 0 0 -1.33497
8450 0 0 -1.41537
8500 0 0 -1.36225
8550 0 0 -1.27139
8600 0 0 -1.32421
8650 0 0 -1.37335
8700 0 0 -1.31944
8750 0 0 -1.38958
8800 0 0 -1.37632
8850 0 0 -1.39015
8900 0 0 -1.42453
8950 0 0 -1.38002
9000 0 0 -1.42632
9050 0 0 -1.41781
9100 0 0 -1.45259
9150 0 0 -1.29411
9200 0 0 -1.43466
9250 0 0 -1.31673
9300 0 0 -1.53293
9350 0 0 -1.40294
9400 0 0 -1.52495
9450 0 0 -1.43918
9500 0 0 -1.46131
9550 0 0 -1.4379
9600 0 0 -1.65022
9650 0 0 -1.40274
9700 0 0 -1.50517
9750 0 0 -1.51324
9800 0 0 -1.49863
9850 0 0 -1.50753
9900 0 0 -1.47247
9950 0 0 -1.53281
10000 0 0 -1.4976
10050 0 0 -1.46753
10100 0 0 -1.27768
10150 0 0 -1.10471
10200 0 0 -0.81836
10250 0 0 -0.596026
10300 0 0 -0.637147
10350 0 0 -0.453112
10400 0 0 -0.594397
10450 0 0 -0.692621
10500 0 0 -0.665329
10550 0 0 -0.52692
10600 0 0 -0.63771
10650 0 0 -0.661059
10700 0 0 -0.661829
10750 0 0 -0.771829
10800 0 0 -0.888578
10850 0 0 -0.965508
10900 0 0 -1.13254
10950 0 0 -1.18218
11000 0 0 -1.239
11050 0 0 -1.15169
11100 0 0 -1.19863
11150 0 0 -1.05998
11200 0 0 -1.1871
11250 0 0 -1.14986
11300 0 0 -1.26043
11350 0 0 -1.30986
11400 0 0 -1.32241
11450 0 0 -1.36254
11500 0 0 -1.31913
11550 0 0 -1.42879
11600 0 0 -1.30826
11650 0 0 -1.33715
11700 0 0 -1.31291
11750 0 0 -1.44578
11800 0 0 -1.45973
11850 0 0 -1.31097
11900 0 0 -1.47522
11950 0 0 -1.40058
12000 0 0 -1.53405
12050 0 0 -1.31832
12100 0 0 -1.54646
12150 0 0 -1.40822
12200 0 0 -1.53146
12250 0 0 -1.47347
12300 0 0 -1.49996
12350 0 0 -1.53241
12400 0 0 -1.37643
12450 0 0 -1.45551
12500 0 0 -1.39631
12550 0 0 -1.4997
12600 0 0 -1.24574
12650 0 0 -1.25218
12700 0 0 -1.06081
12750 0 0 -1.0674
12800 0 0 -1.12944
12850 0 0 -1.11289
12900 0 0 -1.26484
12950 0 0 -1.23712
13000 0 0 -1.27714
13050 0 0 -1.23508
13100 0 0 -1.35035
13150 0 0 -1.32698
13200 0 0 -1.3921
13250 0 0 -1.40463
13300 0 0 -1.32272
13350 0 0 -1.38647
13400 0 0 -1.3898
13450 0 0 -1.31017
13500 0 0 -1.36299
13550 0 0 -1.31998
13600 0 0 -1.34993
13650 0 0 -1.35765
13700 0 0 -1.43765
13750 0 0 -1.31803
13800 0 0 -1.49463
13850 0 0 -1.42183
13900 0 0 -1.50642
13950 0 0 -1.40982
14000 0 0 -1.51595
14050 0 0 -1.48818
14100 0 0 -1.48386
14150 0 0 -1.40449
14200 0 0 -1.38376
14250 0 0 -1.40844
14300 0 0 -1.37621
14350 0 0 -1.46936
14400 0 0 -1.4202
14450 0 0 -1.5043
14500 0 0 -1.37872
14550 0 0 -1.42056
14600 0 0 -1.45107
14650 0 0 -1.54852
14700 0 0 -1.42246
14750 0 0 -1.49
14800 0 0 -1.46628
14850 0 0 -1.39844
14900 0 0 -1.51646
14950 0 0 -1.42085
15000 0 0 -1.54497
15050 0 0 -1.38984
15100 0 0 -1.58494
15150 0 0 -1.44668
15200 0 0 -1.56311
15250 0 0 -1.3995
15300 0 0 -1.51012
15350 0 0 -1.39458
15400 0 0 -1.49297
15450 0 0 -1.46941
15500 0 0 -1.42825
15550 0 0 -1.38212
15600 0 0 -1.36947
15650 0 0 -1.43675
15700 0 0 -1.3048
15750 0 0 -1.252
15800 0 0 -1.21865
15850 0 0 -1.18139
15900 0 0 -1.04743
15950 0 0 -0.949041
16000 0 0 -0.822115
16050 0 0 -0.879304
16100 0 0 -0.475841
16150 0 0 -0.397161
16200 0 0 -0.215258
16250 0 0 -0.225555
16300 0 0 -0.114138
16350 0 0 -0.0896022
16400 0 0 -0.105663
16450 0 0 -0.108253
16500 0 0 -0.0859964
16550 0 0 -0.0624586
16600 0 0 -0.070933
16650 0 0 -0.0920635
16700 0 0 -0.0897908
16750 0 0 -0.0623399
16800 0 0 -0.0585791
16850 0 0 -0.0637366
16900 0 0 -0.0642119
16950 0 0 -0.0576531
17000 0 0 -0.0611325
17050 0 0 -0.0654045
17100 0 0 -0.0621332
17150 0 0 -0.0639612
17200 0 0 -0.105912
17250 0 0 -0.13827
17300 0 0 -0.17552
17350 0 0 -0.169869
17400 0 0 -0.156559
17450 0 0 -0.142887
