200 -0.00937429 0 0.0138196
250 -0.0236805 0 0.0248937
300 -0.0139828 0 0.036239
350 -0.0244123 0 0.0298848
400 -0.00735304 0 0.0130042
450 -0.00662802 0 0.0237717
500 -0.108399 0 0.0898151
550 -0.0213975 0 0.0427123
600 -0.0404986 0 0.0864347
650 -0.0401381 0 0.0681853
700 -0.066241 0 0.0521019
750 -0.117087 0 -0.00813784
800 -0.197859 0 -0.0467086
850 0.043167 0 -0.182215
900 0.0853454 0 -0.440148
950 0.215378 0 -0.895258
1000 0.490456 0 -1.01351
1050 0.188477 0 -1.07593
1100 0.066939 0 -0.862171
1150 0.369189 0 -0.798641
1200 0.632083 0 -1.09835
1250 0.498911 0 -1.17008
1300 0.132183 0 -1.28974
1350 0.244156 0 -1.01825
1400 0.579656 0 -1.06968
1450 0.676071 0 -1.1663
1500 0.32732 0 -1.2064
1550 0.195853 0 -1.11591
1600 0.448663 0 -1.06547
1650 0.661883 0 -1.20317
1700 0.453803 0 -1.19725
1750 0.201944 0 -1.25063
1800 0.26095 0 -0.998019
1850 0.627831 0 -1.10575
1900 0.58724 0 -1.27188
1950 0.260825 0 -1.32512
2000 0.223923 0 -1.20836
2050 0.456214 0 -1.10984
2100 0.604275 0 -1.26825
2150 0.398157 0 -1.25416
2200 0.16041 0 -1.22294
2250 0.319633 0 -0.965343
2300 0.651349 0 -1.10749
2350 0.64283 0 -1.22053
2400 0.372585 0 -1.05017
2450 0.23988 0 -1.08418
2500 0.419876 0 -1.05898
2550 0.637263 0 -1.26138
2600 0.420461 0 -1.21934
2650 0.19047 0 -1.24719
2700 0.321382 0 -1.00743
2750 0.688139 0 -1.19154
2800 0.524218 0 -1.13179
2850 0.333007 0 -1.14712
2900 0.196278 0 -1.0939
2950 0.4443 0 -1.00323
3000 0.632854 0 -1.25475
3050 0.398207 0 -1.24245
3100 0.165383 0 -1.28107
3150 0.367221 0 -1.02986
3200 0.564217 0 -1.20424
3250 0.443401 0 -1.17934
3300 0.279631 0 -1.16461
3350 0.283002 0 -1.06494
3400 0.629274 0 -1.14405
3450 0.675888 0 -1.27165
3500 0.345163 0 -1.30299
3550 0.161912 0 -1.24565
3600 0.440659 0 -1.04553
3650 0.624953 0 -1.14286
3700 0.457043 0 -1.18636
3750 0.189159 0 -1.26515
3800 0.224809 0 -1.02464
3850 0.595966 0 -1.02093
3900 0.672407 0 -1.25584
3950 0.286483 0 -1.28416
4000 0.282981 0 -1.2253
4050 0.437033 0 -1.08462
4100 0.592605 0 -1.2554
4150 0.438962 0 -1.22351
4200 0.197701 0 -1.30077
4250 0.288923 0 -1.07023
4300 0.6341 0 -1.13356
4350 0.64296 0 -1.31097
4400 0.329539 0 -1.16134
4450 0.233352 0 -1.11378
4500 0.469948 0 -1.04134
4550 0.698061 0 -1.2721
4600 0.476485 0 -1.20399
4650 0.168313 0 -1.22414
4700 0.236487 0 -0.974206
4750 0.616847 0 -1.11677
4800 0.526103 0 -1.10544
4850 0.31684 0 -1.139
4900 0.197021 0 -1.10742
4950 0.437281 0 -1.0089
5000 0.641552 0 -1.2604
5050 0.377209 0 -1.2897
5100 0.184909 0 -1.33557
5150 0.383613 0 -1.08266
5200 0.588565 0 -1.23714
5250 0.466308 0 -1.19699
5300 0.295237 0 -1.17928
5350 0.288578 0 -1.0644
5400 0.66814 0 -1.11925
5450 0.769785 0 -1.29535
5500 0.346633 0 -1.29657
5550 0.172786 0 -1.17779
5600 0.383211 0 -0.975179
5650 0.670592 0 -1.15481
5700 0.525097 0 -1.16776
5750 0.245922 0 -1.15349
5800 0.240863 0 -0.997403
5850 0.514428 0 -0.989034
5900 0.663193 0 -1.1759
5950 0.306177 0 -1.20945
6000 0.341256 0 -1.18536
6050 0.38756 0 -1.01991
6100 0.601695 0 -1.18285
6150 0.523378 0 -1.1604
6200 0.208962 0 -1.27474
6250 0.180253 0 -1.05593
6300 0.517488 0 -0.988774
6350 0.670988 0 -1.22312
6400 0.322034 0 -1.15886
6450 0.157931 0 -1.14517
6500 0.29791 0 -0.923144
6550 0.679209 0 -1.16665
6600 0.565855 0 -1.26835
6650 0.233035 0 -1.22839
6700 0.218466 0 -1.02006
6750 0.533298 0 -1.03101
6800 0.562032 0 -1.13364
6850 0.336438 0 -1.17558
6900 0.241597 0 -1.22604
6950 0.384308 0 -1.0333
7000 0.709254 0 -1.23732
7050 0.534718 0 -1.26458
7100 0.185218 0 -1.24657
7150 0.191368 0 -1.01648
7200 0.557075 0 -1.1599
7250 0.554866 0 -1.21417
7300 0.363375 0 -1.22807
7350 0.200806 0 -1.15139
7400 0.406135 0 -0.994806
7450 0.652451 0 -1.22054
7500 0.476075 0 -1.28077
7550 0.195139 0 -1.29821
7600 0.322171 0 -1.04893
7650 0.512355 0 -1.04886
7700 0.596419 0 -1.20673
7750 0.366125 0 -1.11653
7800 0.139936 0 -1.13234
7850 0.418602 0 -1.0056
7900 0.695502 0 -1.20884
7950 0.468753 0 -1.21105
8000 0.363712 0 -1.15355
8050 0.315714 0 -1.01692
8100 0.536257 0 -1.04271
8150 0.622482 0 -1.20783
8200 0.324695 0 -1.26414
8250 0.168383 0 -1.24978
8300 0.413792 0 -0.980863
8350 0.671552 0 -1.16892
8400 0.467698 0 -1.04234
8450 0.253508 0 -1.09383
8500 0.208608 0 -0.949112
8550 0.41796 0 -0.875221
8600 0.647834 0 -1.13946
8650 0.44916 0 -1.11076
8700 0.161994 0 -1.08487
8750 0.275467 0 -0.887537
8800 0.472912 0 -0.96764
8850 0.332568 0 -0.775702
8900 0.214731 0 -0.57836
8950 -0.166168 0 0.153469
9000 0.0219484 0 -0.0583425
9050 -0.0103684 0 -0.0430591
9100 -0.0814548 0 -0.170237
9150 0.168554 0 -0.443348
9200 0.393659 0 -0.697648
9250 0.667679 0 -0.948719
9300 0.402703 0 -0.996606
9350 0.206269 0 -1.03025
9400 0.254504 0 -0.829563
9450 0.605439 0 -1.01194
9500 0.649176 0 -1.0741
9550 0.357406 0 -1.06692
9600 0.312858 0 -1.00963
9650 0.399038 0 -0.939607
9700 0.558413 0 -1.08319
9750 0.446971 0 -1.08237
9800 0.238781 0 -1.21554
9850 0.320444 0 -0.963182
9900 0.593537 0 -1.06587
9950 0.569159 0 -1.22756
10000 0.344287 0 -1.16051
10050 0.344754 0 -1.15763
10100 0.61554 0 -1.17384
10150 0.665304 0 -1.28624
10200 0.313699 0 -1.34062
10250 0.186233 0 -1.25148
10300 0.398781 0 -1.02558
10350 0.539803 0 -1.16376
10400 0.382521 0 -1.04423
10450 0.3073 0 -1.11825
10500 0.302278 0 -1.02858
10550 0.472127 0 -0.994335
10600 0.584048 0 -1.16726
10650 0.314689 0 -1.21959
10700 0.121932 0 -1.20892
10750 0.386977 0 -0.9877
10800 0.540872 0 -1.17368
10850 0.424162 0 -1.12958
10900 0.221334 0 -1.16095
10950 0.246659 0 -0.997864
11000 0.58097 0 -1.06227
11050 0.579155 0 -1.2351
11100 0.267768 0 -1.22205
11150 0.127767 0 -1.09284
11200 0.412026 0 -0.976849
11250 0.680148 0 -1.24255
11300 0.437237 0 -1.27478
11350 0.0919517 0 -1.26347
11400 0.243919 0 -1.03061
11450 0.622376 0 -1.14621
11500 0.625752 0 -1.31295
11550 0.288367 0 -1.31303
11600 0.259371 0 -1.12243
11650 0.432007 0 -1.07524
11700 0.642965 0 -1.2503
11750 0.388171 0 -1.24885
11800 0.0948974 0 -1.20946
11850 0.326876 0 -0.942668
11900 0.7356 0 -1.26876
11950 0.480331 0 -1.20988
12000 0.345204 0 -1.10762
12050 0.310036 0 -1.04566
12100 0.497475 0 -1.06152
12150 0.560562 0 -1.27515
12200 0.240377 0 -1.32256
12250 0.115702 0 -1.2211
12300 0.37586 0 -1.00548
12350 0.6419 0 -1.24603
12400 0.390819 0 -1.07989
12450 0.21191 0 -1.10666
12500 0.270714 0 -0.991062
12550 0.533004 0 -1.08746
12600 0.587039 0 -1.27921
12650 0.281376 0 -1.23906
12700 0.233985 0 -1.14394
12750 0.477315 0 -1.03275
12800 0.590884 0 -1.23925
12850 0.360483 0 -1.28894
12900 0.095016 0 -1.25731
12950 0.242903 0 -0.967854
13000 0.689596 0 -1.19162
13050 0.581565 0 -1.32258
13100 0.130973 0 -1.37035
13150 0.188982 0 -1.07824
13200 0.556768 0 -1.08991
13250 0.633076 0 -1.28944
13300 0.295671 0 -1.29628
13350 0.128736 0 -1.19089
13400 0.445824 0 -1.03604
13450 0.701319 0 -1.28452
13500 0.474307 0 -1.28723
13550 0.138558 0 -1.21962
13600 0.320168 0 -1.00438
13650 0.494002 0 -1.05699
13700 0.508678 0 -1.15164
13750 0.272587 0 -1.17866
13800 0.215816 0 -1.11269
13850 0.432859 0 -0.998033
13900 0.66717 0 -1.20419
13950 0.433562 0 -1.15972
14000 0.359867 0 -1.16806
14050 0.3219 0 -1.05441
14100 0.535643 0 -1.12103
14150 0.554334 0 -1.19608
14200 0.264017 0 -1.34933
14250 0.215411 0 -1.16639
14300 0.409549 0 -1.02941
14350 0.636723 0 -1.24851
14400 0.400001 0 -1.081
14450 0.249859 0 -1.13641
14500 0.350731 0 -1.01643
14550 0.632476 0 -1.16298
14600 0.569363 0 -1.32807
14650 0.209099 0 -1.32127
14700 0.230303 0 -1.11021
14750 0.528226 0 -1.05404
14800 0.616899 0 -1.1459
14850 0.390229 0 -1.14118
14900 0.186966 0 -1.11444
14950 0.323368 0 -0.891213
15000 0.60383 0 -1.085
15050 0.569959 0 -1.14404
15100 0.206975 0 -1.14014
15150 0.155402 0 -1.06222
15200 0.440685 0 -0.957666
15250 0.681116 0 -1.29799
15300 0.396677 0 -1.34109
15350 0.100412 0 -1.29904
15400 0.308169 0 -1.02154
15450 0.640655 0 -1.22277
15500 0.473846 0 -1.27243
15550 0.174005 0 -1.38308
15600 0.245233 0 -1.07676
15650 0.555769 0 -1.08827
15700 0.649186 0 -1.26901
15750 0.326472 0 -1.26086
15800 0.0959903 0 -1.13168
15850 0.306751 0 -0.905019
15900 0.667361 0 -1.24654
15950 0.447044 0 -1.26187
16000 0.287659 0 -1.15313
16050 0.308148 0 -0.976825
16100 0.576674 0 -1.14277
16150 0.558357 0 -1.28996
16200 0.165725 0 -1.34056
16250 0.174894 0 -1.11732
16300 0.525682 0 -1.03734
16350 0.681222 0 -1.25381
16400 0.345771 0 -1.12254
16450 0.131997 0 -1.0892
16500 0.237044 0 -0.889721
16550 0.631167 0 -1.18675
16600 0.516592 0 -1.29856
16650 0.247717 0 -1.22079
16700 0.209629 0 -1.0944
16750 0.465013 0 -0.965129
16800 0.6318 0 -1.13867
16850 0.374101 0 -1.16896
16900 0.108696 0 -1.22672
16950 0.241117 0 -0.959903
17000 0.673448 0 -1.14042
17050 0.62964 0 -1.29223
17100 0.225605 0 -1.29633
17150 0.121524 0 -1.14493
17200 0.46901 0 -1.02768
17250 0.657806 0 -1.30295
17300 0.371389 0 -1.30317
17350 0.144509 0 -1.26264
17400 0.330016 0 -1.03429
17450 0.690823 0 -1.24043
17500 0.536695 0 -1.38927
17550 0.158312 0 -1.42056
17600 0.244937 0 -1.10568
17650 0.564051 0 -1.08091
17700 0.691433 0 -1.30604
17750 0.306707 0 -1.3421
17800 0.126536 0 -1.29133
17850 0.430743 0 -1.02494
17900 0.712845 0 -1.27929
17950 0.430876 0 -1.33032
18000 0.343669 0 -1.1944
18050 0.341583 0 -1.09956
18100 0.521478 0 -1.11162
18150 0.522473 0 -1.20808
18200 0.288342 0 -1.27009
18250 0.109727 0 -1.17247
18300 0.332067 0 -0.951864
18350 0.632267 0 -1.23152
18400 0.396269 0 -1.05505
18450 0.212372 0 -1.01116
18500 0.206526 0 -0.904992
18550 0.420278 0 -0.910158
18600 0.553093 0 -1.18713
18650 0.236481 0 -1.14327
18700 -0.00528828 0 -1.08522
18750 0.178727 0 -0.79489
18800 0.523075 0 -1.14284
18850 0.402653 0 -1.12918
18900 0.215184 0 -1.15462
18950 0.144536 0 -0.961179
19000 0.39411 0 -0.897458
19050 0.589877 0 -1.21882
19100 0.311331 0 -1.29367
19150 0.179784 0 -1.29021
19200 0.378082 0 -1.03564
19250 0.528908 0 -1.08441
19300 0.482941 0 -1.12146
19350 0.225347 0 -1.21093
19400 0.174617 0 -1.10178
19450 0.524402 0 -1.03671
19500 0.687482 0 -1.2961
19550 0.32859 0 -1.311
19600 0.291284 0 -1.16956
19650 0.439186 0 -1.06334
19700 0.673165 0 -1.21308
19750 0.488225 0 -1.31568
19800 0.141898 0 -1.423
19850 0.290145 0 -1.10343
19900 0.681192 0 -1.22944
19950 0.617407 0 -1.29632
20000 0.359195 0 -1.19303
20050 0.245168 0 -1.10386
20100 0.458212 0 -1.04422
20150 0.706198 0 -1.32093
20200 0.354277 0 -1.3258
20250 0.165737 0 -1.19294
20300 0.36676 0 -1.01777
20350 0.6421 0 -1.17346
20400 0.422018 0 -1.07209
20450 0.301139 0 -1.06597
20500 0.265738 0 -0.99542
20550 0.431606 0 -0.96753
20600 0.541481 0 -1.18715
20650 0.271199 0 -1.21095
20700 0.101634 0 -1.12911
20750 0.28127 0 -0.900724
20800 0.46502 0 -1.15593
20850 0.343305 0 -1.14383
20900 0.204456 0 -1.1404
20950 0.162131 0 -0.973622
21000 0.430548 0 -0.949753
21050 0.598903 0 -1.18929
21100 0.280603 0 -1.2596
21150 0.136651 0 -1.16095
21200 0.390861 0 -1.00773
21250 0.603231 0 -1.19415
21300 0.451875 0 -1.29032
21350 0.129704 0 -1.28487
21400 0.246362 0 -1.03712
21450 0.665825 0 -1.16185
21500 0.667897 0 -1.2842
21550 0.256172 0 -1.31227
21600 0.238335 0 -1.16169
21650 0.484965 0 -1.07942
21700 0.686142 0 -1.28035
21750 0.364463 0 -1.30583
21800 0.12819 0 -1.33964
21850 0.368758 0 -1.04887
21900 0.701642 0 -1.24295
21950 0.526329 0 -1.26258
22000 0.341473 0 -1.12349
22050 0.350506 0 -1.07008
22100 0.575302 0 -1.1083
22150 0.584944 0 -1.26558
22200 0.261888 0 -1.32874
22250 0.215241 0 -1.17041
22300 0.534873 0 -1.11884
22350 0.719494 0 -1.31101
22400 0.361996 0 -1.21112
22450 0.159277 0 -1.15212
22500 0.310689 0 -0.923682
22550 0.630976 0 -1.15207
22600 0.505175 0 -1.18011
22650 0.208712 0 -1.21716
22700 0.222783 0 -1.10309
22750 0.474012 0 -1.04662
22800 0.61997 0 -1.18901
22850 0.383375 0 -1.18814
22900 0.156236 0 -1.16268
22950 0.363714 0 -0.993792
23000 0.687562 0 -1.20191
23050 0.496778 0 -1.28011
23100 0.144765 0 -1.33405
23150 0.184964 0 -1.08157
23200 0.533926 0 -1.1261
23250 0.566949 0 -1.25498
23300 0.319593 0 -1.20775
23350 0.21483 0 -1.18995
23400 0.352762 0 -1.01293
23450 0.625322 0 -1.1767
23500 0.497361 0 -1.24567
23550 0.133574 0 -1.31707
23600 0.267922 0 -1.00803
23650 0.536989 0 -1.04235
23700 0.649999 0 -1.19494
23750 0.336447 0 -1.12486
23800 0.101757 0 -1.20907
23850 0.335177 0 -0.963512
23900 0.654621 0 -1.17139
23950 0.502099 0 -1.21182
24000 0.309876 0 -1.11332
24050 0.280407 0 -1.0364
24100 0.527564 0 -1.04258
24150 0.614941 0 -1.20424
24200 0.302451 0 -1.19202
24250 0.100585 0 -1.14283
24300 0.357362 0 -0.963832
24350 0.575284 0 -1.14782
24400 0.351522 0 -1.01674
24450 0.187104 0 -0.954278
24500 0.180888 0 -0.818606
24550 0.318123 0 -0.732619
24600 0.356049 0 -0.610223
24650 0.245361 0 -0.455528
24700 0.150491 0 -0.767362
24750 0.193668 0 -0.510168
24800 0.178483 0 -0.151806
24850 -0.302122 0 0.142913
24900 0.102208 0 0.00334798
24950 0.0780695 0 -0.072155
25000 0.0871425 0 -0.0504402
25050 0.0450842 0 -0.0358119
25100 0.0258571 0 -0.018515
25150 0.0204256 0 -0.0255104
25200 -0.0317009 0 0.0119184
25250 -0.0226881 0 0.0563837
25300 -0.0145514 0 0.0379874
25350 -0.0228475 0 0.0300508
25400 -0.0113949 0 0.0182977
25450 -0.0183709 0 0.0338818
25500 0.00143369 0 0.022203
25550 -0.0046863 0 0.000982779
