200 0.112642 0 -0.993636
250 -0.00761981 0 -0.999971
300 -0.0701403 0 -0.997537
350 0.085011 0 -0.99638
400 0.186952 0 -0.982369
450 -0.131716 0 -0.991287
500 0.647199 0 -0.762321
550 0.185061 0 -0.982727
600 -0.366154 0 -0.930554
650 -0.371797 0 -0.928314
700 -0.523249 0 -0.85218
750 -0.17322 0 -0.984883
800 -0.125061 0 -0.992149
850 -0.0895241 0 -0.995985
900 -0.335518 0 -0.942034
950 -0.131233 0 -0.991352
1000 -0.025534 0 -0.999674
1050 -0.0514799 0 -0.998674
1100 -0.208667 0 -0.977987
1150 -0.232151 0 -0.97268
1200 -0.0319397 0 -0.99949
1250 0.058105 0 -0.99831
1300 -0.0607311 0 -0.998154
1350 -0.273456 0 -0.961885
1400 -0.165388 0 -0.986229
1450 0.0350672 0 -0.999385
1500 0.0114333 0 -0.999935
1550 -0.192347 0 -0.981327
1600 -0.290664 0 -0.956825
1650 -0.0747468 0 -0.997203
1700 0.0228463 0 -0.999739
1750 -0.135307 0 -0.990804
1800 -0.303651 0 -0.952783
1850 -0.278936 0 -0.96031
1900 -0.00787685 0 -0.999969
1950 0.0103412 0 -0.999947
2000 -0.104725 0 -0.994501
2050 -0.222775 0 -0.97487
2100 -0.141166 0 -0.989986
2150 0.0139141 0 -0.999903
2200 -0.010877 0 -0.999941
2250 -0.158833 0 -0.987305
2300 -0.221445 0 -0.975173
2350 -0.0380559 0 -0.999276
2400 0.0249629 0 -0.999688
2450 -0.179997 0 -0.983667
2500 -0.290133 0 -0.956986
2550 -0.267854 0 -0.96346
2600 -0.0108852 0 -0.999941
2650 0.0105206 0 -0.999945
2700 -0.212301 0 -0.977204
2750 -0.326334 0 -0.945254
2800 -0.159401 0 -0.987214
2850 -0.0141987 0 -0.999899
2900 -0.0604566 0 -0.998171
2950 -0.290217 0 -0.956961
3000 -0.31319 0 -0.94969
3050 -0.142316 0 -0.989821
3100 -0.0244364 0 -0.999701
3150 -0.156607 0 -0.987661
3200 -0.333426 0 -0.942776
3250 -0.259914 0 -0.965632
3300 -0.0544214 0 -0.998518
3350 -0.0229342 0 -0.999737
3400 -0.231694 0 -0.972789
3450 -0.295576 0 -0.955319
3500 -0.146686 0 -0.989183
3550 0.00544075 0 -0.999985
3600 -0.10756 0 -0.994199
3650 -0.299148 0 -0.954207
3700 -0.302107 0 -0.953274
3750 -0.0758247 0 -0.997121
3800 -0.0230353 0 -0.999735
3850 -0.202413 0 -0.9793
3900 -0.356712 0 -0.934214
3950 -0.246053 0 -0.969257
4000 0.0120877 0 -0.999927
4050 -0.0143704 0 -0.999897
4100 -0.250913 0 -0.96801
4150 -0.194195 0 -0.980963
4200 -0.137677 0 -0.990477
4250 0.00434733 0 -0.999991
4300 -0.149724 0 -0.988728
4350 -0.30701 0 -0.951706
4400 -0.255553 0 -0.966795
4450 -0.0355136 0 -0.999369
4500 -0.0351228 0 -0.999383
4550 -0.170337 0 -0.985386
4600 -0.362751 0 -0.931886
4650 -0.245978 0 -0.969275
4700 -0.0872016 0 -0.996191
4750 -0.09267 0 -0.995697
4800 -0.28003 0 -0.959991
4850 -0.344449 0 -0.938805
4900 -0.15543 0 -0.987847
4950 -0.01868 0 -0.999826
5000 -0.0554808 0 -0.99846
5050 -0.314111 0 -0.949386
5100 -0.260192 0 -0.965557
5150 -0.0766772 0 -0.997056
5200 0.0286518 0 -0.999589
5250 -0.112861 0 -0.993611
5300 -0.294669 0 -0.955599
5350 -0.107344 0 -0.994222
5400 0.0420384 0 -0.999116
5450 -0.0392866 0 -0.999228
5500 -0.162878 0 -0.986646
5550 -0.236074 0 -0.971735
5600 -0.0911785 0 -0.995835
5650 0.0304119 0 -0.999537
5700 -0.143704 0 -0.989621
5750 -0.347213 0 -0.937786
5800 -0.242303 0 -0.970201
5850 -0.00818892 0 -0.999966
5900 0.0105389 0 -0.999944
5950 -0.221388 0 -0.975186
6000 -0.334302 0 -0.942466
6050 -0.146538 0 -0.989205
6100 0.00103733 0 -0.999999
6150 -0.0211166 0 -0.999777
6200 -0.224579 0 -0.974456
6250 -0.261703 0 -0.965148
6300 -0.0713433 0 -0.997452
6350 0.00732008 0 -0.999973
6400 -0.145652 0 -0.989336
6450 -0.278366 0 -0.960475
6500 -0.168482 0 -0.985705
6550 -0.0024887 0 -0.999997
6600 -0.0537229 0 -0.998556
6650 -0.258611 0 -0.965981
6700 -0.34575 0 -0.938327
6750 -0.150469 0 -0.988615
6800 -0.0459745 0 -0.998943
6850 -0.0392759 0 -0.999228
6900 -0.359683 0 -0.933075
6950 -0.221466 0 -0.975168
7000 -0.144794 0 -0.989462
7050 -0.0459377 0 -0.998944
7100 -0.243972 0 -0.969782
7150 -0.23872 0 -0.971088
7200 -0.0910207 0 -0.995849
7250 -0.021867 0 -0.999761
7300 -0.095177 0 -0.99546
7350 -0.302636 0 -0.953106
7400 -0.247528 0 -0.968881
7450 -0.0811018 0 -0.996706
7500 -0.0330497 0 -0.999454
7550 -0.193062 0 -0.981186
7600 -0.249608 0 -0.968347
7650 -0.05028 0 -0.998735
7700 0.0444715 0 -0.999011
7750 -0.019405 0 -0.999812
7800 -0.243102 0 -0.970001
7850 -0.1344 0 -0.990927
7900 0.036005 0 -0.999352
7950 0.0118398 0 -0.99993
8000 -0.206223 0 -0.978505
8050 -0.119154 0 -0.992876
8100 0.0124263 0 -0.999923
8150 -0.0318395 0 -0.999493
8200 -0.219427 0 -0.975629
8250 -0.232857 0 -0.972511
8300 -0.059639 0 -0.99822
8350 0.0177207 0 -0.999843
8400 -0.124331 0 -0.992241
8450 -0.232479 0 -0.972601
8500 -0.149717 0 -0.988729
8550 0.0449658 0 -0.998989
8600 -0.0308708 0 -0.999523
8650 -0.237891 0 -0.971292
8700 -0.252421 0 -0.967618
8750 0.0362477 0 -0.999343
8800 0.0205337 0 -0.999789
8850 -0.154484 0 -0.987995
8900 -0.254497 0 -0.967074
8950 -0.0641158 0 -0.997942
9000 -0.0154378 0 -0.999881
9050 -0.098964 0 -0.995091
9100 -0.246778 0 -0.969072
9150 -0.115762 0 -0.993277
9200 0.0114168 0 -0.999935
9250 -0.0565888 0 -0.998398
9300 -0.267247 0 -0.963628
9350 -0.138495 0 -0.990363
9400 0.0149143 0 -0.999889
9450 -0.020277 0 -0.999794
9500 -0.257666 0 -0.966234
9550 -0.24153 0 -0.970393
9600 -0.03029 0 -0.999541
9650 0.0365097 0 -0.999333
9700 -0.169057 0 -0.985606
9750 -0.267233 0 -0.963632
9800 -0.105003 0 -0.994472
9850 0.00442661 0 -0.99999
9900 -0.111693 0 -0.993743
9950 -0.260066 0 -0.965591
10000 -0.17017 0 -0.985415
10050 -0.0102737 0 -0.999947
10100 -0.0193759 0 -0.999812
10150 -0.240311 0 -0.970696
10200 -0.197086 0 -0.980386
10250 -0.165861 0 -0.986149
10300 0.383195 0 -0.923667
10350 0.0813159 0 -0.996688
10400 -0.281337 0 -0.959609
10450 -0.296295 0 -0.955096
10500 -0.510153 0 -0.860084
10550 -0.209504 0 -0.977808
10600 -0.0803252 0 -0.996769
10650 -0.19947 0 -0.979904
10700 -0.265894 0 -0.964002
10750 -0.254219 0 -0.967147
10800 -0.398281 0 -0.917264
10850 -0.0911197 0 -0.99584
10900 0.00219728 0 -0.999998
10950 -0.129963 0 -0.991519
11000 -0.413495 0 -0.910506
11050 -0.216313 0 -0.976324
11100 -0.0995061 0 -0.995037
11150 -0.0317785 0 -0.999495
11200 -0.258089 0 -0.966121
11250 -0.259581 0 -0.965721
11300 -0.116009 0 -0.993248
11350 0.0314902 0 -0.999504
11400 -0.0654464 0 -0.997856
11450 -0.226581 0 -0.973992
11500 -0.140607 0 -0.990066
11550 0.0590799 0 -0.998253
11600 0.0468039 0 -0.998904
11650 -0.124009 0 -0.992281
11700 -0.0963821 0 -0.995344
11750 0.0854085 0 -0.996346
11800 0.140653 0 -0.990059
11850 -0.107425 0 -0.994213
11900 -0.239278 0 -0.970951
11950 -0.145908 0 -0.989298
12000 0.0214106 0 -0.999771
12050 -0.00248119 0 -0.999997
12100 -0.214701 0 -0.97668
12150 -0.171036 0 -0.985265
12200 -0.00801904 0 -0.999968
12250 0.00697261 0 -0.999976
12300 -0.206256 0 -0.978498
12350 -0.271338 0 -0.962484
12400 -0.114478 0 -0.993426
12450 -0.00167826 0 -0.999999
12500 -0.143308 0 -0.989678
12550 -0.295348 0 -0.95539
12600 -0.356616 0 -0.934251
12650 -0.0213695 0 -0.999772
12700 -0.0164476 0 -0.999865
12750 -0.113127 0 -0.993581
12800 -0.26031 0 -0.965525
12850 -0.0495041 0 -0.998774
12900 0.0466424 0 -0.998912
12950 -0.0625865 0 -0.99804
13000 -0.258644 0 -0.965973
13050 -0.209704 0 -0.977765
13100 -0.0461325 0 -0.998935
13150 -0.0257914 0 -0.999667
13200 -0.208906 0 -0.977936
13250 -0.261406 0 -0.965229
13300 -0.140155 0 -0.99013
13350 0.00509969 0 -0.999987
13400 -0.186101 0 -0.982531
13450 -0.287869 0 -0.95767
13500 -0.40886 0 -0.912597
13550 -0.13591 0 -0.990721
13600 -0.149141 0 -0.988816
13650 -0.250822 0 -0.968033
13700 -0.305332 0 -0.952246
13750 -0.174312 0 -0.98469
13800 -0.00341573 0 -0.999994
13850 -0.1053 0 -0.99444
13900 -0.243671 0 -0.969858
13950 -0.185904 0 -0.982568
14000 -0.0118752 0 -0.999929
14050 -0.0731924 0 -0.997318
14100 -0.212536 0 -0.977153
14150 -0.318269 0 -0.948
14200 -0.0631482 0 -0.998004
14250 0.0171535 0 -0.999853
14300 -0.131766 0 -0.991281
14350 -0.29083 0 -0.956775
14400 -0.129575 0 -0.99157
14450 -0.0145242 0 -0.999895
14500 -0.0647233 0 -0.997903
14550 -0.224589 0 -0.974453
14600 -0.200527 0 -0.979688
14650 -0.0663727 0 -0.997795
14700 0.0294659 0 -0.999566
14750 -0.178452 0 -0.983949
14800 -0.268718 0 -0.963219
14850 -0.138039 0 -0.990427
14900 0.0281285 0 -0.999604
14950 -0.0820731 0 -0.996626
15000 -0.274588 0 -0.961562
15050 -0.184434 0 -0.982845
15100 0.0143027 0 -0.999898
15150 -0.0396995 0 -0.999212
15200 -0.249385 0 -0.968405
15250 -0.274509 0 -0.961584
15300 -0.0463458 0 -0.998925
15350 0.0141291 0 -0.9999
15400 -0.183539 0 -0.983012
15450 -0.33207 0 -0.943255
15500 -0.188204 0 -0.98213
15550 -0.00348988 0 -0.999994
15600 -0.0981612 0 -0.995171
15650 -0.296516 0 -0.955028
15700 -0.28077 0 -0.959775
15750 -0.134398 0 -0.990927
15800 -0.00103726 0 -0.999999
15850 -0.214845 0 -0.976648
15900 -0.37757 0 -0.925981
15950 -0.158922 0 -0.987291
16000 -0.331708 0 -0.943382
16050 -0.0253746 0 -0.999678
16100 -0.55215 0 -0.833745
16150 -0.488093 0 -0.872792
16200 -0.765503 0 -0.643433
16250 -0.996212 0 0.0869589
16300 -0.862878 0 -0.505412
16350 0.68276 0 -0.730643
16400 0.514733 0 -0.857351
16450 -0.0414772 0 -0.999139
16500 0.363557 0 -0.931572
16550 -0.1499 0 -0.988701
16600 0.205256 0 -0.978708
16650 0.199531 0 -0.979891
16700 0.00148885 0 -0.999999
16750 -0.240122 0 -0.970743
16800 -0.126804 0 -0.991928
16850 -0.0986961 0 -0.995118
16900 -0.102995 0 -0.994682
16950 0.0293191 0 -0.99957
17000 0.00100865 0 -0.999999
17050 -0.0270625 0 -0.999634
17100 -0.0527987 0 -0.998605
17150 -0.0113402 0 -0.999936
17200 0.172985 0 -0.984925
17250 0.12136 0 -0.992609
17300 0.375141 0 -0.926968
17350 0.483956 0 -0.875092
17400 0.656705 0 -0.754148
17450 0.494673 0 -0.869079
