# Created at Fri Feb 23 17:25:45 CST 2018
1126847330011588 1
1126847843469840 2
1126848455774528 3
1126848988947135 4
1126849561701041 5
1126850055475455 6
1126850726953727 7
1126851240411979 8
1126851931696159 9
1126852425470573 10
1126852978418571 11
1126853511743766 12
1126854104181510 13
1126854617670280 14
1126855210189128 15
1126855684188151 16
1126856355666423 17
1126856869185710 18
1126857402419353 19
1126864492690349 20
1126865045679043 21
1126865618432949 22
1126866230737637 23
1126866724451016 24
1126867297174404 25
1126867790948818 26
1126868324212978 27
1126868857477139 28
1126869449945400 29
1126869924005459 30
1126870496698330 31
1126870990472744 32
1126871622491787 33
1126872116266201 34
1126872748254726 35
1126873222223232 36
1126873814813564 37
1126874348047207 38
1126875019494961 39
1126875513301085 40
1126876125544738 41
1126876639064025 42
1126877231562804 43
1126877725276183 44
1126878298060607 45
1126878831385802 46
1126879443598937 47
1126879937342834 48
1126880470606994 49
1126881023616027 50
1126881596369933 51
1126882070399474 52
1126882722163390 53
1126883215876769 54
1126883828211974 55
1126884341731261 56
1126885072444152 57
1126890345848699 58
1126891017357488 59
1126891511101385 60
1126892044365545 61
1126892676415106 62
1126893249169012 63
1126893762718816 64
1126894414513250 65
1126894947716375 66
1126895500755926 67
1126896034085170 68
1126896705563441 69
1126897199337855 70
1126897831326381 71
1126898325161830 72
1126898937374965 73
1126899490383998 74
1126900082913295 75
1126900616146937 76
1126901228482142 77
1126901741970912 78
1126902374020472 79
1126902867733851 80
1126903559018031 81
1126904033047572 82
1126904665097132 83
1126905218075648 84
1126905830380336 85
1126906363601680 86
1126907015426631 87
1126907509201045 88
