200 -0.00972262 0 -0.00553763 3 0
250 -0.00463591 0 -0.0125532 3 0
300 0.00493064 0 -0.0207739 3 0
350 0.00522219 0 -0.0142759 3 0
400 0.000719794 0 -0.012533 3 0
450 -0.0114494 0 -0.00838919 3 0
500 -0.0103296 0 -0.0102232 3 0
550 -0.0168781 0 -0.00317809 3 1
600 -0.0226133 0 -0.00226448 3 1
650 -0.0183811 0 -0.0121766 3 1
700 -0.0177225 0 -0.0239535 3 1
750 -0.0511621 0 -0.0556715 3 1
800 -0.00944428 0 -0.121389 3 1
850 -0.172669 0 0.0759382 2 1
900 -0.267068 0 0.226607 2 1
950 -0.462763 0 0.43033 2 1
1000 -0.502053 0 0.325036 2 1
1050 -0.614668 0 0.234329 2 1
1100 -0.657575 0 0.144056 2 1
1150 -0.580614 0 0.191497 2 1
1200 -0.583723 0 0.409882 2 0
1250 -0.617983 0 0.46501 2 0
1300 -0.66477 0 0.370812 2 0
1350 -0.768102 0 0.284143 2 0
1400 -0.704526 0 0.26805 2 0
1450 -0.458799 0 0.206705 2 0
1500 -0.54548 0 0.417053 2 0
1550 -0.645049 0 0.388452 2 0
1600 -0.727993 0 0.283348 2 0
1650 -0.848068 0 0.202436 2 0
1700 -0.658688 0 0.158316 2 0
1750 -0.66692 0 0.337078 2 0
1800 -0.674822 0 0.506339 2 0
1850 -0.679359 0 0.431799 2 0
1900 -0.794023 0 0.312091 2 0
1950 -0.722586 0 0.213167 2 0
2000 -0.56074 0 0.271091 2 0
2050 -0.709342 0 0.470297 2 0
2100 -0.743215 0 0.48318 2 0
2150 -0.846975 0 0.402809 2 0
2200 -0.993321 0 0.336039 2 0
2250 -0.753438 0 0.256332 2 0
2300 -0.738013 0 0.415585 2 0
2350 -0.875541 0 0.54655 2 0
2400 -1.01759 0 0.534377 2 0
2450 -1.04426 0 0.466782 2 0
2500 -1.08249 0 0.405191 2 0
2550 -1.08786 0 0.55772 2 0
2600 -1.11215 0 0.629795 2 0
2650 -1.202 0 0.609971 2 0
2700 -1.17376 0 0.575391 2 0
2750 -1.27296 0 0.64386 2 0
2800 -1.24684 0 0.681556 2 0
2850 -1.34148 0 0.700169 2 0
2900 -1.27733 0 0.528428 2 0
2950 -1.3119 0 0.692796 2 0
3000 -1.28464 0 0.68489 2 0
3050 -1.3501 0 0.638588 2 0
3100 -1.32968 0 0.565081 2 0
3150 -1.36402 0 0.75851 2 0
3200 -1.40027 0 0.672994 2 0
3250 -1.35639 0 0.647568 2 0
3300 -1.33967 0 0.533612 2 0
3350 -1.35317 0 0.631286 2 0
3400 -1.29349 0 0.628349 2 0
3450 -1.31492 0 0.549908 2 0
3500 -1.30829 0 0.569067 2 0
3550 -1.38821 0 0.666456 2 0
3600 -1.29312 0 0.645916 2 0
3650 -1.32036 0 0.601601 2 0
3700 -1.35681 0 0.649224 2 0
3750 -1.29916 0 0.676877 2 0
3800 -1.33934 0 0.634996 2 0
3850 -1.30971 0 0.618336 2 0
3900 -1.29993 0 0.728593 2 0
3950 -1.37324 0 0.751362 2 0
4000 -1.39432 0 0.70943 2 0
4050 -1.32385 0 0.619006 2 0
4100 -1.31442 0 0.747773 2 0
4150 -1.32902 0 0.735243 2 0
4200 -1.32728 0 0.7151 2 0
4250 -1.33516 0 0.614576 2 0
4300 -1.19939 0 0.837513 2 0
4350 -1.14816 0 0.774337 2 0
4400 -1.25688 0 0.775012 2 0
4450 -1.22944 0 0.575874 2 0
4500 -1.04956 0 0.700889 2 0
4550 -0.883049 0 0.734579 2 0
4600 -0.948384 0 0.63442 2 0
4650 -0.929138 0 0.493566 2 0
4700 -0.92955 0 0.519186 2 0
4750 -0.80328 0 0.61994 2 0
4800 -0.788255 0 0.560905 2 0
4850 -1.03 0 0.425426 2 0
4900 -0.836939 0 0.278445 2 0
4950 -0.732912 0 0.42014 2 0
5000 -0.872346 0 0.622641 2 0
5050 -0.828304 0 0.555001 2 0
5100 -0.933348 0 0.421293 2 0
5150 -0.748737 0 0.232844 2 0
5200 -0.692968 0 0.441522 2 0
5250 -0.77711 0 0.601329 2 0
5300 -0.760797 0 0.47836 2 0
5350 -0.917972 0 0.438897 2 0
5400 -0.756158 0 0.291781 2 0
5450 -0.799208 0 0.43493 2 0
5500 -0.796391 0 0.55848 2 0
5550 -0.73952 0 0.459923 2 0
5600 -0.878387 0 0.351832 2 0
5650 -0.737729 0 0.262238 2 0
5700 -0.695299 0 0.453453 2 0
5750 -0.751203 0 0.58984 2 0
5800 -0.719343 0 0.486017 2 0
5850 -0.781999 0 0.345469 2 0
5900 -0.691771 0 0.227629 2 0
5950 -0.623544 0 0.311668 2 0
6000 -0.667604 0 0.516315 2 0
6050 -0.574271 0 0.381801 2 0
6100 -0.7153 0 0.2766 2 0
6150 -0.784393 0 0.178365 2 0
6200 -0.568558 0 0.191452 2 0
6250 -0.658658 0 0.464768 2 0
6300 -0.634897 0 0.471586 2 0
6350 -0.66404 0 0.345254 2 0
6400 -0.891384 0 0.248023 2 0
6450 -0.720267 0 0.19501 2 0
6500 -0.537377 0 0.310792 2 0
6550 -0.572195 0 0.469281 2 0
6600 -0.528096 0 0.344626 2 0
6650 -0.706728 0 0.295085 2 0
6700 -0.851205 0 0.230439 2 0
6750 -0.608165 0 0.20509 2 0
6800 -0.853423 0 0.4723 2 0
6850 -0.953832 0 0.537271 2 0
6900 -0.909152 0 0.449165 2 0
6950 -1.06896 0 0.369003 2 0
7000 -1.04725 0 0.413232 2 0
7050 -1.04256 0 0.566044 2 0
7100 -1.11538 0 0.655523 2 0
7150 -1.22034 0 0.576381 2 0
7200 -1.29222 0 0.482063 2 0
7250 -1.3714 0 0.678421 2 0
7300 -1.29519 0 0.699652 2 0
7350 -1.31619 0 0.665763 2 0
7400 -1.28194 0 0.536557 2 0
7450 -1.35232 0 0.713967 2 0
7500 -1.33119 0 0.68149 2 0
7550 -1.31281 0 0.672295 2 0
7600 -1.29281 0 0.561635 2 0
7650 -1.34793 0 0.732401 2 0
7700 -1.35127 0 0.67222 2 0
7750 -1.38066 0 0.5872 2 0
7800 -1.37969 0 0.550355 2 0
7850 -1.43317 0 0.70053 2 0
7900 -1.39411 0 0.705205 2 0
7950 -1.49086 0 0.557041 2 0
8000 -1.47551 0 0.534503 2 0
8050 -1.34076 0 0.73551 2 0
8100 -1.35205 0 0.736565 2 0
8150 -1.30116 0 0.549965 2 0
8200 -1.32185 0 0.540075 2 0
8250 -1.24525 0 0.608588 2 0
8300 -1.2192 0 0.598084 2 0
8350 -1.15098 0 0.560336 2 0
8400 -1.06762 0 0.621598 2 0
8450 -0.903905 0 0.722422 2 0
8500 -0.889467 0 0.683067 2 0
8550 -0.946148 0 0.606505 2 0
8600 -0.808922 0 0.610376 2 0
8650 -0.654521 0 0.744851 2 0
8700 -0.578957 0 0.689432 2 0
8750 -0.765538 0 0.548061 2 0
8800 -0.846889 0 0.371986 2 0
8850 -0.666252 0 0.443717 2 0
8900 -0.720692 0 0.501025 2 0
8950 -0.648023 0 0.405214 2 0
9000 -0.83134 0 0.292868 2 0
9050 -0.78656 0 0.195355 2 0
9100 -0.674307 0 0.377074 2 0
9150 -0.739423 0 0.439509 2 0
9200 -0.701925 0 0.332467 2 0
9250 -0.860621 0 0.318546 2 0
9300 -0.815363 0 0.224569 2 0
9350 -0.677326 0 0.299724 2 0
9400 -0.727678 0 0.527214 2 0
9450 -0.70861 0 0.437158 2 0
9500 -0.867481 0 0.389208 2 0
9550 -0.877838 0 0.236022 2 0
9600 -0.670294 0 0.315854 2 0
9650 -0.681617 0 0.471132 2 0
9700 -0.672399 0 0.456349 2 0
9750 -0.780683 0 0.389347 2 0
9800 -0.946604 0 0.262912 2 0
9850 -0.759859 0 0.211 2 0
9900 -0.68653 0 0.339883 2 0
9950 -0.719499 0 0.410243 2 0
10000 -0.774479 0 0.287732 2 0
10050 -0.866324 0 0.300661 2 0
10100 -0.816163 0 0.210595 2 0
10150 -0.773038 0 0.174682 2 0
10200 -0.773149 0 0.300629 2 0
10250 -0.700284 0 0.366544 2 0
10300 -0.716915 0 0.391642 2 0
10350 -0.85498 0 0.223653 2 0
10400 -0.757719 0 0.183973 2 0
10450 -0.556777 0 0.167987 2 0
10500 -0.556687 0 0.274094 2 0
10550 -0.426826 0 0.176468 2 0
10600 -0.615167 0 0.143209 2 0
10650 -0.65804 0 0.0569662 2 0
10700 -0.539749 0 0.0571855 2 0
10750 -0.334752 0 0.151682 2 0
10800 -0.554769 0 0.390084 2 0
10850 -0.583167 0 0.337 2 0
10900 -0.695818 0 0.24826 2 0
10950 -0.7382 0 0.184289 2 0
11000 -0.680412 0 0.226245 2 0
11050 -0.696033 0 0.521426 2 0
11100 -0.656092 0 0.408045 2 0
11150 -0.757453 0 0.302509 2 0
11200 -0.788584 0 0.301668 2 0
11250 -0.581729 0 0.235344 2 0
11300 -0.503687 0 0.445709 2 0
11350 -0.549439 0 0.458315 2 0
11400 -0.649592 0 0.332096 2 0
11450 -0.852912 0 0.262772 2 0
11500 -0.792152 0 0.168702 2 0
11550 -0.597287 0 0.239398 2 0
11600 -0.559264 0 0.383681 2 0
11650 -0.567463 0 0.344347 2 0
11700 -0.683332 0 0.311782 2 0
11750 -0.722249 0 0.218344 2 0
11800 -0.7767 0 0.224837 2 0
11850 -1.01285 0 0.614239 2 0
11900 -1.08878 0 0.624245 2 0
11950 -1.21629 0 0.50073 2 0
12000 -1.15773 0 0.348733 2 0
12050 -1.23329 0 0.393547 2 0
12100 -1.22646 0 0.653043 2 0
12150 -1.28578 0 0.658866 2 0
12200 -1.33162 0 0.523035 2 0
12250 -1.38914 0 0.555856 2 0
12300 -1.32292 0 0.576181 2 0
12350 -1.27867 0 0.577344 2 0
12400 -1.32988 0 0.447922 2 0
12450 -1.41405 0 0.557715 2 0
12500 -1.43211 0 0.637096 2 0
12550 -1.38878 0 0.640743 2 0
12600 -1.3482 0 0.451746 2 0
12650 -1.3644 0 0.592678 2 0
12700 -1.29978 0 0.567301 2 0
12750 -1.27715 0 0.523966 2 0
12800 -1.30489 0 0.461339 2 0
12850 -1.39289 0 0.619087 2 0
12900 -1.35511 0 0.613607 2 0
12950 -1.3067 0 0.515628 2 0
13000 -1.36241 0 0.479409 2 0
13050 -1.4029 0 0.592819 2 0
13100 -1.33894 0 0.61272 2 0
13150 -1.45633 0 0.559001 2 0
13200 -1.50475 0 0.582699 2 0
13250 -1.42383 0 0.666274 2 0
13300 -1.38056 0 0.646181 2 0
13350 -1.38181 0 0.542795 2 0
13400 -1.33369 0 0.649481 2 0
13450 -1.19149 0 0.543781 2 0
13500 -1.20609 0 0.539444 2 0
13550 -1.23028 0 0.441937 2 0
13600 -1.20127 0 0.537251 2 0
13650 -1.30988 0 0.635795 2 0
13700 -1.29815 0 0.582591 2 0
13750 -1.31637 0 0.454789 2 0
13800 -1.31354 0 0.561622 2 0
13850 -1.30114 0 0.564684 2 0
13900 -1.34322 0 0.503693 2 0
13950 -1.33892 0 0.529359 2 0
14000 -1.40539 0 0.666716 2 0
14050 -1.39942 0 0.663799 2 0
14100 -1.36102 0 0.599682 2 0
14150 -1.39187 0 0.61311 2 0
14200 -1.32238 0 0.695652 2 0
14250 -1.3513 0 0.659978 2 0
14300 -1.3268 0 0.496486 2 0
14350 -1.27373 0 0.554982 2 0
14400 -1.22889 0 0.628818 2 0
14450 -1.21161 0 0.587409 2 0
14500 -1.10339 0 0.493776 2 0
14550 -1.11318 0 0.511386 2 0
14600 -0.972653 0 0.58825 2 0
14650 -0.999018 0 0.494789 2 0
14700 -0.974678 0 0.389982 2 0
14750 -0.899676 0 0.410266 2 0
14800 -0.835454 0 0.533661 2 0
14850 -0.861486 0 0.551574 2 0
14900 -0.945587 0 0.487088 2 0
14950 -0.866025 0 0.352285 2 0
15000 -0.680063 0 0.398375 2 0
15050 -0.743679 0 0.546235 2 0
15100 -0.792345 0 0.494147 2 0
15150 -0.916827 0 0.397556 2 0
15200 -0.868479 0 0.274645 2 0
15250 -0.672775 0 0.398638 2 0
15300 -0.754395 0 0.496009 2 0
15350 -0.733601 0 0.413962 2 0
15400 -0.785513 0 0.33653 2 0
15450 -0.809083 0 0.276814 2 0
15500 -0.634488 0 0.258088 2 0
15550 -0.618727 0 0.458316 2 0
15600 -0.613386 0 0.423841 2 0
15650 -0.696815 0 0.299453 2 0
15700 -0.856044 0 0.234777 2 0
15750 -0.767665 0 0.126575 2 0
15800 -0.630832 0 0.227253 2 0
15850 -0.668838 0 0.395254 2 0
15900 -0.616603 0 0.366674 2 0
15950 -0.734156 0 0.252421 2 0
16000 -0.849334 0 0.158184 2 0
16050 -0.625893 0 0.140198 2 0
16100 -0.608511 0 0.305145 2 0
16150 -0.6436 0 0.421891 2 0
16200 -0.639189 0 0.371442 2 0
16250 -0.745056 0 0.283784 2 0
16300 -0.745012 0 0.232755 2 0
16350 -0.589661 0 0.284469 2 0
16400 -0.602102 0 0.47969 2 0
16450 -0.663752 0 0.472628 2 0
16500 -0.782077 0 0.379055 2 0
16550 -0.966945 0 0.316134 2 0
16600 -0.790118 0 0.301565 2 0
16650 -0.696146 0 0.472208 2 0
16700 -0.754784 0 0.459412 2 0
16750 -0.766625 0 0.370401 2 0
16800 -0.822646 0 0.293298 2 0
16850 -0.649426 0 0.257537 2 0
16900 -0.578691 0 0.376451 2 0
16950 -0.603161 0 0.436761 2 0
17000 -0.551452 0 0.267548 2 0
17050 -0.699628 0 0.223874 2 0
17100 -0.680358 0 0.197858 2 0
17150 -0.434403 0 0.252169 2 0
17200 -0.680207 0 0.432635 2 0
17250 -0.585135 0 0.401545 2 0
17300 -0.66717 0 0.315724 2 0
17350 -0.838513 0 0.189646 2 0
17400 -0.598628 0 0.159566 2 0
17450 -0.468193 0 0.445447 2 0
17500 -0.546958 0 0.444542 2 0
17550 -0.671836 0 0.329164 2 0
17600 -0.789187 0 0.289514 2 0
17650 -0.745787 0 0.192831 2 0
17700 -0.556778 0 0.209027 2 0
17750 -0.570371 0 0.433071 2 0
17800 -0.623421 0 0.444426 2 0
17850 -0.616097 0 0.303939 2 0
17900 -0.706076 0 0.230409 2 0
17950 -0.71208 0 0.191738 2 0
18000 -0.529013 0 0.224868 2 0
18050 -0.419239 0 0.402023 2 0
18100 -0.524512 0 0.445193 2 0
18150 -0.53425 0 0.321042 2 0
18200 -0.712681 0 0.267493 2 0
18250 -0.781783 0 0.152516 2 0
18300 -0.553877 0 0.133234 2 0
18350 -0.579482 0 0.294685 2 0
18400 -0.745769 0 0.434507 2 0
18450 -0.688944 0 0.338072 2 0
18500 -0.750659 0 0.281139 2 0
18550 -0.755071 0 0.182811 2 0
18600 -0.605069 0 0.216087 2 0
18650 -0.772015 0 0.587762 2 0
18700 -0.944404 0 0.583644 2 0
18750 -1.10367 0 0.533957 2 0
18800 -1.12676 0 0.419237 2 0
18850 -1.12992 0 0.466036 2 0
18900 -1.10313 0 0.714372 2 0
18950 -1.14935 0 0.664667 2 0
19000 -1.18236 0 0.559735 2 0
19050 -1.17805 0 0.499824 2 0
19100 -1.17476 0 0.630611 2 0
19150 -1.15848 0 0.766756 2 0
19200 -1.31162 0 0.678795 2 0
19250 -1.27183 0 0.521426 2 0
19300 -1.31365 0 0.59758 2 0
19350 -1.2071 0 0.600705 2 0
19400 -1.24702 0 0.530178 2 0
19450 -1.29703 0 0.487383 2 0
19500 -1.27132 0 0.646211 2 0
19550 -1.30423 0 0.663867 2 0
19600 -1.36981 0 0.61233 2 0
19650 -1.35097 0 0.557378 2 0
19700 -1.30771 0 0.748652 2 0
19750 -1.26454 0 0.705567 2 0
19800 -1.26361 0 0.606365 2 0
19850 -1.27302 0 0.559699 2 0
19900 -1.31639 0 0.695383 2 0
19950 -1.30623 0 0.696642 2 0
20000 -1.31044 0 0.636323 2 0
20050 -1.33187 0 0.602695 2 0
20100 -1.19994 0 0.794927 2 0
20150 -1.20889 0 0.75892 2 0
20200 -1.25261 0 0.624038 2 0
20250 -1.2548 0 0.546419 2 0
20300 -1.26196 0 0.581586 2 0
20350 -1.24643 0 0.586768 2 0
20400 -1.26015 0 0.504984 2 0
20450 -1.2672 0 0.554806 2 0
20500 -1.35486 0 0.687493 2 0
20550 -1.42401 0 0.654716 2 0
20600 -1.31934 0 0.565521 2 0
20650 -1.31066 0 0.628782 2 0
20700 -1.2423 0 0.727033 2 0
20750 -1.269 0 0.694999 2 0
20800 -1.29078 0 0.62221 2 0
20850 -1.3402 0 0.620619 2 0
20900 -1.1697 0 0.690087 2 0
20950 -1.19757 0 0.657125 2 0
21000 -1.26449 0 0.528289 2 0
21050 -1.28786 0 0.495843 2 0
21100 -1.21078 0 0.570809 2 0
21150 -1.23753 0 0.510754 2 0
21200 -1.20088 0 0.384365 2 0
21250 -1.24328 0 0.403828 2 0
21300 -1.25362 0 0.410836 2 0
21350 -1.18755 0 0.33308 2 0
21400 -1.20277 0 0.35006 2 0
21450 -1.24927 0 0.372161 2 0
21500 -1.22121 0 0.556408 2 0
21550 -1.24044 0 0.595294 2 0
21600 -1.35217 0 0.539545 2 0
21650 -1.34334 0 0.521345 2 0
21700 -1.30381 0 0.726496 2 0
21750 -1.32946 0 0.691044 2 0
21800 -1.33062 0 0.586845 2 0
21850 -1.3099 0 0.582304 2 0
21900 -1.31405 0 0.657005 2 0
21950 -1.29091 0 0.62805 2 0
22000 -1.2937 0 0.572933 2 0
22050 -1.34288 0 0.598934 2 0
22100 -1.32704 0 0.698707 2 0
22150 -1.36676 0 0.652618 2 0
22200 -1.30721 0 0.548383 2 0
22250 -1.31399 0 0.587755 2 0
22300 -1.27672 0 0.644215 2 0
22350 -1.28227 0 0.613196 2 0
22400 -1.27986 0 0.518228 2 0
22450 -1.35675 0 0.618595 2 0
22500 -1.3592 0 0.656729 2 0
22550 -1.34783 0 0.669287 2 0
22600 -1.41524 0 0.463266 2 0
22650 -1.38993 0 0.634855 2 0
22700 -1.31383 0 0.649117 2 0
22750 -1.25923 0 0.600457 2 0
22800 -1.20767 0 0.432747 2 0
22850 -1.1638 0 0.560534 2 0
22900 -1.12023 0 0.524213 2 0
22950 -1.11817 0 0.52898 2 0
23000 -1.13814 0 0.440635 2 0
23050 -1.06599 0 0.516491 2 0
23100 -0.931119 0 0.628205 2 0
23150 -1.03631 0 0.534043 2 0
23200 -1.1326 0 0.442723 2 0
23250 -1.06633 0 0.366516 2 0
23300 -0.905333 0 0.533366 2 0
23350 -1.01945 0 0.564274 2 0
23400 -1.03723 0 0.503618 2 0
23450 -1.03377 0 0.345878 2 0
23500 -0.891483 0 0.420954 2 0
23550 -0.849817 0 0.581538 2 0
23600 -0.960801 0 0.499675 2 0
23650 -0.973386 0 0.387842 2 0
23700 -0.881089 0 0.27712 2 0
23750 -0.756293 0 0.412214 2 0
23800 -0.938368 0 0.497863 2 0
23850 -0.936055 0 0.362946 2 0
23900 -0.961272 0 0.30025 2 0
23950 -0.811564 0 0.272914 2 0
24000 -0.758328 0 0.416483 2 0
24050 -0.849468 0 0.473014 2 0
24100 -0.905104 0 0.391087 2 0
24150 -0.917871 0 0.244651 2 0
24200 -0.708203 0 0.306269 2 0
24250 -0.718243 0 0.332804 2 0
24300 -0.682712 0 0.373511 2 0
24350 -0.813961 0 0.312429 2 0
24400 -0.971869 0 0.251259 2 0
24450 -0.659649 0 0.206636 2 0
24500 -0.6763 0 0.353107 2 0
24550 -0.694395 0 0.475365 2 0
24600 -0.791684 0 0.352656 2 0
24650 -0.932622 0 0.264715 2 0
24700 -0.677984 0 0.191626 2 0
24750 -0.519248 0 0.266215 2 0
24800 -0.69194 0 0.425462 2 0
24850 -0.696462 0 0.392201 2 0
24900 -0.804918 0 0.280976 2 0
24950 -0.940533 0 0.183588 2 0
25000 -0.650014 0 0.158707 2 0
25050 -0.547474 0 0.293147 2 0
25100 -0.657686 0 0.411513 2 0
25150 -0.682482 0 0.321912 2 0
25200 -0.781717 0 0.275431 2 0
25250 -0.882819 0 0.182129 2 0
25300 -0.715439 0 0.196969 2 0
25350 -0.767423 0 0.443931 2 0
25400 -0.947576 0 0.535019 2 0
25450 -0.99989 0 0.454834 2 0
25500 -1.10961 0 0.414915 2 0
25550 -1.11292 0 0.435176 2 0
25600 -1.10218 0 0.63925 2 0
25650 -1.08569 0 0.777734 2 0
25700 -1.25202 0 0.66581 2 0
25750 -1.24155 0 0.501117 2 0
25800 -1.37511 0 0.606739 2 0
25850 -1.28678 0 0.602759 2 0
25900 -1.31015 0 0.622391 2 0
25950 -1.24495 0 0.52496 2 0
26000 -1.33998 0 0.711039 2 0
26050 -1.30222 0 0.711084 2 0
26100 -1.35964 0 0.704839 2 0
26150 -1.32231 0 0.546223 2 0
26200 -1.40286 0 0.681287 2 0
26250 -1.37023 0 0.662903 2 0
26300 -1.41876 0 0.567193 2 0
26350 -1.36923 0 0.52218 2 0
26400 -1.33868 0 0.686401 2 0
26450 -1.31152 0 0.670335 2 0
26500 -1.3192 0 0.629034 2 0
26550 -1.30461 0 0.594156 2 0
26600 -1.24306 0 0.760067 2 0
26650 -1.25142 0 0.706637 2 0
26700 -1.24844 0 0.651742 2 0
26750 -1.23193 0 0.573387 2 0
26800 -1.21214 0 0.762263 2 0
26850 -1.11755 0 0.732713 2 0
26900 -1.09593 0 0.688673 2 0
26950 -1.02105 0 0.535754 2 0
27000 -0.87389 0 0.683901 2 0
27050 -0.905199 0 0.63508 2 0
27100 -0.996597 0 0.482195 2 0
27150 -1.00738 0 0.343318 2 0
27200 -0.883032 0 0.371779 2 0
27250 -0.942407 0 0.496209 2 0
27300 -0.854059 0 0.397292 2 0
27350 -1.05452 0 0.322169 2 0
27400 -0.934236 0 0.22393 2 0
27450 -0.808863 0 0.419096 2 0
27500 -0.877565 0 0.514176 2 0
27550 -0.866654 0 0.453266 2 0
27600 -1.06119 0 0.336339 2 0
27650 -0.948147 0 0.208195 2 0
27700 -0.821411 0 0.290223 2 0
27750 -0.797649 0 0.306914 2 0
27800 -0.770155 0 0.33954 2 0
27850 -0.823351 0 0.240124 2 0
27900 -0.707775 0 0.206002 2 0
27950 -0.540121 0 0.295908 2 0
28000 -0.517492 0 0.383385 2 0
28050 -0.484138 0 0.266917 2 1
28100 -0.583831 0 0.0835123 2 1
28150 -0.336146 0 0.0967826 2 1
28200 -0.065032 0 0.121105 2 1
28250 -0.0170063 0 0.0987762 2 1
28300 -0.00639138 0 -0.0672892 2 1
28350 -0.0189196 0 -0.0791588 3 1
28400 -0.0411638 0 -0.0622577 3 1
28450 -0.0375208 0 -0.0550004 3 1
28500 -0.0362042 0 -0.0785288 3 1
28550 -0.0140789 0 -0.0515743 3 1
28600 -0.00907664 0 -0.0207015 3 1
28650 -0.0169159 0 -0.0224723 3 1
28700 -0.0189455 0 -0.0178404 3 0
28750 -0.0199741 0 -0.0193712 3 0
28800 -0.010436 0 -0.0185524 3 0
28850 -0.0025541 0 -0.021858 3 0
28900 -0.000772918 0 -0.018766 3 0
28950 0.00358161 0 -0.022661 3 0
29000 0.00488941 0 -0.0221792 3 0
29050 0.00692316 0 -0.0201648 3 0
29100 0.00322342 0 -0.0203929 3 1
29150 -0.00507049 0 -0.0166816 3 1
29200 -0.00582364 0 -0.0115756 3 1
29250 -0.00607035 0 -0.00890412 3 1
29300 -0.0227785 0 0.00700534 3 1
29350 -0.0360891 0 0.00635963 3 1
29400 0.00442516 0 0.0217973 2 1
29450 0.109957 0 -0.00482911 2 1
