200 -0.00937429 0 0.0138196
250 -0.0236805 0 0.0248937
300 -0.0139828 0 0.036239
350 -0.0244123 0 0.0298848
400 -0.00735304 0 0.0130042
450 -0.00662802 0 0.0237717
500 -0.108399 0 0.0898151
550 -0.0213975 0 0.0427123
600 -0.0404986 0 0.0864347
650 -0.0401381 0 0.0681853
700 -0.066241 0 0.0521019
750 -0.117087 0 -0.00813784
800 -0.197859 0 -0.0467086
850 0.043167 0 -0.182215
900 0.0853454 0 -0.440148
950 0.215378 0 -0.895258
1000 0.490456 0 -1.01351
1050 0.188477 0 -1.07593
1100 0.066939 0 -0.862171
1150 0.369189 0 -0.798641
1200 0.656545 0 -1.07605
1250 0.501724 0 -1.15996
1300 0.132952 0 -1.29371
1350 0.243852 0 -1.01885
1400 0.579656 0 -1.06968
1450 0.676071 0 -1.1663
1500 0.32732 0 -1.2064
1550 0.195853 0 -1.11591
1600 0.442626 0 -1.01641
1650 0.673379 0 -1.21982
1700 0.454196 0 -1.2143
1750 0.196817 0 -1.25378
1800 0.26095 0 -0.998019
1850 0.627831 0 -1.10575
1900 0.58724 0 -1.27188
1950 0.260825 0 -1.32512
2000 0.187874 0 -1.22791
2050 0.447112 0 -1.04524
2100 0.612742 0 -1.26899
2150 0.39778 0 -1.25624
2200 0.16041 0 -1.22294
2250 0.319633 0 -0.965343
2300 0.651349 0 -1.10749
2350 0.64283 0 -1.22053
2400 0.283079 0 -1.21799
2450 0.166467 0 -1.12414
2500 0.414116 0 -1.01469
2550 0.616841 0 -1.23505
2600 0.420461 0 -1.21934
2650 0.19047 0 -1.24719
2700 0.321382 0 -1.00743
2750 0.688139 0 -1.19154
2800 0.640078 0 -1.31298
2850 0.251976 0 -1.32718
2900 0.129823 0 -1.17433
2950 0.480856 0 -1.03248
3000 0.632854 0 -1.25475
3050 0.398207 0 -1.24245
3100 0.165383 0 -1.28107
3150 0.367221 0 -1.02986
3200 0.69994 0 -1.25437
3250 0.523047 0 -1.27476
3300 0.187403 0 -1.34496
3350 0.245174 0 -1.10521
3400 0.629274 0 -1.14405
3450 0.675888 0 -1.27165
3500 0.345163 0 -1.30299
3550 0.161912 0 -1.24565
3600 0.438697 0 -1.00436
3650 0.685543 0 -1.19059
3700 0.46074 0 -1.23453
3750 0.190398 0 -1.28937
3800 0.224809 0 -1.02464
3850 0.595966 0 -1.02093
3900 0.672407 0 -1.25584
3950 0.286483 0 -1.28416
4000 0.116542 0 -1.21609
4050 0.396469 0 -0.995251
4100 0.636458 0 -1.27459
4150 0.441498 0 -1.24102
4200 0.197701 0 -1.30077
4250 0.288923 0 -1.07023
4300 0.6341 0 -1.13356
4350 0.64296 0 -1.31097
4400 0.261391 0 -1.26705
4450 0.159985 0 -1.13673
4500 0.457342 0 -1.01568
4550 0.672616 0 -1.26248
4600 0.476485 0 -1.20399
4650 0.168313 0 -1.22414
4700 0.236487 0 -0.974206
4750 0.616847 0 -1.11677
4800 0.63053 0 -1.25854
4850 0.243307 0 -1.30002
4900 0.149755 0 -1.18105
4950 0.484479 0 -1.02846
5000 0.641552 0 -1.2604
5050 0.377209 0 -1.2897
5100 0.184909 0 -1.33557
5150 0.383613 0 -1.08266
5200 0.705804 0 -1.29347
5250 0.552263 0 -1.30038
5300 0.240531 0 -1.33286
5350 0.251466 0 -1.09655
5400 0.66814 0 -1.11925
5450 0.769785 0 -1.29535
5500 0.346633 0 -1.29657
5550 0.172786 0 -1.17779
5600 0.382829 0 -0.954432
5650 0.732637 0 -1.20765
5700 0.534499 0 -1.20348
5750 0.245027 0 -1.17527
5800 0.240863 0 -0.997403
5850 0.514428 0 -0.989034
5900 0.663193 0 -1.1759
5950 0.306177 0 -1.20945
6000 0.0897731 0 -1.19587
6050 0.313499 0 -0.915068
6100 0.667462 0 -1.17365
6150 0.547597 0 -1.19992
6200 0.208962 0 -1.27474
6250 0.180253 0 -1.05593
6300 0.517488 0 -0.988774
6350 0.670988 0 -1.22312
6400 0.331952 0 -1.20614
6450 0.106033 0 -1.19202
6500 0.298178 0 -0.939235
6550 0.686735 0 -1.18334
6600 0.565855 0 -1.26835
6650 0.233035 0 -1.22839
6700 0.218466 0 -1.02006
6750 0.533298 0 -1.03101
6800 0.608603 0 -1.17364
6850 0.308348 0 -1.20425
6900 0.2242 0 -1.25133
6950 0.389371 0 -1.0382
7000 0.709254 0 -1.23732
7050 0.534718 0 -1.26458
7100 0.185218 0 -1.24657
7150 0.191368 0 -1.01648
7200 0.566902 0 -1.07634
7250 0.633827 0 -1.24748
7300 0.336567 0 -1.2742
7350 0.174067 0 -1.19644
7400 0.406135 0 -0.994806
7450 0.652451 0 -1.22054
7500 0.476075 0 -1.28077
7550 0.195139 0 -1.29821
7600 0.213143 0 -1.0409
7650 0.568688 0 -1.01633
7700 0.698647 0 -1.3042
7750 0.333348 0 -1.19881
7800 0.139936 0 -1.13234
7850 0.418602 0 -1.0056
7900 0.695502 0 -1.20884
7950 0.468753 0 -1.21105
8000 0.174603 0 -1.21923
8050 0.227169 0 -0.996113
8100 0.557919 0 -1.01873
8150 0.693734 0 -1.24384
8200 0.324695 0 -1.26414
8250 0.168383 0 -1.24978
8300 0.413792 0 -0.980863
8350 0.671552 0 -1.16892
8400 0.507 0 -1.16169
8450 0.192142 0 -1.21437
8500 0.182646 0 -0.979856
8550 0.437762 0 -0.88751
8600 0.647834 0 -1.13946
8650 0.44916 0 -1.11076
8700 0.161994 0 -1.08487
8750 0.275467 0 -0.887537
8800 0.371745 0 -0.776536
8850 0.276905 0 -0.562769
8900 0.129356 0 -0.278479
8950 0.00381956 0 -0.0775484
9000 0.0219484 0 -0.0583425
9050 -0.0103684 0 -0.0430591
9100 -0.0814548 0 -0.170237
9150 0.168554 0 -0.443348
9200 0.246775 0 -0.959221
9250 0.702583 0 -0.958082
9300 0.404771 0 -1.00156
9350 0.205135 0 -1.03193
9400 0.254504 0 -0.829563
9450 0.605439 0 -1.01194
9500 0.649176 0 -1.0741
9550 0.357406 0 -1.06692
9600 0.248883 0 -1.01101
9650 0.388471 0 -0.930987
9700 0.583393 0 -1.10323
9750 0.450729 0 -1.09227
9800 0.238781 0 -1.21554
9850 0.320444 0 -0.963182
9900 0.593537 0 -1.06587
9950 0.569159 0 -1.22756
10000 0.252685 0 -1.31342
10050 0.263062 0 -1.16763
10100 0.636515 0 -1.16846
10150 0.716797 0 -1.32872
10200 0.313699 0 -1.34062
10250 0.186233 0 -1.25148
10300 0.398781 0 -1.02558
10350 0.539803 0 -1.16376
10400 0.411786 0 -1.20375
10450 0.209767 0 -1.28047
10500 0.224023 0 -1.04
10550 0.504998 0 -1.00128
10600 0.584048 0 -1.16726
10650 0.314689 0 -1.21959
10700 0.121932 0 -1.20892
10750 0.386977 0 -0.9877
10800 0.664587 0 -1.20909
10850 0.467977 0 -1.16698
10900 0.19448 0 -1.24005
10950 0.233774 0 -1.0069
11000 0.58097 0 -1.06227
11050 0.579155 0 -1.2351
11100 0.267768 0 -1.22205
11150 0.127767 0 -1.09284
11200 0.392979 0 -0.943942
11250 0.692552 0 -1.24883
11300 0.437453 0 -1.27893
11350 0.0924028 0 -1.26213
11400 0.243919 0 -1.03061
11450 0.622376 0 -1.14621
11500 0.625752 0 -1.31295
11550 0.288367 0 -1.31303
11600 0.186559 0 -1.17129
11650 0.449637 0 -1.0608
11700 0.658133 0 -1.26436
11750 0.388392 0 -1.25536
11800 0.0948974 0 -1.20946
11850 0.326876 0 -0.942668
11900 0.7356 0 -1.26876
11950 0.480331 0 -1.20988
12000 0.19923 0 -1.22438
12050 0.189756 0 -0.999706
12100 0.483216 0 -1.01968
12150 0.62502 0 -1.30681
12200 0.240377 0 -1.32256
12250 0.115702 0 -1.2211
12300 0.37586 0 -1.00548
12350 0.6419 0 -1.24603
12400 0.431422 0 -1.20491
12450 0.152369 0 -1.24005
12500 0.239578 0 -1.01429
12550 0.58253 0 -1.13108
12600 0.587039 0 -1.27921
12650 0.281376 0 -1.23906
12700 0.233985 0 -1.14394
12750 0.477315 0 -1.03275
12800 0.677485 0 -1.24428
12850 0.382571 0 -1.32769
12900 0.0688981 0 -1.29751
12950 0.241484 0 -0.959671
13000 0.689596 0 -1.19162
13050 0.581565 0 -1.32258
13100 0.130973 0 -1.37035
13150 0.188982 0 -1.07824
13200 0.604845 0 -1.07464
13250 0.694946 0 -1.31126
13300 0.290246 0 -1.31613
13350 0.123754 0 -1.21842
13400 0.445824 0 -1.03604
13450 0.701319 0 -1.28452
13500 0.474307 0 -1.28723
13550 0.138558 0 -1.21962
13600 0.244206 0 -0.968824
13650 0.579273 0 -1.10007
13700 0.561765 0 -1.19978
13750 0.234919 0 -1.22202
13800 0.215816 0 -1.11269
13850 0.432859 0 -0.998033
13900 0.66717 0 -1.20419
13950 0.433562 0 -1.15972
14000 0.163795 0 -1.2828
14050 0.215707 0 -0.965094
14100 0.609426 0 -1.09181
14150 0.65312 0 -1.2856
14200 0.264017 0 -1.34933
14250 0.215411 0 -1.16639
14300 0.409549 0 -1.02941
14350 0.636723 0 -1.24851
14400 0.420835 0 -1.2041
14450 0.141203 0 -1.29405
14500 0.353086 0 -1.05203
14550 0.739469 0 -1.22154
14600 0.569363 0 -1.32807
14650 0.209099 0 -1.32127
14700 0.230303 0 -1.11021
14750 0.528226 0 -1.05404
14800 0.694595 0 -1.24191
14850 0.367477 0 -1.20608
14900 0.129529 0 -1.14302
14950 0.31844 0 -0.895987
15000 0.60383 0 -1.085
15050 0.569959 0 -1.14404
15100 0.206975 0 -1.14014
15150 0.155402 0 -1.06222
15200 0.459614 0 -0.915608
15250 0.745775 0 -1.30649
15300 0.39917 0 -1.34485
15350 0.0974635 0 -1.32262
15400 0.308169 0 -1.02154
15450 0.640655 0 -1.22277
15500 0.473846 0 -1.27243
15550 0.174005 0 -1.38308
15600 0.182512 0 -1.09986
15650 0.589866 0 -1.08368
15700 0.681686 0 -1.28962
15750 0.312169 0 -1.2911
15800 0.0959903 0 -1.13168
15850 0.306751 0 -0.905019
15900 0.667361 0 -1.24654
15950 0.447044 0 -1.26187
16000 0.0759181 0 -1.22417
16050 0.197059 0 -0.890455
16100 0.67086 0 -1.16313
16150 0.609041 0 -1.36028
16200 0.165725 0 -1.34056
16250 0.174894 0 -1.11732
16300 0.525682 0 -1.03734
16350 0.681222 0 -1.25381
16400 0.338792 0 -1.2132
16450 0.0694756 0 -1.16069
16500 0.233637 0 -0.906095
16550 0.646937 0 -1.20715
16600 0.516592 0 -1.29856
16650 0.247717 0 -1.22079
16700 0.209629 0 -1.0944
16750 0.465013 0 -0.965129
16800 0.678261 0 -1.20488
16850 0.349685 0 -1.19826
16900 0.0705435 0 -1.22558
16950 0.235412 0 -0.958825
17000 0.673448 0 -1.14042
17050 0.62964 0 -1.29223
17100 0.225605 0 -1.29633
17150 0.121524 0 -1.14493
17200 0.467873 0 -0.987934
17250 0.677454 0 -1.28426
17300 0.367219 0 -1.30754
17350 0.131998 0 -1.2892
17400 0.330016 0 -1.03429
17450 0.690823 0 -1.24043
17500 0.536695 0 -1.38927
17550 0.158312 0 -1.42056
17600 0.172416 0 -1.15762
17650 0.563533 0 -1.0821
17700 0.707268 0 -1.3178
17750 0.304586 0 -1.35857
17800 0.126536 0 -1.29133
17850 0.430743 0 -1.02494
17900 0.712845 0 -1.27929
17950 0.430876 0 -1.33032
18000 0.112951 0 -1.34533
18050 0.23088 0 -1.03705
18100 0.589162 0 -1.0775
18150 0.603056 0 -1.2708
18200 0.288342 0 -1.27009
18250 0.109727 0 -1.17247
18300 0.332067 0 -0.951864
18350 0.632267 0 -1.23152
18400 0.458887 0 -1.21778
18450 0.128771 0 -1.17816
18500 0.152416 0 -0.945046
18550 0.448647 0 -0.932753
18600 0.553093 0 -1.18713
18650 0.236481 0 -1.14327
18700 -0.00528828 0 -1.08522
18750 0.178727 0 -0.79489
18800 0.494486 0 -1.07179
18850 0.424953 0 -1.13024
18900 0.16254 0 -1.23509
18950 0.0951525 0 -0.965227
19000 0.39411 0 -0.897458
19050 0.589877 0 -1.21882
19100 0.311331 0 -1.29367
19150 0.179784 0 -1.29021
19200 0.345778 0 -1.00687
19250 0.672434 0 -1.17126
19300 0.525759 0 -1.22536
19350 0.157595 0 -1.24859
19400 0.174617 0 -1.10178
19450 0.524402 0 -1.03671
19500 0.687482 0 -1.2961
19550 0.32859 0 -1.311
19600 0.0995552 0 -1.24257
19650 0.412703 0 -1.04487
19700 0.793872 0 -1.29184
19750 0.50118 0 -1.39012
19800 0.141898 0 -1.423
19850 0.290145 0 -1.10343
19900 0.681192 0 -1.22944
19950 0.617407 0 -1.29632
20000 0.225828 0 -1.33391
20050 0.148129 0 -1.1256
20100 0.469732 0 -1.02356
20150 0.726467 0 -1.34199
20200 0.354277 0 -1.3258
20250 0.165737 0 -1.19294
20300 0.36676 0 -1.01777
20350 0.6421 0 -1.17346
20400 0.514126 0 -1.2114
20450 0.144449 0 -1.27036
20500 0.162546 0 -1.02313
20550 0.479121 0 -0.99187
20600 0.541481 0 -1.18715
20650 0.271199 0 -1.21095
20700 0.101634 0 -1.12911
20750 0.28127 0 -0.900724
20800 0.500463 0 -1.13118
20850 0.356017 0 -1.17883
20900 0.141131 0 -1.23629
20950 0.121313 0 -0.965832
21000 0.430548 0 -0.949753
21050 0.598903 0 -1.18929
21100 0.280603 0 -1.2596
21150 0.136651 0 -1.16095
21200 0.373854 0 -0.961296
21250 0.628077 0 -1.23884
21300 0.456509 0 -1.31093
21350 0.128814 0 -1.31801
21400 0.246362 0 -1.03712
21450 0.665825 0 -1.16185
21500 0.667897 0 -1.2842
21550 0.256172 0 -1.31227
21600 0.150326 0 -1.18522
21650 0.490088 0 -1.03944
21700 0.70878 0 -1.28992
21750 0.360988 0 -1.31278
21800 0.12819 0 -1.33964
21850 0.368758 0 -1.04887
21900 0.701642 0 -1.24295
21950 0.526329 0 -1.26258
22000 0.147161 0 -1.29564
22050 0.251631 0 -1.04797
22100 0.632792 0 -1.1296
22150 0.637938 0 -1.3247
22200 0.261888 0 -1.32874
22250 0.215241 0 -1.17041
22300 0.534873 0 -1.11884
22350 0.719494 0 -1.31101
22400 0.382429 0 -1.31603
22450 0.0949153 0 -1.23181
22500 0.308036 0 -0.920865
22550 0.687095 0 -1.18009
22600 0.505175 0 -1.18011
22650 0.208712 0 -1.21716
22700 0.222783 0 -1.10309
22750 0.474012 0 -1.04662
22800 0.677286 0 -1.2682
22850 0.363077 0 -1.24213
22900 0.104586 0 -1.19635
22950 0.366832 0 -0.999209
23000 0.687562 0 -1.20191
23050 0.496778 0 -1.28011
23100 0.144765 0 -1.33405
23150 0.184964 0 -1.08157
23200 0.567755 0 -1.08385
23250 0.632176 0 -1.29003
23300 0.30039 0 -1.25323
23350 0.168813 0 -1.2281
23400 0.352762 0 -1.01293
23450 0.625322 0 -1.1767
23500 0.497361 0 -1.24567
23550 0.133574 0 -1.31707
23600 0.139244 0 -0.996659
23650 0.582399 0 -1.04082
23700 0.69481 0 -1.23054
23750 0.317219 0 -1.17583
23800 0.101757 0 -1.20907
23850 0.335177 0 -0.963512
23900 0.654621 0 -1.17139
23950 0.502099 0 -1.21182
24000 0.125544 0 -1.22661
24050 0.178719 0 -0.995816
24100 0.571237 0 -1.00783
24150 0.663164 0 -1.22509
24200 0.302451 0 -1.19202
24250 0.100585 0 -1.14283
24300 0.357362 0 -0.963832
24350 0.575284 0 -1.14782
24400 0.384616 0 -1.12663
24450 0.0841962 0 -1.11174
24500 0.113049 0 -0.828701
24550 0.329257 0 -0.711105
24600 0.356049 0 -0.610223
24650 0.245361 0 -0.455528
24700 0.150491 0 -0.767362
24750 0.193668 0 -0.510168
24800 0.180154 0 -0.327283
24850 0.0879774 0 -0.0655932
24900 0.0805629 0 -0.0352832
24950 0.0666222 0 -0.0593636
25000 0.0871425 0 -0.0504402
25050 0.0450842 0 -0.0358119
25100 0.0258571 0 -0.018515
25150 0.0204256 0 -0.0255104
25200 0.00976123 0 -0.0108186
25250 0.0087394 0 0.036193
25300 -0.00863816 0 0.0348903
25350 -0.01544 0 0.0293634
25400 -0.0113949 0 0.0182977
25450 -0.0183709 0 0.0338818
25500 0.00143369 0 0.022203
25550 -0.0046863 0 0.000982779
