# Created at Wed Sep 27 16:39:24 CDT 2017
1836001346135267 1
1836001879399427 2
1836002472020276 3
1836003025059827 4
1836003558293470 5
1836004111363538 6
1836004723650752 7
1836005355730830 8
1836005849535762 9
1836006442095576 10
1836007074114619 11
1836007607439814 12
1836008180285273 13
1836008693774043 14
1836009207323848 15
1836009701159297 16
1836010234423457 17
1836011261492549 18
1836011656573115 19
1836012288592158 20
1836012881151973 21
1836013434252559 22
1836013987261592 23
1836014520591735 24
1836015034111022 25
1836015547660827 26
1836016100761413 27
1836016653770446 28
1836017167320251 29
1836017759910583 30
1836018332664489 31
1836018846214294 32
1836019419029235 33
1836019991844177 34
1836020525169372 35
1836021196739196 36
1836021927574157 37
1836022579368591 38
1836024712551249 39
1836025403865946 40
1836026016140116 41
1836026628536357 42
1836027161769999 43
1836027774074687 44
1836028366634501 45
1836028998714579 46
1836029551754130 47
1836030183803691 48
1836030776363505 49
1836031408443583 50
1836032020778788 51
1836032613338603 52
1836033956447733 53
1836034707107307 54
1836035319381477 55
1836035971206428 56
1836036603225471 57
1836037195815803 58
1836037768630745 59
1836038341445686 60
1836038914260627 61
1836039427840950 62
1836040000655891 63
1836040533920051 64
1836041146255256 65
1836041738815071 66
1836042351119758 67
1836043042434455 68
1836044346033403 69
1836044879297563 70
1836045669397661 71
1836046301477739 72
1836047071802446 73
1836047644617387 74
1836048237207719 75
1836048849481889 76
1836049442072221 77
1836050093866655 78
1836050607446977 79
1836051259271928 80
1836051832056352 81
1836052483881303 82
1836053096185991 83
1836053728235551 84
1836054222106439 85
1836054755370599 86
1836055367705804 87
1836055920714837 88
1836056473784906 89
1836057086089593 90
1836057619445306 91
1836058152739984 92
1836058725524408 93
1836059239104730 94
1836059831634027 95
1836060404510004 96
1836060977294427 97
1836061490844232 98
1836062083404046 99
1836062695769769 100
1836063248748285 101
1836063821563226 102
1836064374653051 103
1836064927723119 104
1836065441303441 105
1836065994373510 106
1836066527637670 107
1836067080677220 108
1836067574512670 109
1836068147327611 110
1836068641132543 111
1836069213947484 112
1836069727466771 113
1836070300312230 114
1836070813862035 115
1836071347187230 116
1836071880481908 117
1836072334766576 118
1836072966816136 119
1836073539631078 120
1836074132190451 121
1836074724780783 122
1836075238330588 123
1836075791431174 124
1836076364185080 125
1836076996265158 126
1836077588886008 127
1836078201190695 128
1836078754230246 129
1836079307300315 130
1836079860370383 131
1836080452930197 132
1836080986255393 133
1836081578784690 134
1836082171344504 135
1836082744159445 136
1836083297290549 137
1836083870044455 138
1836084423054117 139
1836085035358805 140
1836085568684000 141
1836086101978678 142
1836086655048746 143
1836087208149332 144
1836087800739664 145
1836088373493570 146
1836088966144937 147
1836089558674234 148
1836090111774820 149
1836090684528726 150
1836091257343668 151
1836091830189127 152
1836092363514322 153
1836092877033609 154
1836093509113687 155
1836095701615985 156
1836096215196307 157
1836096867021258 158
1836097420091326 159
1836098012681658 160
1836098605149920 161
1836099118791278 162
1836099750901873 163
1836100343400653 164
1836100876695330 165
1836101469255145 166
1836102061845477 167
1836102595140154 168
1836103167955096 169
1836103760545428 170
1836104234567511 171
1836104886453497 172
1836105399972784 173
1836105992532599 174
1836106624612677 175
1836107138162482 176
1836107750528204 177
1836108244302618 178
1836108876382696 179
1836109449197638 180
1836110002298224 181
1836110555368292 182
1836111088693487 183
1836111701028693 184
1836112254007208 185
1836112866342413 186
1836113458902228 187
1836113992196905 188
1836114545291562 189
1836115118106504 190
1836115730411191 191
1836116224216123 192
1836116836581846 193
1836117409396787 194
1836118021701475 195
1836118574741025 196
1836119167331357 197
1836119700626035 198
1836120312991758 199
1836120905521055 200
1836121478366514 201
1836122070987363 202
1836122564731260 203
1836123196841855 204
1836123828860898 205
1836124381933089 206
1836125014043684 207
1836125547338362 208
1836126199163313 209
1836126811468001 210
1836127483129378 211
