200 -0.00995633 0 0.0458093
250 -0.00311172 0 0.0244988
300 -0.00910485 0 0.0169653
350 -0.00651069 0 0.00319857
400 -0.0108626 0 0.00315643
450 -0.014535 0 0.0132998
500 -0.0110286 0 0.015958
550 -0.0109237 0 0.0149961
600 -0.0102253 0 0.0145926
650 -0.0064746 0 0.0218365
700 -0.00928852 0 0.0122451
750 -0.0214647 0 -0.133704
800 -0.333649 0 -0.151459
850 0.0183243 0 -0.390105
900 0.348725 0 -0.75762
950 0.650691 0 -1.09954
1000 0.368904 0 -1.0893
1050 0.147368 0 -0.972198
1100 0.316039 0 -0.874045
1150 0.643041 0 -1.05821
1200 0.459278 0 -1.02521
1250 0.318839 0 -1.06606
1300 0.374082 0 -1.02727
1350 0.453557 0 -1.05349
1400 0.49117 0 -1.10494
1450 0.370581 0 -1.11605
1500 0.16694 0 -1.05831
1550 0.404211 0 -0.960713
1600 0.553554 0 -1.06423
1650 0.432644 0 -1.08054
1700 0.305763 0 -1.10184
1750 0.346988 0 -1.01466
1800 0.517342 0 -1.09004
1850 0.455685 0 -1.12178
1900 0.255128 0 -1.18296
1950 0.186469 0 -0.984331
2000 0.496381 0 -1.06359
2050 0.56158 0 -1.12715
2100 0.392175 0 -1.12018
2150 0.203145 0 -1.05246
2200 0.423309 0 -0.954687
2250 0.803794 0 -1.14629
2300 0.510491 0 -1.22087
2350 0.178108 0 -1.22805
2400 0.39104 0 -1.03537
2450 0.590011 0 -1.12236
2500 0.485459 0 -1.13767
2550 0.254638 0 -1.19206
2600 0.333222 0 -1.07158
2650 0.718931 0 -1.19153
2700 0.599108 0 -1.20955
2750 0.223615 0 -1.22805
2800 0.304242 0 -1.02645
2850 0.57834 0 -1.1201
2900 0.615688 0 -1.21738
2950 0.276487 0 -1.20208
3000 0.195835 0 -1.02591
3050 0.556773 0 -1.05943
3100 0.7137 0 -1.23203
3150 0.316474 0 -1.19486
3200 0.301299 0 -1.07474
3250 0.463052 0 -1.0627
3300 0.597157 0 -1.18331
3350 0.408623 0 -1.18056
3400 0.290513 0 -1.12388
3450 0.431648 0 -1.04761
3500 0.620018 0 -1.13314
3550 0.440075 0 -1.15437
3600 0.373241 0 -1.10282
3650 0.409654 0 -1.05747
3700 0.510125 0 -1.10219
3750 0.454103 0 -1.10909
3800 0.261117 0 -1.15044
3850 0.279641 0 -0.959911
3900 0.707528 0 -1.15987
3950 0.685159 0 -1.30313
4000 0.323579 0 -1.10014
4050 0.278081 0 -1.00294
4100 0.446397 0 -1.00381
4150 0.596494 0 -1.19103
4200 0.318871 0 -1.19556
4250 0.126683 0 -1.05673
4300 0.435385 0 -0.966772
4350 0.747732 0 -1.18427
4400 0.393267 0 -1.10117
4450 0.194633 0 -1.14709
4500 0.355006 0 -0.980323
4550 0.679279 0 -1.1126
4600 0.525986 0 -1.13806
4650 0.18969 0 -1.23632
4700 0.191677 0 -0.972049
4750 0.617941 0 -1.05596
4800 0.580152 0 -1.0788
4850 0.34103 0 -1.15364
4900 0.231702 0 -1.06963
4950 0.507177 0 -1.0207
5000 0.768574 0 -1.20715
5050 0.388584 0 -1.26317
5100 0.087866 0 -1.18035
5150 0.356549 0 -0.954196
5200 0.579148 0 -1.14279
5250 0.443496 0 -1.13267
5300 0.219383 0 -1.10516
5350 0.31234 0 -1.01247
5400 0.668559 0 -1.1781
5450 0.566376 0 -1.22889
5500 0.206206 0 -1.20189
5550 0.167843 0 -0.965079
5600 0.547111 0 -1.13064
5650 0.519959 0 -1.15404
5700 0.322217 0 -1.12596
5750 0.188904 0 -1.01845
5800 0.559427 0 -1.06372
5850 0.753073 0 -1.23237
5900 0.32006 0 -1.16294
5950 0.151407 0 -1.06229
6000 0.401511 0 -0.979624
6050 0.599811 0 -1.12981
6100 0.3949 0 -1.0789
6150 0.286337 0 -0.954693
6200 0.274338 0 -0.806789
6250 0.209713 0 -0.533732
6300 0.0709088 0 -0.19248
6350 0.0352112 0 -0.121317
6400 -0.319618 0 0.152125
6450 -0.0408777 0 -0.0293568
6500 -0.0110053 0 -0.0300617
6550 -0.0051743 0 -0.0164164
6600 0.0012475 0 -0.00600928
6650 -0.00497936 0 0.00836114
6700 -0.0120326 0 0.0147569
6750 -0.0129727 0 0.0125209
6800 -0.0108858 0 0.0199637
6850 -0.00828798 0 0.0165368
6900 -0.0136661 0 0.0199983
6950 -0.0111863 0 0.0240345
7000 -0.00898258 0 0.0228279
7050 -0.0143049 0 0.0277833
7100 -0.0160813 0 0.0263802
7150 -0.0144144 0 0.0263107
7200 -0.01663 0 0.0401097
7250 -0.0136708 0 0.0266222
7300 -0.012915 0 0.0264741
7350 -0.0106613 0 0.0218699
7400 -0.00653313 0 0.0143423
7450 -0.00597499 0 0.0157689
7500 -0.0355494 0 -0.0566948
7550 -0.0954088 0 -0.11708
7600 0.0840074 0 -0.492364
7650 0.443177 0 -0.863367
7700 0.477474 0 -1.07561
7750 0.249967 0 -1.08942
7800 0.266967 0 -0.966263
7850 0.407275 0 -0.920274
7900 0.602856 0 -1.066
7950 0.400256 0 -1.02581
8000 0.376849 0 -1.10109
8050 0.371687 0 -1.00419
8100 0.589496 0 -1.08602
8150 0.561969 0 -1.14912
8200 0.28091 0 -1.11496
8250 0.266505 0 -0.953361
8300 0.468911 0 -0.991812
8350 0.600573 0 -1.14158
8400 0.352044 0 -1.0943
8450 0.286032 0 -1.02704
8500 0.404616 0 -0.968634
8550 0.63627 0 -1.13418
8600 0.48962 0 -1.13744
8650 0.189169 0 -1.11914
8700 0.27691 0 -0.94966
8750 0.649931 0 -1.10159
8800 0.450201 0 -1.06686
8850 0.318279 0 -1.08195
8900 0.2678 0 -0.988367
8950 0.476873 0 -0.978487
9000 0.65988 0 -1.18532
9050 0.298217 0 -1.10566
9100 0.209783 0 -1.12196
9150 0.462162 0 -1.04593
9200 0.613231 0 -1.16333
9250 0.408118 0 -1.15374
9300 0.197133 0 -1.12992
9350 0.367297 0 -1.02302
9400 0.646186 0 -1.18239
9450 0.451431 0 -1.17924
9500 0.145601 0 -1.19392
9550 0.278322 0 -0.944993
9600 0.512562 0 -1.11838
9650 0.457329 0 -1.16304
9700 0.299135 0 -1.16292
9750 0.298244 0 -0.986983
9800 0.633304 0 -1.12502
9850 0.618152 0 -1.27061
9900 0.276873 0 -1.18242
9950 0.208025 0 -1.06142
10000 0.505538 0 -1.07833
10050 0.648523 0 -1.21874
10100 0.34924 0 -1.23393
10150 0.195323 0 -1.07524
10200 0.533786 0 -1.03475
10250 0.74846 0 -1.28456
10300 0.369177 0 -1.32701
10350 0.201233 0 -1.15265
10400 0.421837 0 -1.04854
10450 0.582545 0 -1.09689
10500 0.425972 0 -1.10238
10550 0.287571 0 -1.10272
10600 0.36501 0 -0.991879
10650 0.536802 0 -1.07533
10700 0.515008 0 -1.13893
10750 0.227589 0 -1.1788
10800 0.34787 0 -1.0033
10850 0.48107 0 -1.04832
10900 0.529424 0 -1.12503
10950 0.296397 0 -1.15002
11000 0.140379 0 -1.02419
11050 0.539672 0 -1.04486
11100 0.71767 0 -1.21527
11150 0.350219 0 -1.20278
11200 0.265869 0 -1.07719
11250 0.457179 0 -1.04984
11300 0.63796 0 -1.15672
11350 0.388926 0 -1.14175
11400 0.161632 0 -1.12562
11450 0.338962 0 -0.898235
11500 0.801107 0 -1.21029
11550 0.601208 0 -1.22695
11600 0.325133 0 -1.12721
11650 0.345316 0 -1.01599
11700 0.582729 0 -1.08261
11750 0.619071 0 -1.19444
11800 0.24003 0 -1.2132
11850 0.213047 0 -1.01152
11900 0.464625 0 -1.03071
11950 0.536611 0 -1.12081
12000 0.343195 0 -1.07596
12050 0.216807 0 -0.968717
12100 0.416299 0 -0.971938
12150 0.685213 0 -1.21149
12200 0.341205 0 -1.20395
12250 0.187643 0 -1.05305
12300 0.390349 0 -0.93575
12350 0.631309 0 -1.10552
12400 0.400733 0 -1.0804
12450 0.267201 0 -1.09018
12500 0.391673 0 -1.01372
12550 0.720887 0 -1.19506
12600 0.565732 0 -1.29362
12650 0.205119 0 -1.17672
12700 0.273062 0 -0.959722
12750 0.680047 0 -1.10207
12800 0.437214 0 -1.06562
12850 0.34202 0 -1.05667
12900 0.264885 0 -0.92232
12950 0.401485 0 -0.876486
13000 0.501878 0 -0.7752
13050 0.363239 0 -0.587557
13100 0.118075 0 -0.374948
13150 -0.0181919 0 -0.200448
13200 0.0485161 0 -0.274163
13250 0.0263989 0 -0.190371
13300 0.0380148 0 -0.0789996
13350 0.0343466 0 -0.105587
13400 -0.0121863 0 -0.0780513
13450 0.0111049 0 -0.0742249
13500 -0.0147319 0 -0.0322738
13550 -0.015834 0 -0.174759
13600 0.00637402 0 -0.0840267
13650 -0.017944 0 -0.120493
13700 -0.398283 0 0.189411
13750 -0.582362 0 0.108508
13800 0.156814 0 -0.204273
13850 0.107282 0 -0.177683
13900 0.0418711 0 -0.114865
13950 -0.00692103 0 -0.0959803
14000 -0.231791 0 0.0599458
14050 -0.112399 0 0.0458817
14100 -0.0286599 0 0.00611854
14150 -0.0299671 0 0.00375525
14200 -0.00464366 0 0.0108709
14250 -0.0110642 0 0.0131184
14300 -0.00367712 0 0.00128714
14350 -0.0140404 0 -0.000580524
14400 -0.0244072 0 0.0219913
14450 -0.0214704 0 0.0422519
14500 -0.00892863 0 0.0297651
14550 -0.00281621 0 0.0393759
14600 -0.0200945 0 0.0717482
14650 -0.0117784 0 0.0985899
