200 -0.0118402 0 0.0239304
250 -0.0103574 0 0.0163285
300 -0.00278548 0 0.0149238
350 -0.00335814 0 0.0176845
400 -0.00557697 0 0.0194495
450 -0.0141786 0 0.0202106
500 -0.014734 0 0.0184226
550 -0.0182951 0 0.0252739
600 -0.0237335 0 0.0295579
650 -0.0194308 0 0.0154904
700 -0.0165172 0 0.00590921
750 -0.0549131 0 -0.0317895
800 -0.0100451 0 -0.0680981
850 -0.20588 0 0.0763175
900 -0.304749 0 0.251501
950 -0.412125 0 0.47823
1000 -0.502429 0 0.347904
1050 -0.557745 0 0.245803
1100 -0.653326 0 0.149497
1150 -0.63103 0 0.187194
1200 -0.579053 0 0.427757
1250 -0.592886 0 0.500063
1300 -0.682748 0 0.357019
1350 -0.751522 0 0.300096
1400 -0.68313 0 0.237247
1450 -0.500969 0 0.231963
1500 -0.581655 0 0.411042
1550 -0.581357 0 0.392392
1600 -0.631626 0 0.26144
1650 -0.865443 0 0.197145
1700 -0.686029 0 0.139403
1750 -0.642822 0 0.379204
1800 -0.650943 0 0.493983
1850 -0.629898 0 0.423656
1900 -0.75269 0 0.272999
1950 -0.741677 0 0.174306
2000 -0.587668 0 0.249844
2050 -0.74344 0 0.480463
2100 -0.712504 0 0.492957
2150 -0.845303 0 0.398412
2200 -0.971072 0 0.310707
2250 -0.738503 0 0.24517
2300 -0.768102 0 0.428711
2350 -0.902466 0 0.538746
2400 -1.03228 0 0.523061
2450 -1.06894 0 0.461367
2500 -1.07174 0 0.405821
2550 -1.0587 0 0.563401
2600 -1.09712 0 0.660108
2650 -1.19739 0 0.619061
2700 -1.1859 0 0.56198
2750 -1.24023 0 0.644611
2800 -1.25471 0 0.695176
2850 -1.33216 0 0.724365
2900 -1.28544 0 0.537081
2950 -1.28676 0 0.718096
3000 -1.27835 0 0.677088
3050 -1.32147 0 0.652116
3100 -1.33117 0 0.564982
3150 -1.34883 0 0.756115
3200 -1.39321 0 0.66504
3250 -1.33854 0 0.637391
3300 -1.36211 0 0.528669
3350 -1.33411 0 0.631052
3400 -1.26255 0 0.615346
3450 -1.30272 0 0.554271
3500 -1.29859 0 0.565598
3550 -1.37938 0 0.65597
3600 -1.27374 0 0.655779
3650 -1.28816 0 0.587534
3700 -1.33206 0 0.623811
3750 -1.29618 0 0.680504
3800 -1.31589 0 0.637487
3850 -1.31337 0 0.611628
3900 -1.29634 0 0.723774
3950 -1.35443 0 0.765294
4000 -1.37994 0 0.701966
4050 -1.31216 0 0.602612
4100 -1.33447 0 0.749605
4150 -1.32518 0 0.726033
4200 -1.32506 0 0.701322
4250 -1.31621 0 0.589924
4300 -1.20495 0 0.827318
4350 -1.13287 0 0.773712
4400 -1.25799 0 0.737576
4450 -1.20165 0 0.564391
4500 -1.03549 0 0.707363
4550 -0.848393 0 0.742281
4600 -0.929637 0 0.604685
4650 -0.954318 0 0.476616
4700 -0.922776 0 0.528069
4750 -0.760955 0 0.61785
4800 -0.798725 0 0.598252
4850 -1.07641 0 0.414332
4900 -0.852587 0 0.271945
4950 -0.71299 0 0.412724
5000 -0.900409 0 0.606405
5050 -0.854656 0 0.54474
5100 -0.973629 0 0.381401
5150 -0.74611 0 0.223984
5200 -0.713707 0 0.446985
5250 -0.793813 0 0.576439
5300 -0.777788 0 0.469723
5350 -0.967964 0 0.405775
5400 -0.781052 0 0.276289
5450 -0.819244 0 0.426946
5500 -0.814905 0 0.536538
5550 -0.730093 0 0.431579
5600 -0.930214 0 0.305648
5650 -0.736771 0 0.228349
5700 -0.707737 0 0.47012
5750 -0.758175 0 0.564153
5800 -0.716692 0 0.463502
5850 -0.748586 0 0.320826
5900 -0.71464 0 0.174104
5950 -0.628383 0 0.332379
6000 -0.674177 0 0.515143
6050 -0.54024 0 0.387229
6100 -0.630372 0 0.264551
6150 -0.835881 0 0.15181
6200 -0.645105 0 0.186163
6250 -0.710121 0 0.482448
6300 -0.593971 0 0.47316
6350 -0.630638 0 0.328479
6400 -0.854073 0 0.29377
6450 -0.706386 0 0.168129
6500 -0.52504 0 0.341983
6550 -0.584342 0 0.459487
6600 -0.524851 0 0.391069
6650 -0.689041 0 0.298099
6700 -0.883695 0 0.202731
6750 -0.645397 0 0.199985
6800 -0.831604 0 0.519264
6850 -0.927674 0 0.52446
6900 -0.867985 0 0.442308
6950 -1.04974 0 0.375816
7000 -1.05654 0 0.40964
7050 -1.0534 0 0.558693
7100 -1.14139 0 0.657947
7150 -1.23267 0 0.590535
7200 -1.29599 0 0.502428
7250 -1.36542 0 0.694489
7300 -1.2951 0 0.694537
7350 -1.31939 0 0.678552
7400 -1.28289 0 0.528997
7450 -1.34051 0 0.712518
7500 -1.32131 0 0.672911
7550 -1.28551 0 0.671018
7600 -1.29896 0 0.559412
7650 -1.33798 0 0.739786
7700 -1.33133 0 0.660577
7750 -1.36101 0 0.608022
7800 -1.3747 0 0.548397
7850 -1.43755 0 0.698087
7900 -1.39002 0 0.717954
7950 -1.47271 0 0.550201
8000 -1.43344 0 0.526157
8050 -1.33647 0 0.724265
8100 -1.34398 0 0.732303
8150 -1.30594 0 0.565443
8200 -1.3124 0 0.529416
8250 -1.24266 0 0.616253
8300 -1.21078 0 0.606869
8350 -1.15679 0 0.549392
8400 -1.05129 0 0.600126
8450 -0.9012 0 0.704891
8500 -0.876619 0 0.673068
8550 -0.948763 0 0.596261
8600 -0.835268 0 0.586611
8650 -0.68391 0 0.725304
8700 -0.578642 0 0.688741
8750 -0.832659 0 0.515266
8800 -0.881169 0 0.350433
8850 -0.670699 0 0.426629
8900 -0.713641 0 0.481759
8950 -0.634864 0 0.42118
9000 -0.787706 0 0.289585
9050 -0.824384 0 0.195604
9100 -0.658336 0 0.386617
9150 -0.744715 0 0.422801
9200 -0.694696 0 0.342189
9250 -0.861639 0 0.296678
9300 -0.877984 0 0.185468
9350 -0.745732 0 0.2928
9400 -0.768447 0 0.550328
9450 -0.766827 0 0.418632
9500 -0.849908 0 0.350633
9550 -0.891345 0 0.225826
9600 -0.713372 0 0.289287
9650 -0.704969 0 0.483077
9700 -0.659559 0 0.439361
9750 -0.765189 0 0.361038
9800 -0.965394 0 0.265258
9850 -0.778134 0 0.187506
9900 -0.699326 0 0.348584
9950 -0.701853 0 0.386521
10000 -0.773412 0 0.323509
10050 -0.927292 0 0.315677
10100 -0.877227 0 0.183095
10150 -0.827709 0 0.178203
10200 -0.753779 0 0.325836
10250 -0.686235 0 0.343287
10300 -0.720167 0 0.359768
10350 -0.871677 0 0.215751
10400 -0.790543 0 0.193256
10450 -0.59092 0 0.226944
10500 -0.518254 0 0.273618
10550 -0.435353 0 0.219386
10600 -0.573038 0 0.123823
10650 0.0263945 0 -0.197023
10700 -0.561721 0 0.081418
10750 -0.417075 0 0.186684
10800 -0.506045 0 0.366878
10850 -0.60843 0 0.360149
10900 -0.832698 0 0.190184
10950 -0.796674 0 0.162598
11000 -0.708852 0 0.214979
11050 -0.725589 0 0.560202
11100 -0.621421 0 0.448621
11150 -0.748143 0 0.293302
11200 -0.752574 0 0.272829
11250 -0.570216 0 0.230347
11300 -0.559858 0 0.439171
11350 -0.523183 0 0.44803
11400 -0.616478 0 0.337417
11450 -0.913554 0 0.248705
11500 -0.83465 0 0.149619
11550 -0.639927 0 0.271921
11600 -0.552439 0 0.37791
11650 -0.518312 0 0.334864
11700 -0.64295 0 0.297066
11750 -0.695177 0 0.173406
11800 -0.791482 0 0.220884
11850 -1.06834 0 0.668353
11900 -1.05857 0 0.66907
11950 -1.20981 0 0.524422
12000 -1.15655 0 0.330804
12050 -1.19245 0 0.423731
12100 -1.21173 0 0.669709
12150 -1.30019 0 0.665339
12200 -1.36271 0 0.546107
12250 -1.36769 0 0.570433
12300 -1.2993 0 0.594218
12350 -1.27261 0 0.588418
12400 -1.32986 0 0.456947
12450 -1.40624 0 0.564619
12500 -1.41997 0 0.646693
12550 -1.38421 0 0.656765
12600 -1.32378 0 0.460811
12650 -1.35472 0 0.607598
12700 -1.2721 0 0.562712
12750 -1.25206 0 0.545518
12800 -1.30018 0 0.471255
12850 -1.35997 0 0.628273
12900 -1.33821 0 0.605253
12950 -1.28837 0 0.53048
13000 -1.34492 0 0.487461
13050 -1.38747 0 0.59766
13100 -1.31174 0 0.621075
13150 -1.43504 0 0.565151
13200 -1.47245 0 0.569111
13250 -1.4273 0 0.672451
13300 -1.36037 0 0.648447
13350 -1.39064 0 0.524567
13400 -1.32182 0 0.644168
13450 0.394366 0 -1.03704
13500 -1.18942 0 0.55491
13550 -1.19642 0 0.460994
13600 -1.1685 0 0.57275
13650 -1.30243 0 0.62943
13700 -1.28642 0 0.596412
13750 -1.31972 0 0.459622
13800 -1.29001 0 0.571901
13850 -1.27773 0 0.566604
13900 -1.33377 0 0.521957
13950 -1.34431 0 0.530572
14000 -1.38262 0 0.694371
14050 -1.39579 0 0.696334
14100 -1.34171 0 0.62343
14150 -1.36059 0 0.629206
14200 -1.29065 0 0.69838
14250 -1.33849 0 0.667322
14300 -1.2985 0 0.512475
14350 -1.23645 0 0.572848
14400 -1.20105 0 0.64159
14450 -1.19208 0 0.596598
14500 -1.09698 0 0.479161
14550 -1.11052 0 0.516596
14600 -0.998232 0 0.565438
14650 -1.01293 0 0.482533
14700 -0.99672 0 0.389609
14750 -0.894915 0 0.397431
14800 -0.819239 0 0.516128
14850 -0.844642 0 0.563436
14900 -0.979827 0 0.4543
14950 -0.870142 0 0.335207
15000 -0.733801 0 0.373026
15050 -0.813456 0 0.536293
15100 -0.754514 0 0.522813
15150 -0.948041 0 0.328942
15200 -0.916926 0 0.244208
15250 -0.684081 0 0.381999
15300 -0.765953 0 0.501491
15350 -0.704202 0 0.422591
15400 -0.725992 0 0.318404
15450 -0.820673 0 0.268725
15500 -0.652796 0 0.22215
15550 -0.649283 0 0.47331
15600 -0.58316 0 0.453105
15650 -0.706443 0 0.308367
15700 -0.894947 0 0.229504
15750 -0.814993 0 0.110132
15800 -0.6013 0 0.251666
15850 -0.679149 0 0.408323
15900 -0.593073 0 0.374706
15950 -0.750508 0 0.244512
16000 -0.985062 0 0.162788
16050 -0.730692 0 0.100252
16100 -0.703 0 0.297019
16150 -0.653918 0 0.37498
16200 -0.6479 0 0.373884
16250 -0.753575 0 0.289908
16300 -0.806258 0 0.207281
16350 -0.645046 0 0.264179
16400 -0.646977 0 0.464069
16450 -0.615023 0 0.464314
16500 -0.768449 0 0.347886
16550 -0.988946 0 0.322505
16600 -0.840032 0 0.290634
16650 -0.719716 0 0.483424
16700 -0.744731 0 0.468876
16750 -0.747321 0 0.3761
16800 -0.851996 0 0.287372
16850 -0.690003 0 0.22649
16900 -0.547414 0 0.392354
16950 -0.573922 0 0.439051
17000 -0.525169 0 0.277754
17050 -0.661993 0 0.222242
17100 -0.692977 0 0.133795
17150 -0.432163 0 0.257073
17200 -0.648141 0 0.466996
17250 -0.540719 0 0.39295
17300 -0.637488 0 0.298802
17350 -0.849267 0 0.214304
17400 -0.645737 0 0.175836
17450 -0.441043 0 0.439042
17500 -0.56643 0 0.429477
17550 -0.653111 0 0.34692
17600 -0.776659 0 0.254766
17650 -0.788979 0 0.137583
17700 -0.544041 0 0.222978
17750 -0.562421 0 0.46388
17800 -0.587007 0 0.445936
17850 -0.564515 0 0.29153
17900 -0.715822 0 0.218651
17950 -0.773231 0 0.139
18000 -0.564158 0 0.209627
18050 -0.432925 0 0.432249
18100 -0.56127 0 0.438687
18150 -0.495274 0 0.31631
18200 -0.677848 0 0.254553
18250 -0.859857 0 0.115769
18300 -0.638936 0 0.0907339
18350 -0.603708 0 0.305526
18400 -0.74738 0 0.419861
18450 -0.655877 0 0.328572
18500 -0.738888 0 0.286163
18550 -0.774904 0 0.172462
18600 -0.663741 0 0.210129
18650 -0.798262 0 0.60967
18700 -0.8928 0 0.574132
18750 -1.04309 0 0.557529
18800 -1.10648 0 0.405748
18850 -1.09588 0 0.496692
18900 -1.08881 0 0.731989
18950 -1.16251 0 0.679985
19000 -1.17516 0 0.561241
19050 -1.19465 0 0.515661
19100 -1.17961 0 0.676583
19150 -1.14927 0 0.803095
19200 -1.31027 0 0.699907
19250 -1.26933 0 0.544991
19300 -1.292 0 0.629165
19350 -1.18833 0 0.598953
19400 -1.21204 0 0.549587
19450 -1.29286 0 0.507617
19500 -1.24862 0 0.659381
19550 -1.2903 0 0.647457
19600 -1.34105 0 0.618385
19650 -1.36057 0 0.549764
19700 -1.29355 0 0.753098
19750 -1.25773 0 0.72588
19800 -1.24513 0 0.627829
19850 -1.29104 0 0.565264
19900 -1.31216 0 0.722881
19950 -1.30933 0 0.710216
20000 -1.26973 0 0.629493
20050 -1.3073 0 0.602912
20100 -1.17665 0 0.795446
20150 -1.20918 0 0.762445
20200 -1.22131 0 0.645729
20250 -1.24346 0 0.565408
20300 -1.23362 0 0.589892
20350 -1.22028 0 0.593295
20400 -1.26754 0 0.523521
20450 -1.27909 0 0.569485
20500 -1.34848 0 0.733818
20550 -1.41602 0 0.692272
20600 -1.32687 0 0.577451
20650 -1.3116 0 0.642839
20700 -1.22765 0 0.760723
20750 -1.24446 0 0.700089
20800 -1.30049 0 0.628011
20850 -1.32286 0 0.621009
20900 -1.16388 0 0.699703
20950 -1.18958 0 0.661448
21000 -1.27405 0 0.5485
21050 -1.27741 0 0.494031
21100 -1.19752 0 0.579495
21150 -1.23557 0 0.511159
21200 -1.21949 0 0.404372
21250 -1.2186 0 0.403207
21300 -1.22393 0 0.42478
21350 -1.16841 0 0.367916
21400 -1.184 0 0.374042
21450 -1.22872 0 0.374337
21500 -1.17626 0 0.579665
21550 -1.20599 0 0.63405
21600 -1.32724 0 0.550286
21650 -1.30414 0 0.53178
21700 -1.26311 0 0.743892
21750 -1.29869 0 0.709511
21800 -1.28519 0 0.58769
21850 -1.26716 0 0.594336
21900 -1.28413 0 0.657472
21950 -1.26633 0 0.620069
22000 -1.29638 0 0.555275
22050 -1.35619 0 0.569613
22100 -1.32977 0 0.716842
22150 -1.35483 0 0.65942
22200 -1.33204 0 0.55225
22250 -1.3143 0 0.588641
22300 -1.25785 0 0.651534
22350 -1.27096 0 0.614507
22400 -1.26833 0 0.515385
22450 -1.32425 0 0.619263
22500 -1.31443 0 0.642155
22550 -1.33155 0 0.653969
22600 -1.38955 0 0.468988
22650 -1.37058 0 0.646973
22700 -1.29086 0 0.63807
22750 -1.25329 0 0.587177
22800 -1.17848 0 0.417015
22850 -1.14986 0 0.567255
22900 -1.11129 0 0.528947
22950 -1.11082 0 0.509533
23000 -1.17098 0 0.430706
23050 -1.0847 0 0.509446
23100 -0.906883 0 0.628856
23150 -1.01169 0 0.53509
23200 -1.15288 0 0.434975
23250 -1.09642 0 0.348133
23300 -0.873493 0 0.5287
23350 -1.01045 0 0.558534
23400 -1.09104 0 0.451562
23450 -1.06865 0 0.325966
23500 -0.901538 0 0.408883
23550 -0.841493 0 0.58386
23600 -0.901749 0 0.49444
23650 -1.03391 0 0.351487
23700 -0.883303 0 0.28567
23750 -0.730835 0 0.430855
23800 -0.944677 0 0.499494
23850 -0.91598 0 0.34519
23900 -1.04712 0 0.267058
23950 -0.818154 0 0.268664
24000 -0.808641 0 0.428263
24050 -0.838698 0 0.490809
24100 -0.93843 0 0.370615
24150 -0.947657 0 0.236526
24200 -0.735044 0 0.301554
24250 -0.768883 0 0.366276
24300 -0.68189 0 0.344857
24350 -0.843707 0 0.288012
24400 -1.024 0 0.24907
24450 -0.693349 0 0.18893
24500 -0.750807 0 0.351126
24550 -0.679647 0 0.477624
24600 -0.782414 0 0.323543
24650 -1.06237 0 0.220148
24700 -0.715125 0 0.143344
24750 -0.53708 0 0.272775
24800 -0.70242 0 0.408902
24850 -0.664517 0 0.386247
24900 -0.846354 0 0.258259
24950 -1.05131 0 0.175519
25000 -0.706492 0 0.15723
25050 -0.603874 0 0.29898
25100 -0.662952 0 0.386239
25150 -0.638484 0 0.342809
25200 -0.750899 0 0.235626
25250 -0.904075 0 0.151312
25300 -0.768843 0 0.183329
25350 -0.797878 0 0.474892
25400 -0.962587 0 0.536355
25450 -1.00848 0 0.445371
25500 -1.13974 0 0.406451
25550 -1.11011 0 0.431077
25600 -1.05308 0 0.649662
25650 -1.06964 0 0.790345
25700 -1.27959 0 0.669231
25750 -1.24351 0 0.515531
25800 -1.34401 0 0.632085
25850 -1.26679 0 0.583379
25900 -1.29583 0 0.626031
25950 -1.25168 0 0.522615
26000 -1.32678 0 0.703974
26050 -1.30223 0 0.696668
26100 -1.34617 0 0.703008
26150 -1.34145 0 0.53696
26200 -1.37047 0 0.682063
26250 -1.33652 0 0.635214
26300 -1.41002 0 0.575092
26350 -1.38077 0 0.515106
26400 -1.31699 0 0.684295
26450 -1.2818 0 0.686713
26500 -1.30777 0 0.641459
26550 -1.29449 0 0.590833
26600 -1.23035 0 0.778134
26650 -1.24236 0 0.731336
26700 -1.24286 0 0.666916
26750 -1.23439 0 0.569493
26800 -1.18006 0 0.756185
26850 -1.10242 0 0.733714
26900 -1.10727 0 0.658598
26950 -1.02126 0 0.524071
27000 -0.868229 0 0.667262
27050 -0.892813 0 0.628752
27100 -1.00807 0 0.469198
27150 -1.03768 0 0.315034
27200 -0.879998 0 0.37774
27250 -0.927246 0 0.488366
27300 -0.838209 0 0.397988
27350 -1.08414 0 0.321483
27400 -0.960461 0 0.228607
27450 -0.767288 0 0.413562
27500 -0.888949 0 0.507668
27550 -0.839696 0 0.44108
27600 -1.08268 0 0.301006
27650 -0.942891 0 0.200581
27700 -0.82065 0 0.285817
27750 -0.85435 0 0.28813
27800 -0.80814 0 0.333979
27850 -0.932619 0 0.211671
27900 -0.694595 0 0.184901
27950 -0.556951 0 0.305523
28000 -0.518679 0 0.39716
28050 -0.516327 0 0.245112
28100 -0.637423 0 0.0669221
28150 -0.296368 0 0.0533225
28200 -0.0838273 0 0.130542
28250 0.285116 0 -0.458084
28300 -0.233811 0 -0.10765
28350 -0.0117837 0 -0.149697
28400 -0.0475113 0 -0.0918615
28450 -0.0258366 0 -0.0740063
28500 -0.0274303 0 -0.0553751
28550 -0.0119615 0 -0.0327981
28600 -0.0209641 0 -0.0190949
28650 -0.0212296 0 -0.0049254
28700 -0.0209478 0 0.0102505
28750 -0.0219704 0 0.0133004
28800 -0.015842 0 0.0218085
28850 -0.00937886 0 0.0165082
28900 -0.00756164 0 0.0143594
28950 -0.00384083 0 0.00840127
29000 -0.00384356 0 0.00379371
29050 -0.00366745 0 0.0126721
29100 -0.00608482 0 0.012123
29150 -0.00947568 0 0.0174592
29200 -0.0095176 0 0.0198905
29250 -0.0134502 0 0.022682
29300 -0.0245337 0 0.0420127
29350 -0.0202017 0 0.0456375
29400 -0.027768 0 0.0584617
29450 0.0256524 0 -0.0486573
