# Created at Wed Sep 27 16:49:53 CDT 2017
1836629131909011 1
1836629961529372 2
1836630573895095 3
1836631225720046 4
1836631778759597 5
1836632470104812 6
1836632924419997 7
1836633635510085 8
1836634168835281 9
1836634820660232 10
1836635413235844 11
1836636045315922 12
1836636499631108 13
1836637032956303 14
1836637507016361 15
1836638040341557 16
1836638534177006 17
1836639087277592 18
1836639561337650 19
1836640114377201 20
1836640588467777 21
1836641121762455 22
1836641595822514 23
1836642129147709 24
1836642603207768 25
1836643156308354 26
1836643610593022 27
1836644163663090 28
1836644637723149 29
1836645210621810 30
1836645664936996 31
1836646237782455 32
1836646731556869 33
1836647284626937 34
1836647778462386 35
1836648311787582 36
1836648825337386 37
1836649378437972 38
1836649832753158 39
1836650385792709 40
1836650899403548 41
1836651472279525 42
1836651985798812 43
1836652538838363 44
1836653072194076 45
1836653625294662 46
1836654099324203 47
1836654652424789 48
1836655185728375 49
1836655699308698 50
1836656193144147 51
1836656726499860 52
1836657200498883 53
1836657773313825 54
1836658286924664 55
1836658859739606 56
1836659353544537 57
1836659906706159 58
1836660400450055 59
1836660973295514 60
1836661486875836 61
1836662059690778 62
1836662553556744 63
1836663126371686 64
1836663620146100 65
1836664212797467 66
1836664726347272 67
1836665299129820 68
1836665812710142 69
1836666346035337 70
1836666839901304 71
1836667432430601 72
1836667906490660 73
1836668459621763 74
1836668933651304 75
1836669466976499 76
1836669980556822 77
1836670533657408 78
1836671027431822 79
1836671600307798 80
1836672074398374 81
1836672666927671 82
1836673180538511 83
1836673773159361 84
1836674306393003 85
1836674938531399 86
1836675728600979 87
1836678395226955 88
1836679007623195 89
1836679481652736 90
1836680014977932 91
1836680469323635 92
1836681002618313 93
1836681476678371 94
1836681990319729 95
1836682464349270 96
1836682958154201 97
1836683432183742 98
1836683926080227 99
1836684340905666 100
1836684854443224 101
1836685328472765 102
1836685842022570 103
1836686316113146 104
1836686869213732 105
1836687323528917 106
1836687876568468 107
1836688370403917 108
1836688923473986 109
1836689417278917 110
1836689970379503 111
1836690404949816 112
1836690957989366 113
1836691412365587 114
1836691945660265 115
1836692419720323 116
1836692972851427 117
1836693427105577 118
1836693960430773 119
1836694434521349 120
1836694967847119 121
1836695402417432 122
1836695935742627 123
1836696390088330 124
1836696982617627 125
1836697555493603 126
1836697930768262 127
1836698720929395 128
1836699254224072 129
1836699767804395 130
1836700320874463 131
1836700834454785 132
1836701387555371 133
1836701881329785 134
1836702454144727 135
1836702967755566 136
1836703619580518 137
