# Created at Wed Mar 07 14:22:29 CST 2018
2152650587596312 1
2152651081370726 2
2152651693644896 3
2152652187449828 4
2152652760234251 5
2152653234263792 6
2152653826793089 7
2152654340312376 8
2152654913096800 9
2152655367381468 10
2152655959880248 11
2152656433970824 12
2152657006724730 13
2152657500468626 14
2152658053512851 15
2152658527572910 16
2152659100326816 17
2152659594101230 18
2152660147140781 19
2152660660690586 20
2152661213730136 21
2152661727249423 22
2152662280258457 23
2152662774063388 24
2152663307358066 25
2152663801132480 26
2152664354141513 27
2152664847946445 28
2152665400985996 29
2152665894760410 30
2152666447769443 31
2152666961319248 32
2152667494583408 33
2152668008168774 34
2152668541402417 35
2152669035207348 36
2152669568471508 37
2152670062306958 38
2152670615315991 39
2152671109120923 40
2152671662129956 41
2152672155904370 42
2152672728688794 43
2152673242238598 44
2152673795247632 45
2152674269277173 46
2152674802571850 47
2152675296346264 48
2152675849385815 49
2152676362966137 50
2152676876454907 51
2152677390065747 52
2152677962858032 53
2152678456571411 54
2152679068906616 55
2152679523160766 56
2152680174955200 57
2152680649015258 58
2152681300809692 59
2152681774839233 60
2152682426572631 61
2152682880887817 62
2152683493192504 63
2152683947446655 64
2152684559781860 65
2152685073301147 66
2152685626371215 67
2152686159635375 68
2152686712644409 69
2152687226224731 70
2152687700228855 71
2152688174227878 72
2152688430972263 73
2152689497592136 74
2152689912356540 75
2152690682650730 76
2152691136935398 77
2152691709780857 78
2152692223239109 79
2152692736819431 80
2152693230624363 81
2152693783633396 82
2152694297213718 83
2152694869967624 84
2152695363772556 85
2152695916781589 86
2152696390841648 87
2152696924105808 88
2152697417910740 89
2152697990731403 90
2152698445016071 91
2152699017831013 92
2152699511574909 93
2152700044930622 94
2152700538674519 95
2152701111458942 96
2152701624978230 97
2152702158303425 98
2152702652108357 99
2152703185372517 100
2152703698922321 101
2152704251961872 102
2152704745736286 103
2152705279061482 104
2152705772835896 105
2152706325875446 106
2152706819710896 107
2152707392495319 108
2152707886262858 109
2152708419557535 110
2152708893556559 111
2152709446596109 112
2152709900880777 113
2152710453950846 114
2152710947725260 115
2152711481019938 116
2152711974794352 117
2152712547609293 118
2152713041414225 119
2152713594423258 120
2152714088228190 121
2152714621522867 122
2152715115327799 123
2152715648591959 124
2152716142396891 125
2152716675691568 126
2152717149751627 127
2152717722550281 128
2152718216294178 129
2152718749588856 130
2152719243393787 131
2152719855698475 132
2152720310013660 133
2152720803757557 134
2152721337052235 135
2152721929642567 136
2152722581437000 137
2152723371506580 138
2152723865250477 139
2152725149094471 140
2152725741654285 141
2152726551499256 142
2152726808213123 143
2152731015384455 144
2152731509158869 145
2152732062198420 146
2152732555972834 147
2152733089298029 148
2152733583102961 149
2152734096591731 150
2152734570651789 151
2152735183017512 152
2152735676730891 153
2152736229800959 154
2152736723605891 155
2152737276614924 156
2152737770399161 157
2152738323530264 158
2152738797590323 159
2152739350568839 160
2152739844343253 161
2152740397382804 162
2152740910932608 163
2152741464002677 164
2152741938032218 165
2152742510816641 166
2152743004621573 167
2152743557661124 168
2152744051466055 169
2152744584791251 170
2152745078626700 171
2152745651350089 172
2152746164899893 173
2152746698225089 174
2152747172285147 175
2152747725315794 176
2152748219151244 177
2152748752415404 178
2152749226475462 179
2152749779484496 180
2152750253605589 181
2152750806584105 182
2152751300358519 183
2152751813969359 184
2152752287968382 185
2152752821293578 186
2152753315098509 187
2152753848393187 188
2152754322422728 189
2152754915013060 190
2152755408756957 191
2152755961796507 192
2152756435826048 193
2152757028385863 194
2152757561686888 195
2152758134501830 196
2152758648021117 197
2152759201091185 198
2152759714640990 199
2152767240062132 200
2152767852373193 201
2152768326463769 202
2152768938737939 203
2152769432573388 204
2152769965837548 205
2152770459642480 206
2152771032426904 207
2152771506456445 208
2152772079271386 209
2152772592821191 210
2152773145921777 211
2152773619920800 212
2152774192735742 213
2152774686601708 214
2152775259325097 215
2152775753130029 216
2152776325944970 217
2152776819749902 218
2152777432055301 219
2152778044390506 220
2152778538134403 221
2152779031939334 222
2152779604784793 223
2152780315844364 224
2152784285967655 225
2152785550066776 226
2152787979571209 227
2152788690630780 228
2152789223925457 229
2152789776965008 230
2152790270769940 231
2152790863360272 232
2152791357165204 233
2152792048479901 234
2152792404009686 235
2152793075548993 236
2152793470599041 237
2152794675494061 238
2152795761858807 239
2152796887682782 240
2152797480248055 241
2152797993797860 242
2152798586357674 243
2152799060417733 244
2152799692497811 245
2152800107231698 246
2152800601067147 247
2152801134361825 248
2152801588677010 249
2152801944237313 250
2152802576286873 251
2152803168816170 252
2152803682396493 253
2152804195946297 254
2152804709465584 255
2152805361351571 256
2152806032890877 257
2152806585930428 258
2152807158714852 259
2152807573540291 260
2152808205601091 261
2152808679630632 262
2152809291996355 263
2152809825260515 264
2152810082035417 265
2152810398044939 266
2152810852390642 267
2152811405399675 268
2152811879490251 269
2152812373295183 270
2152812847355241 271
2152813380649919 272
2152813894169206 273
2152814466984148 274
2152814941044206 275
2152815513889665 276
2152815968204851 277
2152816501469011 278
2152816955753679 279
2152817489139909 280
2152817963108415 281
2152818496421208 282
2152818990226139 283
2152819563010563 284
2152819997550358 285
2152820669150700 286
2152821320945133 287
2152821874015202 288
