200 0.005232 0 -0.024858
250 0.000753172 0 -0.0230365
300 0.000713829 0 -0.0256011
350 0.00569695 0 -0.0228748
400 0.0041326 0 -0.0291322
450 -0.00125612 0 -0.0233495
500 0.048927 0 -0.113073
550 0.07794 0 -0.217961
600 0.0270764 0 -0.579131
650 -0.101575 0 -0.872588
700 -0.0838531 0 -0.90251
750 0.00743354 0 -1.0092
800 0.0713212 0 -1.01993
850 -0.0493398 0 -1.1126
900 -0.156483 0 -1.06629
950 0.00582436 0 -1.16877
1000 0.0168402 0 -1.11826
1050 -0.0501711 0 -1.15978
1100 -0.13815 0 -1.13446
1150 -0.0166563 0 -1.17042
1200 -0.0267484 0 -1.20686
1250 -0.0636231 0 -1.18562
1300 -0.113324 0 -1.18445
1350 -0.0856859 0 -1.20173
1400 0.00621239 0 -1.1175
1450 -0.02412 0 -1.07635
1500 -0.242197 0 -1.0712
1550 -0.106943 0 -0.938503
1600 -0.0798941 0 -1.06382
1650 0.0383304 0 -0.945453
1700 -0.0812214 0 -0.992914
1750 -0.0674277 0 -0.923701
1800 0.0712504 0 -1.12912
1850 0.0139269 0 -1.1185
1900 -0.0253322 0 -1.14882
1950 -0.136419 0 -1.09212
2000 -0.0203647 0 -1.15417
2050 -0.0132978 0 -1.11327
2100 -0.00280212 0 -1.13042
2150 -0.0351389 0 -1.11877
2200 0.0869766 0 -1.11472
2250 0.0976721 0 -1.18058
2300 0.00524999 0 -1.08305
2350 -0.0509578 0 -1.08458
2400 0.0326249 0 -0.98837
2450 0.349192 0 -0.934598
2500 0.314129 0 -0.872663
2550 0.0979163 0 -0.9786
2600 0.204293 0 -0.787879
2650 0.392927 0 -0.804399
2700 0.481786 0 -0.772239
2750 0.230617 0 -0.880713
2800 0.103855 0 -1.01392
2850 0.201089 0 -0.925896
2900 0.449938 0 -0.808512
2950 0.326945 0 -0.897052
3000 0.238659 0 -0.999751
3050 0.107805 0 -0.871624
3100 0.257095 0 -0.933294
3150 0.372934 0 -0.855925
3200 0.145707 0 -0.981246
3250 0.230579 0 -0.901702
3300 0.263444 0 -0.932169
3350 0.324813 0 -0.903432
3400 0.269107 0 -0.941022
3450 -0.043394 0 -1.09624
3500 0.0667212 0 -1.05468
3550 -0.0101905 0 -1.10904
3600 -0.00532954 0 -1.05895
3650 -0.197642 0 -1.0079
3700 -0.105486 0 -0.879542
3750 0.0161726 0 -0.918
3800 -0.10847 0 -0.961438
3850 -0.104714 0 -0.986617
3900 -0.35538 0 -0.976635
3950 -0.186323 0 -1.00606
4000 -0.0810855 0 -0.993312
4050 -0.0906573 0 -1.02493
4100 -0.209818 0 -0.942283
4150 -0.290417 0 -0.767531
4200 -0.150513 0 -0.891435
4250 -0.0951545 0 -0.864677
4300 -0.137882 0 -1.01812
4350 -0.348898 0 -0.922424
4400 -0.293858 0 -0.932851
4450 -0.135504 0 -1.01169
4500 -0.0619706 0 -0.887585
4550 -0.094059 0 -1.00718
4600 -0.225296 0 -0.995255
4650 -0.0527354 0 -1.04897
4700 -0.0379816 0 -1.01783
4750 0.0211994 0 -1.03906
4800 -0.145778 0 -1.02201
4850 0.0641442 0 -1.03859
4900 0.208249 0 -1.04673
4950 0.176932 0 -1.04414
5000 0.000435623 0 -1.01908
5050 0.0304924 0 -0.951129
5100 0.111679 0 -1.06885
5150 0.114124 0 -1.0349
5200 0.00178158 0 -1.06046
5250 -0.0213079 0 -0.912329
5300 0.205971 0 -0.899489
5350 0.165421 0 -1.00203
5400 0.0750031 0 -1.08238
5450 -0.0403916 0 -1.10921
5500 0.0175151 0 -1.01432
5550 0.092145 0 -1.08547
5600 0.107041 0 -1.08833
5650 0.049221 0 -1.07955
5700 0.0334267 0 -1.00543
5750 0.00827394 0 -1.13466
5800 0.0566342 0 -1.06402
5850 -0.00413754 0 -1.07769
5900 -0.114759 0 -0.949609
5950 0.251806 0 -0.862632
6000 0.61442 0 -0.756475
6050 0.276189 0 -0.926102
6100 0.203538 0 -0.847394
6150 0.2315 0 -0.745698
6200 0.494124 0 -0.79592
6250 0.392882 0 -0.770244
6300 0.194939 0 -0.974037
6350 0.0382152 0 -0.966478
6400 0.183846 0 -0.954158
6450 0.428006 0 -0.856634
6500 0.297258 0 -0.792618
6550 0.246691 0 -0.911735
6600 0.134215 0 -0.870637
6650 0.15483 0 -1.03169
6700 0.0840432 0 -0.988609
6750 -0.15188 0 -1.09609
6800 -0.188735 0 -1.06888
6850 -0.0163562 0 -1.12553
6900 -0.120955 0 -1.13053
6950 -0.0769897 0 -1.06878
7000 -0.210438 0 -1.09465
7050 -0.087422 0 -1.07922
7100 -0.0592791 0 -1.17936
7150 -0.00797031 0 -1.12428
7200 -0.131144 0 -1.16755
7250 -0.0799629 0 -1.07881
7300 -0.0453322 0 -1.15201
7350 -0.0157769 0 -1.17715
7400 -0.141793 0 -1.18129
7450 -0.0965419 0 -1.11709
7500 0.00945376 0 -1.16419
7550 -0.0594474 0 -1.16153
7600 -0.0797786 0 -1.10083
7650 -0.289162 0 -1.00235
7700 -0.0607443 0 -0.961335
7750 -0.127354 0 -0.973771
7800 -0.144976 0 -1.00988
7850 -0.290836 0 -0.985863
7900 -0.412947 0 -0.929761
7950 -0.153378 0 -0.992979
8000 -0.137929 0 -0.969329
8050 -0.218988 0 -1.00402
8100 -0.509007 0 -0.909578
8150 -0.249049 0 -0.858335
8200 -0.140902 0 -0.88823
8250 -0.0773648 0 -0.878362
8300 -0.183863 0 -1.06005
8350 -0.192586 0 -1.06838
8400 -0.0490236 0 -1.16338
8450 0.0610194 0 -1.13045
8500 -0.0549412 0 -1.20431
8550 -0.101439 0 -1.13216
8600 0.00219061 0 -1.14292
8650 0.0608636 0 -1.15854
8700 -0.0176253 0 -1.20605
8750 -0.134663 0 -1.23779
8800 -0.0477159 0 -1.09922
8850 0.00848633 0 -1.19269
8900 -0.0195967 0 -1.1166
8950 -0.0510332 0 -1.11885
9000 -0.016273 0 -1.09245
9050 0.00501885 0 -1.2199
9100 0.0972875 0 -1.15892
9150 -0.0871243 0 -1.19033
9200 -0.147157 0 -1.12654
9250 0.0267197 0 -1.14392
9300 0.0303564 0 -1.19744
9350 0.000329282 0 -1.16208
9400 -0.0344058 0 -1.07062
9450 0.0356692 0 -1.01078
9500 0.150944 0 -0.786447
9550 0.101317 0 -0.640746
9600 -0.0563097 0 -0.37722
9650 0.0395073 0 -0.157426
9700 0.0350122 0 -0.194832
9750 0.0927484 0 -0.109335
9800 0.0771246 0 -0.090934
9850 0.042064 0 -0.0527274
9900 0.0333485 0 -0.0648401
9950 0.0276444 0 -0.045672
10000 0.0149439 0 -0.0419473
10050 -0.000858425 0 -0.0383125
10100 0.00264671 0 -0.0502351
10150 0.00892694 0 -0.0489792
10200 0.00286645 0 -0.0369722
10250 0.00508914 0 -0.0332081
10300 3.99283e-05 0 -0.0328574
10350 -0.00325362 0 -0.021775
10400 0.000845928 0 -0.0240118
10450 -0.00039208 0 -0.0296898
10500 0.00223936 0 -0.0374873
10550 -0.000313078 0 -0.0238793
10600 -0.00412953 0 -0.0149472
10650 -0.00454027 0 -0.0147341
10700 0.0118236 0 -0.0377411
10750 0.0802572 0 -0.153365
10800 0.0207616 0 -0.412227
10850 -0.0978085 0 -0.792274
10900 -0.183884 0 -0.998793
10950 -0.0901164 0 -1.0395
11000 -0.0279861 0 -1.04175
11050 -0.00668873 0 -1.13311
11100 -0.200212 0 -1.15162
11150 -0.0333733 0 -1.08329
11200 -0.125299 0 -1.18537
11250 -0.0485182 0 -1.09827
11300 -0.0969504 0 -1.15347
11350 -0.121027 0 -1.0901
11400 0.0406572 0 -1.205
11450 0.049912 0 -1.1774
11500 -0.135109 0 -1.20485
11550 -0.0773395 0 -1.12961
11600 0.00334348 0 -1.20109
11650 -0.0641245 0 -1.18139
11700 -0.0230184 0 -1.15141
11750 -0.148017 0 -1.1271
11800 -0.0603738 0 -1.20985
11850 0.0437257 0 -1.20358
11900 -0.0512298 0 -1.18527
11950 -0.243498 0 -1.12939
12000 -0.0707911 0 -1.18802
12050 -0.130534 0 -1.17791
12100 -0.0853113 0 -1.11599
12150 -0.204826 0 -1.17463
12200 0.00967934 0 -1.04593
12250 0.0206822 0 -1.20717
12300 0.100923 0 -1.0915
12350 -0.109951 0 -1.15446
12400 -0.128609 0 -1.07407
12450 0.032686 0 -1.17019
12500 0.0560048 0 -1.13799
12550 -0.0457549 0 -1.17512
12600 -0.045131 0 -1.08697
12650 0.0685943 0 -1.17282
12700 -0.0615019 0 -1.1338
12750 -0.0782887 0 -1.18656
12800 -0.105282 0 -1.12226
12850 -0.039945 0 -1.21245
12900 0.0246093 0 -1.20055
12950 -0.0657992 0 -1.21294
13000 -0.164895 0 -1.1971
13050 -0.006115 0 -1.09087
13100 0.0115062 0 -1.17956
13150 -0.0508414 0 -1.19762
13200 -0.134256 0 -1.21217
13250 -0.0997647 0 -1.18953
13300 -0.0248543 0 -1.18328
13350 -0.035878 0 -1.22803
13400 -0.0947636 0 -1.19305
13450 0.0266821 0 -1.12946
13500 0.0317896 0 -1.1789
13550 0.0503367 0 -1.13715
13600 0.00225923 0 -1.14728
13650 -0.0489838 0 -1.06438
13700 0.0314377 0 -1.12378
13750 0.0364795 0 -1.20452
13800 -0.0372286 0 -1.15212
13850 -0.127888 0 -1.11293
13900 0.0240611 0 -1.05583
13950 0.00119026 0 -1.14863
14000 0.0527561 0 -1.0475
14050 -0.127713 0 -0.999204
14100 -0.177165 0 -0.92632
14150 -0.00606938 0 -0.771811
14200 0.0515125 0 -0.615737
14250 -0.0453025 0 -0.467752
14300 0.0314984 0 -0.064737
14350 -0.0376462 0 -0.0438873
14400 -0.00266243 0 -0.0657239
14450 0.0306672 0 -0.0789739
14500 0.0134329 0 -0.0675952
14550 0.0153501 0 -0.0646949
14600 0.00186069 0 -0.0647595
14650 -0.00548769 0 -0.0295363
14700 -0.00102769 0 -0.0302174
14750 -0.00581554 0 -0.0223489
14800 0.00645666 0 0.00107454
14850 -0.000828602 0 0.00780371
14900 -0.00360619 0 0.00587838
14950 0.000872282 0 0.00184459
15000 -0.0114852 0 -0.0101553
15050 0.00119716 0 -0.0232025
15100 0.00182198 0 -0.0357733
15150 -0.00555579 0 -0.0347337
15200 -0.00759139 0 -0.0177945
15250 -0.00681442 0 -0.0268035
15300 -0.00582966 0 -0.0235814
