200 0 0 -0.00731326
250 0 0 -0.00230517
300 0 0 -0.0079015
350 0 0 -0.0683116
400 0 0 -0.0317943
450 0 0 -0.114998
500 0 0 -0.14751
550 0 0 -0.310415
600 0 0 -0.755383
650 0 0 -0.975662
700 0 0 -1.02063
750 0 0 -1.48122
800 0 0 -1.65837
850 0 0 -1.61153
900 0 0 -1.60528
950 0 0 -1.22769
1000 0 0 -1.37724
1050 0 0 -1.31747
1100 0 0 -1.19604
1150 0 0 -1.2949
1200 0 0 -1.27771
1250 0 0 -1.52961
1300 0 0 -1.29991
1350 0 0 -1.38344
1400 0 0 -1.25661
1450 0 0 -1.2899
1500 0 0 -1.35078
1550 0 0 -1.23524
1600 0 0 -1.3152
1650 0 0 -1.20388
1700 0 0 -1.31539
1750 0 0 -1.09481
1800 0 0 -1.19227
1850 0 0 -1.30665
1900 0 0 -1.35757
1950 0 0 -1.34488
2000 0 0 -1.39307
2050 0 0 -1.27276
2100 0 0 -1.32496
2150 0 0 -1.09669
2200 0 0 -1.44328
2250 0 0 -1.59965
2300 0 0 -1.50168
2350 0 0 -1.35532
2400 0 0 -1.50958
2450 0 0 -1.4831
2500 0 0 -1.48258
2550 0 0 -1.45253
2600 0 0 -1.39406
2650 0 0 -1.25067
2700 0 0 -1.32622
2750 0 0 -1.50378
2800 0 0 -1.51692
2850 0 0 -1.37017
2900 0 0 -1.36863
2950 0 0 -1.33444
3000 0 0 -1.30067
3050 0 0 -1.19817
3100 0 0 -1.4028
3150 0 0 -1.39897
3200 0 0 -1.1489
3250 0 0 -1.19915
3300 0 0 -1.22959
3350 0 0 -1.39571
3400 0 0 -1.52134
3450 0 0 -1.44903
3500 0 0 -1.41348
3550 0 0 -1.49983
3600 0 0 -1.47842
3650 0 0 -1.35658
3700 0 0 -1.26598
3750 0 0 -1.22609
3800 0 0 -1.1474
3850 0 0 -1.21961
3900 0 0 -1.10947
3950 0 0 -1.35905
4000 0 0 -1.19523
4050 0 0 -1.44942
4100 0 0 -1.18725
4150 0 0 -1.39743
4200 0 0 -1.37241
4250 0 0 -1.41124
4300 0 0 -1.24826
4350 0 0 -1.39469
4400 0 0 -1.3957
4450 0 0 -1.37718
4500 0 0 -1.20271
4550 0 0 -1.21743
4600 0 0 -1.30589
4650 0 0 -1.32424
4700 0 0 -1.32092
4750 0 0 -1.28249
4800 0 0 -1.22394
4850 0 0 -1.35016
4900 0 0 -1.39668
4950 0 0 -1.33082
5000 0 0 -1.16599
5050 0 0 -0.935613
5100 0 0 -1.06404
5150 0 0 -0.982083
5200 0 0 -1.32376
5250 0 0 -1.10769
5300 0 0 -1.37238
5350 0 0 -1.28521
5400 0 0 -1.39213
5450 0 0 -1.208
5500 0 0 -1.36543
5550 0 0 -1.3005
5600 0 0 -1.32482
5650 0 0 -1.22129
5700 0 0 -1.24721
5750 0 0 -1.32579
5800 0 0 -1.48381
5850 0 0 -1.45075
5900 0 0 -1.42669
5950 0 0 -1.29808
6000 0 0 -1.35278
6050 0 0 -1.48067
6100 0 0 -1.39188
6150 0 0 -1.36754
6200 0 0 -1.36164
6250 0 0 -1.44991
6300 0 0 -1.30547
6350 0 0 -1.30993
6400 0 0 -1.26849
6450 0 0 -1.17566
6500 0 0 -1.09217
6550 0 0 -1.24646
6600 0 0 -1.1733
6650 0 0 -1.39259
6700 0 0 -1.26995
6750 0 0 -1.26157
6800 0 0 -1.12593
6850 0 0 -1.40731
6900 0 0 -1.28343
6950 0 0 -1.33448
7000 0 0 -1.23577
7050 0 0 -1.26159
7100 0 0 -1.10325
7150 0 0 -1.25778
7200 0 0 -1.18234
7250 0 0 -1.19461
7300 0 0 -0.882508
7350 0 0 -1.00102
7400 0 0 -0.791267
7450 0 0 -0.627359
7500 0 0 -0.773599
7550 0 0 -0.568764
7600 0 0 -0.418935
7650 0 0 -0.404265
7700 0 0 -0.30076
7750 0 0 -0.178275
7800 0 0 -0.146119
7850 0 0 -0.081669
7900 0 0 -0.284271
7950 0 0 -0.151459
8000 0 0 -0.243665
8050 0 0 -0.082621
8100 0 0 -0.0945192
8150 0 0 -0.21586
8200 0 0 -0.489977
8250 0 0 -0.726011
8300 0 0 -0.742927
8350 0 0 -0.806718
8400 0 0 -0.502695
8450 0 0 -0.549677
8500 0 0 -1.26742
8550 0 0 -1.28537
8600 0 0 -1.28489
8650 0 0 -1.30739
8700 0 0 -1.19487
8750 0 0 -1.20185
8800 0 0 -1.15901
8850 0 0 -1.07758
8900 0 0 -1.16878
8950 0 0 -1.25721
9000 0 0 -1.24575
9050 0 0 -1.16587
9100 0 0 -1.11807
9150 0 0 -1.28609
9200 0 0 -1.14066
9250 0 0 -0.980146
9300 0 0 -0.898671
9350 0 0 -0.901425
9400 0 0 -1.08165
9450 0 0 -1.09575
9500 0 0 -0.988938
9550 0 0 -0.962652
9600 0 0 -0.861725
9650 0 0 -0.655965
9700 0 0 -0.671381
9750 0 0 -0.687417
9800 0 0 -0.594572
9850 0 0 -0.572535
9900 0 0 -0.470741
9950 0 0 -0.547075
10000 0 0 -0.569209
10050 0 0 -0.532015
10100 0 0 -0.431494
10150 0 0 -0.170635
10200 0 0 -0.453271
10250 0 0 -0.064985
10300 0 0 -0.524616
10350 0 0 -0.481094
10400 0 0 -0.633197
10450 0 0 -0.761065
10500 0 0 -0.563479
10550 0 0 -0.668097
10600 0 0 -0.62043
10650 0 0 -0.76389
10700 0 0 -0.55964
10750 0 0 -0.807252
10800 0 0 -0.87648
10850 0 0 -0.960762
10900 0 0 -1.06516
10950 0 0 -1.03935
11000 0 0 -1.08964
11050 0 0 -0.971219
11100 0 0 -1.10636
11150 0 0 -0.928837
11200 0 0 -0.987345
11250 0 0 -0.991859
11300 0 0 -1.0972
11350 0 0 -1.05078
11400 0 0 -0.983353
11450 0 0 -1.02905
11500 0 0 -1.04135
11550 0 0 -1.09855
11600 0 0 -0.802457
11650 0 0 -0.811774
11700 0 0 -0.660355
11750 0 0 -0.648712
11800 0 0 -0.574332
11850 0 0 -0.665794
11900 0 0 -0.548692
11950 0 0 -0.679502
12000 0 0 -1.08246
12050 0 0 -1.07267
12100 0 0 -1.37143
12150 0 0 -1.4219
12200 0 0 -1.20499
12250 0 0 -1.47933
12300 0 0 -1.4082
12350 0 0 -1.4726
12400 0 0 -1.4228
12450 0 0 -1.20765
12500 0 0 -1.34031
12550 0 0 -1.21008
12600 0 0 -1.4119
12650 0 0 -1.25579
12700 0 0 -1.25408
12750 0 0 -1.25926
12800 0 0 -1.14862
12850 0 0 -1.27307
12900 0 0 -1.20659
12950 0 0 -1.3414
13000 0 0 -1.26766
13050 0 0 -1.24459
13100 0 0 -1.29387
13150 0 0 -1.24987
13200 0 0 -1.34226
13250 0 0 -1.28082
13300 0 0 -1.30136
13350 0 0 -1.29216
13400 0 0 -1.35594
13450 0 0 -1.1706
13500 0 0 -1.31103
13550 0 0 -1.25788
13600 0 0 -1.19523
13650 0 0 -1.41249
13700 0 0 -1.24197
13750 0 0 -1.45095
13800 0 0 -1.44018
13850 0 0 -1.4942
13900 0 0 -1.40359
13950 0 0 -1.23883
14000 0 0 -1.39232
14050 0 0 -1.3245
14100 0 0 -1.39811
14150 0 0 -1.13694
14200 0 0 -1.24618
14250 0 0 -1.26739
14300 0 0 -1.40666
14350 0 0 -1.20449
14400 0 0 -1.16348
14450 0 0 -1.17568
14500 0 0 -1.03714
14550 0 0 -1.28447
14600 0 0 -1.13667
14650 0 0 -1.33949
14700 0 0 -1.24857
14750 0 0 -1.44821
14800 0 0 -1.21528
14850 0 0 -1.27208
14900 0 0 -1.2637
14950 0 0 -1.27272
15000 0 0 -1.34294
15050 0 0 -1.1512
15100 0 0 -1.35654
15150 0 0 -1.18995
15200 0 0 -1.45348
15250 0 0 -1.26108
15300 0 0 -1.33654
15350 0 0 -1.24158
15400 0 0 -1.28282
15450 0 0 -1.19746
15500 0 0 -1.26916
15550 0 0 -1.4329
15600 0 0 -1.15888
15650 0 0 -1.22769
15700 0 0 -1.1945
15750 0 0 -1.16761
15800 0 0 -1.28314
15850 0 0 -1.28642
15900 0 0 -1.3585
15950 0 0 -1.20513
16000 0 0 -1.26404
16050 0 0 -1.24522
16100 0 0 -1.15178
16150 0 0 -1.18533
16200 0 0 -1.01304
16250 0 0 -1.2368
16300 0 0 -1.19468
16350 0 0 -1.36794
16400 0 0 -1.21774
16450 0 0 -1.24919
16500 0 0 -1.19252
16550 0 0 -1.10686
16600 0 0 -1.28689
16650 0 0 -1.00446
16700 0 0 -1.30728
16750 0 0 -1.13139
16800 0 0 -1.32332
16850 0 0 -1.09862
16900 0 0 -1.21324
16950 0 0 -1.27388
17000 0 0 -1.06114
17050 0 0 -1.22033
17100 0 0 -1.12803
17150 0 0 -1.03647
17200 0 0 -1.13176
17250 0 0 -1.16431
17300 0 0 -1.46371
17350 0 0 -1.09112
17400 0 0 -1.1631
17450 0 0 -1.05395
17500 0 0 -1.0733
17550 0 0 -1.07978
17600 0 0 -0.973038
17650 0 0 -1.28673
17700 0 0 -1.13712
17750 0 0 -1.21981
17800 0 0 -1.15881
17850 0 0 -0.835859
17900 0 0 -1.02098
17950 0 0 -0.56993
18000 0 0 -0.921974
18050 0 0 -0.621907
18100 0 0 -0.763847
18150 0 0 -0.788249
18200 0 0 -0.710455
18250 0 0 -1.0137
18300 0 0 -0.787744
18350 0 0 -1.00091
18400 0 0 -1.05063
18450 0 0 -0.990945
18500 0 0 -1.08245
18550 0 0 -1.1594
18600 0 0 -1.29815
18650 0 0 -1.1484
18700 0 0 -1.10447
18750 0 0 -1.24961
18800 0 0 -1.21094
18850 0 0 -1.3653
18900 0 0 -1.3572
18950 0 0 -1.38104
19000 0 0 -1.12539
19050 0 0 -1.06639
19100 0 0 -1.26424
19150 0 0 -1.11716
19200 0 0 -1.51428
19250 0 0 -1.10046
19300 0 0 -1.11894
19350 0 0 -1.01666
19400 0 0 -0.981282
19450 0 0 -1.09421
19500 0 0 -0.919798
19550 0 0 -1.11081
19600 0 0 -1.1447
19650 0 0 -1.28764
19700 0 0 -1.19957
19750 0 0 -1.26241
19800 0 0 -1.27281
19850 0 0 -1.13396
19900 0 0 -1.32705
19950 0 0 -1.22715
20000 0 0 -1.46268
20050 0 0 -1.27887
20100 0 0 -1.34457
20150 0 0 -1.25936
20200 0 0 -1.23522
20250 0 0 -1.32122
20300 0 0 -1.23366
20350 0 0 -1.27092
20400 0 0 -0.952603
20450 0 0 -0.996932
20500 0 0 -0.966881
20550 0 0 -1.01797
20600 0 0 -1.05633
20650 0 0 -1.03801
20700 0 0 -1.05164
20750 0 0 -1.07467
20800 0 0 -1.15236
20850 0 0 -1.00913
20900 0 0 -1.04252
20950 0 0 -1.1454
21000 0 0 -0.905645
21050 0 0 -1.17058
21100 0 0 -0.970449
21150 0 0 -1.10128
21200 0 0 -1.02959
21250 0 0 -1.16445
21300 0 0 -1.16391
21350 0 0 -0.968156
21400 0 0 -1.11299
21450 0 0 -0.996641
21500 0 0 -1.21776
21550 0 0 -1.0085
21600 0 0 -1.14182
21650 0 0 -1.11198
21700 0 0 -1.27259
21750 0 0 -1.20513
21800 0 0 -1.1571
21850 0 0 -1.21319
21900 0 0 -1.17087
21950 0 0 -1.26613
22000 0 0 -1.10804
22050 0 0 -1.28654
22100 0 0 -1.21084
22150 0 0 -1.41525
22200 0 0 -1.33627
22250 0 0 -1.24395
22300 0 0 -1.20151
22350 0 0 -1.1805
22400 0 0 -1.23984
22450 0 0 -1.07118
22500 0 0 -1.20229
22550 0 0 -1.19995
22600 0 0 -1.22254
22650 0 0 -1.39005
22700 0 0 -1.17258
22750 0 0 -1.36667
22800 0 0 -1.30645
22850 0 0 -1.36888
22900 0 0 -1.22988
22950 0 0 -1.23824
23000 0 0 -1.29497
23050 0 0 -1.29546
23100 0 0 -1.33114
23150 0 0 -1.12339
23200 0 0 -1.17939
23250 0 0 -1.03177
23300 0 0 -1.40467
23350 0 0 -1.15287
23400 0 0 -1.18503
23450 0 0 -1.20664
23500 0 0 -1.32393
23550 0 0 -1.21531
23600 0 0 -1.28521
23650 0 0 -1.35284
23700 0 0 -1.17518
23750 0 0 -1.3419
23800 0 0 -1.24816
23850 0 0 -1.27113
23900 0 0 -1.10274
23950 0 0 -1.38703
24000 0 0 -1.22477
24050 0 0 -1.38471
24100 0 0 -1.19597
24150 0 0 -1.34574
24200 0 0 -1.02215
24250 0 0 -1.02827
24300 0 0 -1.2603
24350 0 0 -1.43231
24400 0 0 -1.55016
24450 0 0 -1.48248
24500 0 0 -1.16676
24550 0 0 -1.20113
24600 0 0 -1.1897
24650 0 0 -1.44021
24700 0 0 -1.30474
24750 0 0 -1.40227
24800 0 0 -1.267
24850 0 0 -1.35949
24900 0 0 -1.33168
24950 0 0 -1.29064
25000 0 0 -1.18522
25050 0 0 -1.32743
25100 0 0 -1.33086
25150 0 0 -1.35407
25200 0 0 -1.11871
25250 0 0 -1.19569
25300 0 0 -1.19199
25350 0 0 -1.30089
25400 0 0 -1.17627
25450 0 0 -1.05586
25500 0 0 -1.36934
25550 0 0 -1.59044
25600 0 0 -1.35896
25650 0 0 -1.48978
25700 0 0 -1.31874
25750 0 0 -1.65147
25800 0 0 -1.54539
25850 0 0 -1.58971
25900 0 0 -1.31503
25950 0 0 -1.43991
26000 0 0 -1.33071
26050 0 0 -1.47501
26100 0 0 -1.3199
26150 0 0 -1.30015
26200 0 0 -1.19867
26250 0 0 -1.06606
26300 0 0 -0.935758
26350 0 0 -0.673491
26400 0 0 -0.560799
26450 0 0 -0.200274
26500 0 0 -0.0915266
26550 0 0 -0.20848
26600 0 0 -0.261769
26650 0 0 -0.316524
26700 0 0 -0.415285
26750 0 0 -0.21206
