# Created at Fri Mar 09 11:34:28 CST 2018
2315368929142574 1
2315369442692379 2
2315369995762447 3
2315370509312252 4
2315371121647457 5
2315371635258296 6
2315372188302368 7
2315372741372437 8
2315373314217896 9
2315373847604126 10
2315374400613159 11
2315374973489136 12
2315375585763306 13
2315376119119019 14
2315376731423706 15
2315377304269165 16
2315377857369751 17
2315378410439819 18
2315378963540405 19
2315379536324829 20
2315380148660034 21
2315380642526001 22
2315381215401978 23
2315381748635620 24
2315382301749747 25
2315382854819816 26
2315383407889884 27
2315383980796378 28
2315384494285148 29
2315385086875480 30
2315385620200675 31
2315386212882560 32
2315386825187247 33
2315387358481925 34
2315387990562003 35
2315388523887198 36
2315389116538566 37
2315389649802726 38
2315390183158439 39
2315390676963370 40
2315391190604728 41
2315391723868888 42
2315392237426250 43
2315392770781963 44
2315393284331768 45
2315393837401836 46
2315394351073711 47
2315394884337871 48
2315395457183330 49
2315395950957744 50
2315396484313457 51
2315396978179424 52
2315397531218975 53
2315398044829814 54
2315398597899883 55
2315399091765850 56
2315399644835918 57
2315400178130596 58
2315400691710918 59
2315401185607402 60
2315401738616436 61
2315402271977470 62
2315402825047539 63
2315403318882988 64
2315403891758965 65
2315404405339287 66
2315404918950127 67
2315405491704033 68
2315406005345390 69
2315406558415459 70
2315407111516045 71
2315407644810722 72
2315408197941826 73
2315408691777275 74
2315409402867363 75
2315413175743394 76
2315413807792955 77
2315414538688951 78
2315415131279283 79
2315415763389878 80
2315416415214830 81
2315417067070298 82
2315417699180894 83
2315420938743882 84
2315421531364732 85
2315422163422378 86
2315422755982193 87
2315423388092788 88
2315424000458511 89
2315424691834243 90
2315425916535171 91
2315426509156021 92
2315427101685318 93
2315427714051040 94
2315428425171646 95
2315428958496841 96
2315429610352310 97
2315430183197769 98
2315430835053237 99
2315431407898696 100
2315432039997365 101
2315438716633107 102
2315439882099415 103
2315440494465138 104
2315441087024952 105
2315441699451710 106
2315442252493605 107
2315442884573683 108
2315443417898878 109
2315444030295118 110
2315444583334669 111
2315445175955519 112
2315445748862013 113
2315446341421827 114
2315446874747023 115
2315447546377882 116
2315448079672560 117
2315448711844191 118
2315449264944777 119
2315449896994337 120
2315450430380568 121
2315450983511671 122
2315451536551222 123
2315452148897247 124
2315452701997833 125
2315453274873809 126
2315453788454132 127
2315454381013946 128
2315454993379669 129
2315455585970001 130
2315456099641876 131
2315456652711944 132
2315457166261749 133
2315457719392852 134
2315458272462921 135
2315458845277862 136
2315459378664093 137
2315459991029815 138
2315460465089874 139
2315461037904815 140
2315461571260528 141
2315462124405720 142
2315462677475788 143
2315463230576374 144
2315463744126179 145
2315464277512409 146
2315464791123249 147
2315465324448444 148
2315465837998249 149
2315466391129352 150
2315466904709675 151
2315467477555134 152
2315468010910847 153
2315468564041950 154
2315469097336628 155
2315469670212604 156
2315470183792927 157
2315470717148640 158
2315471289994099 159
2315471823380329 160
2315472336952776 161
2315472909767718 162
2315473443123431 163
2315473976479143 164
2315474470314593 165
2315475043129534 166
2315475556740374 167
2315476090096087 168
2315476603706927 169
2315477156776995 170
2315477670357317 171
2315478262978167 172
2315478875313372 173
2315479191383929 174
2315481186531634 175
2315481739662737 176
2315482233481555 177
2315482766806750 178
2315483300131946 179
2315483793967395 180
2315484307547717 181
2315484821189074 182
2315485334738879 183
2315485868125110 184
2315486381674914 185
2315487013785510 186
2315487487906604 187
2315488040976672 188
2315488673087268 189
2315489285452990 190
2315489759543567 191
2315490352133899 192
2315490865744738 193
2315491478140979 194
2315491971983640 195
2315492564543454 196
2315493078184812 197
2315493651030271 198
2315494164580075 199
2315494757200925 200
2315495310301511 201
2315495902891843 202
2315496436247556 203
2315496969633786 204
