200 0.0156829 0 -0.0451718
250 0.0727939 0 -0.0378017
300 0.0181509 0 -0.242982
350 -0.084293 0 -0.60546
400 0.00596157 0 -0.72171
450 -0.00176643 0 -0.872883
500 0.140234 0 -0.910314
550 0.06911 0 -1.12714
600 0.0825514 0 -1.15381
650 -0.00625302 0 -1.16467
700 0.0229688 0 -1.22461
750 0.0669644 0 -1.05964
800 0.0492773 0 -1.11452
850 0.179748 0 -0.987656
900 0.116775 0 -0.999965
950 0.0755312 0 -0.942573
1000 0.00927063 0 -1.00478
1050 0.0799938 0 -0.933681
1100 0.0814346 0 -0.881139
1150 0.052082 0 -0.929898
1200 0.0950858 0 -0.843756
1250 0.0478728 0 -0.885004
1300 0.0404375 0 -0.932492
1350 0.0554027 0 -0.959069
1400 0.0585283 0 -1.13068
1450 0.131006 0 -1.01648
1500 0.073298 0 -1.05219
1550 0.0479662 0 -1.26135
1600 -0.00305046 0 -1.1508
1650 0.108639 0 -1.18795
1700 0.115693 0 -1.13978
1750 0.180639 0 -1.1415
1800 -0.015315 0 -1.02757
1850 0.0262442 0 -0.969408
1900 0.0923532 0 -0.993015
1950 0.178841 0 -0.910474
2000 0.0879676 0 -0.830742
2050 -0.0260302 0 -0.748771
2100 0.00298858 0 -0.683062
2150 -0.110961 0 -0.480833
2200 -0.0161705 0 -0.440225
2250 0.082724 0 -0.379825
2300 -0.0805415 0 -0.480945
2350 -0.298427 0 -0.42886
2400 -0.346013 0 -0.310357
2450 -0.0529869 0 -0.427809
2500 0.0787716 0 -0.305101
2550 0.21219 0 -0.292067
2600 0.400398 0 -0.320365
2650 0.446265 0 -0.284948
2700 0.352807 0 -0.359785
2750 0.206123 0 -0.317582
2800 0.166563 0 -0.329571
2850 -0.00433272 0 0.0960396
2900 -0.297355 0 0.0831512
2950 -0.379897 0 0.0376719
3000 -0.156414 0 -0.350767
3050 -0.291469 0 0.165956
3100 -0.196645 0 0.112408
3150 0.072757 0 -0.24174
3200 0.185809 0 -0.267667
3250 0.129907 0 -0.191005
3300 0.0423179 0 -0.258717
3350 0.0985123 0 -0.446017
3400 0.0979685 0 -0.442667
3450 0.00737368 0 -0.761835
3500 0.116008 0 -1.0266
3550 0.208312 0 -1.04592
3600 0.159827 0 -1.14547
3650 0.193842 0 -1.39391
3700 0.114297 0 -1.63507
3750 0.222576 0 -1.65694
3800 0.258682 0 -1.60618
3850 0.154677 0 -1.44087
3900 0.249383 0 -1.3136
3950 0.0764876 0 -1.36915
4000 0.204499 0 -1.22073
4050 0.177712 0 -1.37624
4100 0.0181306 0 -1.26441
4150 0.0452711 0 -1.0723
4200 0.0328801 0 -1.05891
4250 0.217044 0 -1.22427
4300 0.070193 0 -1.29645
4350 0.0297641 0 -1.30409
4400 0.117234 0 -1.33165
4450 0.178618 0 -1.15386
4500 0.242237 0 -1.20592
4550 0.258925 0 -1.27648
4600 0.189592 0 -1.2262
4650 0.22646 0 -1.00272
4700 0.284646 0 -1.26907
4750 0.118056 0 -1.36277
4800 0.1981 0 -1.3067
4850 0.122874 0 -1.45452
4900 0.130443 0 -1.36189
4950 0.289799 0 -1.29936
5000 0.222082 0 -1.25307
5050 0.14815 0 -1.12441
5100 0.0795082 0 -1.14197
5150 0.331249 0 -1.40978
5200 0.202395 0 -1.34483
5250 0.191352 0 -1.29302
5300 0.093819 0 -1.24632
5350 0.0480815 0 -1.16709
5400 0.267696 0 -1.13485
5450 0.244679 0 -1.20286
5500 0.253114 0 -1.15907
5550 0.206182 0 -1.17999
5600 0.344077 0 -1.27253
5650 0.143306 0 -1.2967
5700 0.143736 0 -1.30687
5750 0.269749 0 -1.30503
5800 0.255074 0 -1.18598
5850 0.243721 0 -1.44513
5900 0.335697 0 -1.17668
5950 0.23459 0 -1.22408
6000 0.131424 0 -1.12425
6050 0.247173 0 -1.23414
6100 0.245112 0 -1.16024
6150 0.2409 0 -1.2187
6200 0.164886 0 -1.39612
6250 0.0983269 0 -1.25023
6300 0.079318 0 -1.33301
6350 0.18562 0 -1.12448
6400 0.109109 0 -0.931528
6450 0.0846023 0 -0.905358
6500 0.193269 0 -1.06117
6550 0.106065 0 -1.25249
6600 0.0735693 0 -1.23366
6650 -0.053314 0 -1.25881
6700 0.0131846 0 -1.27338
6750 -0.0650922 0 -1.2545
6800 0.119762 0 -1.2496
6850 0.207868 0 -1.24721
6900 0.138465 0 -1.23692
6950 0.132733 0 -1.36083
7000 0.175919 0 -1.36337
7050 0.264681 0 -1.06784
7100 0.345956 0 -1.08828
7150 0.260973 0 -1.25124
7200 0.200275 0 -1.30095
7250 0.286342 0 -1.26618
7300 0.280592 0 -1.13569
7350 0.193098 0 -1.25418
7400 0.184978 0 -1.32499
7450 0.127739 0 -1.26263
7500 0.203206 0 -1.29834
7550 0.212054 0 -1.24583
7600 0.0956476 0 -1.233
7650 0.0873758 0 -1.21738
7700 0.102468 0 -1.21521
7750 0.177089 0 -1.26615
7800 0.315183 0 -1.10268
7850 0.338905 0 -1.11048
7900 0.146784 0 -1.11085
7950 0.214814 0 -1.09504
8000 0.276413 0 -1.2038
8050 0.295501 0 -1.14938
8100 0.216813 0 -1.22428
8150 0.122063 0 -1.17977
8200 0.172812 0 -1.17422
8250 0.0956321 0 -1.21274
8300 -0.0240877 0 -1.28628
8350 -0.00913948 0 -1.22577
8400 0.0408693 0 -0.980828
8450 0.203018 0 -1.14479
8500 0.206519 0 -1.11347
8550 0.229242 0 -1.15171
8600 0.149872 0 -1.02981
8650 0.197947 0 -1.07407
8700 0.205081 0 -1.21512
8750 0.287903 0 -1.10832
8800 0.171468 0 -1.21795
8850 -0.0250649 0 -1.18648
8900 -0.0328921 0 -1.24391
8950 0.0805834 0 -1.3432
9000 0.15116 0 -1.30747
9050 0.036811 0 -1.47688
9100 0.0958132 0 -1.39782
9150 0.206622 0 -1.26481
9200 0.120883 0 -1.35848
9250 0.185092 0 -1.25447
9300 0.13761 0 -1.3958
9350 0.099853 0 -1.33736
9400 0.216756 0 -1.23573
9450 0.22094 0 -1.30712
9500 0.238823 0 -1.20392
9550 0.123581 0 -1.1887
9600 -0.064973 0 -1.16109
9650 -0.0263406 0 -1.06629
9700 -0.11644 0 -1.03167
9750 0.26486 0 -1.08083
9800 0.082702 0 -0.891331
9850 0.243519 0 -0.956019
9900 0.222199 0 -0.923472
9950 0.118418 0 -0.913663
10000 0.217299 0 -0.901039
10050 0.140387 0 -0.86603
10100 0.146454 0 -0.767723
10150 0.136233 0 -0.968731
10200 0.000350212 0 -0.799924
10250 0.20186 0 -0.79488
10300 0.244042 0 -0.852377
10350 -0.084812 0 -0.944099
10400 0.0870614 0 -1.17721
10450 0.238714 0 -1.04192
10500 0.196605 0 -0.958089
10550 0.425616 0 -1.08837
10600 0.215042 0 -0.998196
10650 0.162667 0 -0.952437
10700 0.108629 0 -1.20485
10750 0.133765 0 -1.34737
10800 0.222195 0 -1.27881
10850 0.242943 0 -1.22358
10900 0.21375 0 -1.05776
10950 0.135239 0 -1.01117
11000 0.139252 0 -1.01091
11050 0.178027 0 -1.02037
11100 0.140597 0 -1.20425
11150 0.0704951 0 -1.04611
11200 0.0741064 0 -1.03737
11250 0.0637608 0 -1.1357
11300 0.0239437 0 -1.13037
11350 0.367554 0 -1.03992
11400 0.35987 0 -0.886827
11450 0.211944 0 -0.693788
11500 0.28461 0 -1.04706
11550 0.165066 0 -0.900753
11600 0.217636 0 -0.721674
11650 0.294828 0 -0.811698
11700 0.195725 0 -0.871283
11750 0.123412 0 -0.924801
11800 0.129625 0 -0.955749
11850 0.073297 0 -0.755908
11900 0.00505439 0 -0.873111
11950 0.1638 0 -1.02225
12000 0.0693537 0 -1.16717
12050 0.0810747 0 -1.23296
12100 0.0552156 0 -1.29045
12150 0.146309 0 -1.48221
12200 0.249871 0 -1.2701
12250 0.133795 0 -1.41441
12300 0.131907 0 -1.35952
12350 0.151305 0 -1.24317
12400 0.332684 0 -1.43394
12450 0.278619 0 -1.46797
12500 0.204378 0 -1.32593
12550 0.149871 0 -1.3349
12600 0.113289 0 -1.25584
12650 0.28909 0 -1.06403
12700 0.134305 0 -1.04854
12750 0.0825404 0 -1.09773
12800 -0.0406974 0 -1.01858
12850 0.189705 0 -1.169
12900 0.0450266 0 -1.12581
12950 0.0644713 0 -1.16332
13000 0.097887 0 -1.15037
13050 0.202832 0 -1.30412
13100 0.0878777 0 -1.33513
13150 0.180387 0 -1.45964
13200 0.150483 0 -1.21505
13250 0.139565 0 -1.19107
13300 0.260318 0 -1.10017
13350 0.0209525 0 -1.08448
13400 0.0230923 0 -1.08298
13450 0.0841619 0 -0.908747
13500 0.0986014 0 -0.89169
13550 0.113572 0 -1.03073
13600 0.0493782 0 -1.10906
13650 0.108346 0 -1.07097
13700 0.196199 0 -1.11254
13750 0.210872 0 -1.08777
13800 0.294212 0 -1.18351
13850 0.286624 0 -1.24032
13900 0.281565 0 -1.31298
13950 0.348969 0 -1.33658
14000 0.272849 0 -1.30115
14050 0.140941 0 -1.39605
14100 0.235593 0 -1.37843
14150 0.196448 0 -1.31763
14200 0.411618 0 -1.29929
14250 0.399133 0 -1.33158
14300 0.243663 0 -1.33642
14350 0.14835 0 -1.29371
14400 0.208981 0 -1.22434
14450 0.406737 0 -1.37748
14500 0.348557 0 -1.3428
14550 0.224676 0 -1.25515
14600 0.213606 0 -1.22049
14650 0.303681 0 -1.30896
14700 0.330419 0 -1.32581
14750 0.332534 0 -1.34593
14800 0.319519 0 -1.32717
14850 0.184229 0 -1.32158
14900 0.331995 0 -1.34275
14950 0.226931 0 -1.37134
15000 0.355692 0 -1.41632
15050 0.387658 0 -1.37098
15100 0.428449 0 -1.42702
15150 0.273345 0 -1.47515
15200 0.19333 0 -1.4597
15250 0.289524 0 -1.39325
15300 0.220587 0 -1.27467
15350 0.242826 0 -1.30586
15400 0.186684 0 -1.27282
15450 0.0296288 0 -1.34451
15500 -0.0194312 0 -1.26262
15550 0.115696 0 -1.22233
15600 0.229748 0 -1.38317
15650 0.0641938 0 -1.3809
15700 0.214627 0 -1.27564
15750 0.126104 0 -1.08922
15800 0.220482 0 -1.32966
15850 0.237823 0 -1.4991
15900 0.154226 0 -1.4212
15950 0.105779 0 -1.43951
16000 0.188725 0 -1.25583
16050 0.163079 0 -1.37572
16100 0.11423 0 -1.30154
16150 0.13734 0 -1.21939
16200 0.13455 0 -1.19456
16250 0.295627 0 -1.29642
16300 0.140497 0 -1.35923
16350 0.11886 0 -1.386
16400 0.0438613 0 -1.18521
16450 0.107338 0 -1.02604
16500 0.0664985 0 -0.970798
16550 0.0671722 0 -0.750715
16600 0.0279722 0 -0.429915
16650 0.00363003 0 -0.64704
16700 0.0391604 0 -0.758842
16750 0.0912806 0 -0.82823
16800 0.0789397 0 -0.882881
16850 0.0410334 0 -0.833776
16900 -0.118023 0 -1.0318
16950 -0.186957 0 -1.28284
17000 0.0373183 0 -1.38943
17050 0.0205777 0 -1.34012
17100 -0.0299402 0 -1.28589
17150 -0.101672 0 -1.3882
17200 0.0893706 0 -1.31943
17250 0.172014 0 -1.36583
17300 0.248501 0 -1.26864
17350 0.115582 0 -1.37624
17400 0.0831702 0 -1.24317
17450 0.193784 0 -1.34377
17500 0.226458 0 -1.29562
17550 0.155843 0 -1.31093
17600 0.1673 0 -1.27801
17650 0.179696 0 -1.23103
17700 0.133153 0 -1.20078
17750 0.209942 0 -1.14159
17800 0.176304 0 -1.26913
17850 0.326566 0 -1.04774
17900 0.483651 0 -1.10889
17950 0.341167 0 -1.11309
18000 0.264693 0 -1.1632
18050 -0.0862265 0 -1.30139
18100 0.0416361 0 -1.20456
18150 0.100809 0 -1.374
18200 0.208156 0 -1.43135
18250 0.197939 0 -1.39013
18300 0.117524 0 -1.35985
18350 0.0686093 0 -1.44306
18400 0.111883 0 -1.33805
18450 0.314648 0 -1.26467
18500 0.37851 0 -1.21023
18550 0.416761 0 -1.24119
18600 0.395734 0 -1.23808
18650 0.347588 0 -1.34207
18700 0.182487 0 -1.29616
18750 0.133752 0 -1.27287
18800 0.0755273 0 -1.28628
18850 0.126458 0 -1.28186
18900 0.192278 0 -1.27922
18950 0.281105 0 -1.30324
19000 0.126391 0 -1.32181
19050 0.101546 0 -1.3857
19100 0.220932 0 -1.2796
19150 0.155507 0 -1.33872
19200 0.191452 0 -1.25641
19250 0.114815 0 -1.23547
19300 0.146169 0 -1.20793
19350 0.216974 0 -1.36764
19400 0.0886351 0 -1.26762
19450 0.0567144 0 -1.15557
19500 0.0315456 0 -1.2681
19550 0.0273339 0 -1.13447
19600 0.178451 0 -1.436
19650 0.0778232 0 -1.3637
19700 0.124898 0 -1.29075
19750 0.138789 0 -1.16462
19800 0.190353 0 -1.04403
19850 0.291529 0 -1.16007
19900 0.347524 0 -1.19693
19950 0.257227 0 -1.10911
20000 0.28155 0 -1.0617
20050 0.216795 0 -1.11884
20100 0.248627 0 -0.982294
20150 0.245096 0 -1.09218
20200 0.245134 0 -1.20936
20250 0.284005 0 -1.2632
20300 0.224329 0 -1.38836
20350 0.2745 0 -1.40188
20400 0.289478 0 -1.24284
20450 0.163079 0 -1.35009
20500 0.151583 0 -1.18485
20550 0.167003 0 -1.24942
20600 0.249146 0 -1.26112
20650 0.206555 0 -1.20715
20700 0.184691 0 -1.24396
20750 0.123547 0 -1.04719
20800 0.247321 0 -1.16115
20850 0.311655 0 -1.16552
20900 0.22362 0 -1.16085
20950 0.123988 0 -1.15483
21000 0.0154898 0 -1.14531
21050 -0.0123072 0 -1.2033
21100 0.139323 0 -1.26336
21150 0.156091 0 -1.011
21200 0.176614 0 -0.863879
21250 0.179768 0 -1.1062
21300 0.213507 0 -1.09704
21350 0.239569 0 -1.16852
21400 0.248578 0 -1.29372
21450 0.0876041 0 -1.163
21500 0.0298298 0 -1.22837
21550 0.135187 0 -1.27032
21600 0.212047 0 -1.39949
21650 0.198942 0 -1.3527
21700 0.108507 0 -1.33593
21750 0.0198982 0 -1.34858
21800 -0.106643 0 -1.32663
21850 0.225532 0 -1.4744
21900 0.235847 0 -1.3025
21950 0.153325 0 -1.40496
22000 0.134179 0 -1.34033
22050 0.142574 0 -1.19344
22100 0.332508 0 -1.36114
22150 0.345647 0 -1.33643
22200 0.271328 0 -1.21988
22250 0.183959 0 -1.19553
22300 0.0627952 0 -1.19231
22350 0.341236 0 -1.49287
22400 0.271186 0 -1.29624
22450 0.276854 0 -1.31313
22500 0.172146 0 -1.26009
22550 0.129428 0 -1.13742
22600 0.264031 0 -1.36116
22650 0.162025 0 -1.29622
22700 0.188728 0 -1.21639
22750 0.243752 0 -1.2615
22800 0.264544 0 -1.48714
22850 0.138121 0 -1.37205
22900 0.206179 0 -1.33563
22950 0.171449 0 -1.23232
23000 0.137244 0 -1.27019
23050 0.120758 0 -1.34979
23100 0.155025 0 -1.33578
23150 0.0936772 0 -1.38485
23200 0.0444494 0 -1.18045
23250 0.105557 0 -1.0138
23300 0.260356 0 -1.14544
23350 0.0989447 0 -1.17552
23400 -0.0392652 0 -1.31358
23450 0.0157027 0 -1.25076
23500 0.12264 0 -1.10913
23550 0.140755 0 -1.11642
23600 0.233538 0 -1.12138
23650 0.258623 0 -1.25624
23700 0.297519 0 -1.2634
23750 0.37682 0 -1.26108
23800 0.271531 0 -1.23078
23850 0.301703 0 -1.31698
23900 0.241183 0 -1.26816
23950 0.167352 0 -1.23593
24000 0.2433 0 -1.25222
24050 0.30195 0 -1.39318
24100 0.302856 0 -1.34371
24150 0.234707 0 -1.45166
24200 0.24634 0 -1.27255
24250 0.165526 0 -1.24765
24300 0.279744 0 -1.3479
24350 0.0456546 0 -1.36078
24400 -0.0842238 0 -1.32706
24450 -0.112586 0 -1.1258
24500 -0.069731 0 -1.12164
24550 0.139955 0 -1.17095
24600 0.114813 0 -1.11106
24650 -0.0636892 0 -1.4104
24700 -0.0914785 0 -1.25808
24750 0.111161 0 -1.41375
24800 0.203863 0 -1.44094
24850 0.101804 0 -1.22243
24900 0.168036 0 -1.17839
24950 0.186997 0 -1.21067
25000 0.254809 0 -1.26988
25050 0.376545 0 -1.25366
25100 0.148061 0 -1.34483
25150 0.0155186 0 -1.45157
25200 0.21375 0 -1.25441
25250 0.291159 0 -1.32821
25300 0.380719 0 -1.21098
25350 0.260148 0 -1.20097
25400 0.138267 0 -1.16594
25450 0.265479 0 -1.23625
25500 0.194383 0 -1.11104
25550 0.0824889 0 -1.22735
25600 0.229307 0 -1.1634
25650 0.167254 0 -1.03344
25700 0.193078 0 -1.28614
25750 0.234935 0 -1.28698
25800 0.202291 0 -1.27992
25850 0.0357093 0 -1.311
25900 0.197591 0 -1.26975
25950 0.33335 0 -1.26553
26000 0.330396 0 -1.27716
26050 0.243405 0 -1.37464
26100 0.163122 0 -1.25467
26150 0.0168826 0 -1.19091
26200 0.253249 0 -1.35881
26250 0.276524 0 -1.25365
26300 0.228706 0 -1.14152
26350 0.281105 0 -1.21351
26400 0.261866 0 -1.35151
26450 0.282114 0 -1.30183
26500 0.242641 0 -1.25672
26550 0.216334 0 -1.30895
26600 0.145221 0 -1.07035
26650 0.297229 0 -1.18915
26700 0.41439 0 -1.14644
26750 0.280505 0 -0.977632
26800 0.208143 0 -0.841647
26850 0.0674578 0 -1.10192
26900 0.207289 0 -1.18177
26950 0.392828 0 -1.13274
27000 0.255122 0 -1.29191
27050 0.173996 0 -1.20765
27100 0.145032 0 -1.20828
27150 0.120407 0 -1.32784
27200 -0.0465035 0 -1.30885
27250 0.147514 0 -1.29795
27300 0.112981 0 -1.01987
27350 0.0711633 0 -1.0159
27400 0.18675 0 -0.994156
27450 -0.0388642 0 -1.04203
27500 0.00796641 0 -1.21827
27550 0.176479 0 -1.05914
27600 0.230436 0 -0.791245
27650 0.123148 0 -0.689291
27700 0.153517 0 -0.57959
27750 0.042904 0 -0.852824
27800 0.105457 0 -0.858329
27850 0.0795644 0 -0.635616
27900 0.0354143 0 -0.489481
