200 -0.0118402 0 0.0239304
250 -0.0103574 0 0.0163285
300 -0.00278548 0 0.0149238
350 -0.00335814 0 0.0176845
400 -0.00557697 0 0.0194495
450 -0.0141786 0 0.0202106
500 -0.014734 0 0.0184226
550 -0.0182951 0 0.0252739
600 -0.0237335 0 0.0295579
650 -0.0194308 0 0.0154904
700 -0.0165172 0 0.00590921
750 -0.0549131 0 -0.0317895
800 -0.0100451 0 -0.0680981
850 -0.20588 0 0.0763175
900 -0.304749 0 0.251501
950 -0.412125 0 0.47823
1000 -0.502429 0 0.347904
1050 -0.557745 0 0.245803
1100 -0.653326 0 0.149497
1150 -0.63103 0 0.187194
1200 -0.566633 0 0.427226
1250 -0.591787 0 0.502696
1300 -0.683042 0 0.356943
1350 -0.750664 0 0.29995
1400 -0.682352 0 0.237463
1450 -0.501721 0 0.232316
1500 -0.582298 0 0.411412
1550 -0.581405 0 0.392351
1600 -0.620069 0 0.260339
1650 -0.860005 0 0.193076
1700 -0.685524 0 0.137187
1750 -0.642541 0 0.37857
1800 -0.650144 0 0.494552
1850 -0.630943 0 0.424485
1900 -0.753971 0 0.273343
1950 -0.742015 0 0.174368
2000 -0.584281 0 0.248581
2050 -0.74265 0 0.481529
2100 -0.712656 0 0.493712
2150 -0.845437 0 0.398457
2200 -0.967818 0 0.311425
2250 -0.738283 0 0.245412
2300 -0.769822 0 0.429521
2350 -0.902402 0 0.538782
2400 -1.02647 0 0.523066
2450 -1.06612 0 0.460745
2500 -1.07222 0 0.405047
2550 -1.05858 0 0.562998
2600 -1.09687 0 0.659683
2650 -1.19726 0 0.618778
2700 -1.18615 0 0.562147
2750 -1.2402 0 0.644819
2800 -1.25613 0 0.695931
2850 -1.33316 0 0.724822
2900 -1.28592 0 0.536977
2950 -1.28694 0 0.718114
3000 -1.27819 0 0.677046
3050 -1.32141 0 0.652054
3100 -1.3314 0 0.564972
3150 -1.34876 0 0.756151
3200 -1.38996 0 0.666065
3250 -1.33844 0 0.637711
3300 -1.36167 0 0.52823
3350 -1.33433 0 0.630939
3400 -1.26246 0 0.61545
3450 -1.3026 0 0.554202
3500 -1.29885 0 0.565429
3550 -1.37911 0 0.655834
3600 -1.2729 0 0.656697
3650 -1.28836 0 0.58755
3700 -1.33172 0 0.623541
3750 -1.29617 0 0.680473
3800 -1.31607 0 0.637561
3850 -1.3135 0 0.611498
3900 -1.29646 0 0.723806
3950 -1.35441 0 0.765035
4000 -1.37875 0 0.702773
4050 -1.31163 0 0.602316
4100 -1.33426 0 0.749282
4150 -1.3252 0 0.725801
4200 -1.32532 0 0.701371
4250 -1.31615 0 0.589969
4300 -1.20504 0 0.827158
4350 -1.13287 0 0.773688
4400 -1.25753 0 0.737238
4450 -1.20127 0 0.563461
4500 -1.03517 0 0.707945
4550 -0.84854 0 0.742201
4600 -0.929464 0 0.604206
4650 -0.954284 0 0.476472
4700 -0.922927 0 0.528521
4750 -0.760894 0 0.617422
4800 -0.807571 0 0.603449
4850 -1.07919 0 0.417149
4900 -0.853388 0 0.273435
4950 -0.712532 0 0.41319
5000 -0.900129 0 0.606745
5050 -0.855211 0 0.545426
5100 -0.974525 0 0.381612
5150 -0.746119 0 0.224035
5200 -0.715906 0 0.444082
5250 -0.795483 0 0.574971
5300 -0.777322 0 0.469396
5350 -0.968053 0 0.405789
5400 -0.780958 0 0.276084
5450 -0.818664 0 0.426414
5500 -0.815047 0 0.536515
5550 -0.729484 0 0.431493
5600 -0.928829 0 0.307262
5650 -0.73705 0 0.227859
5700 -0.707639 0 0.469117
5750 -0.758185 0 0.564169
5800 -0.715986 0 0.462519
5850 -0.747176 0 0.320286
5900 -0.714798 0 0.174303
5950 -0.628436 0 0.332585
6000 -0.673749 0 0.513408
6050 -0.53941 0 0.386689
6100 -0.629935 0 0.264202
6150 -0.835982 0 0.151821
6200 -0.645755 0 0.185307
6250 -0.709997 0 0.481266
6300 -0.593432 0 0.473262
6350 -0.629771 0 0.328058
6400 -0.844586 0 0.295004
6450 -0.704351 0 0.16647
6500 -0.523894 0 0.339882
6550 -0.584067 0 0.459418
6600 -0.524935 0 0.39061
6650 -0.688619 0 0.297569
6700 -0.883262 0 0.202969
6750 -0.645527 0 0.200241
6800 -0.824195 0 0.520134
6850 -0.925723 0 0.525296
6900 -0.866021 0 0.443166
6950 -1.04817 0 0.376144
7000 -1.0565 0 0.40906
7050 -1.05338 0 0.557894
7100 -1.14152 0 0.658515
7150 -1.23218 0 0.590013
7200 -1.29316 0 0.503814
7250 -1.36502 0 0.693153
7300 -1.29537 0 0.693856
7350 -1.31915 0 0.67824
7400 -1.2828 0 0.529177
7450 -1.3402 0 0.712854
7500 -1.32133 0 0.67324
7550 -1.2854 0 0.671094
7600 -1.29514 0 0.559142
7650 -1.33786 0 0.738455
7700 -1.33164 0 0.660157
7750 -1.36086 0 0.607934
7800 -1.37499 0 0.548543
7850 -1.43713 0 0.698296
7900 -1.39019 0 0.718894
7950 -1.47201 0 0.550253
8000 -1.42714 0 0.524111
8050 -1.33725 0 0.723629
8100 -1.34456 0 0.733831
8150 -1.30615 0 0.565475
8200 -1.31308 0 0.52957
8250 -1.24259 0 0.616541
8300 -1.21022 0 0.607272
8350 -1.15679 0 0.549017
8400 -1.05045 0 0.59796
8450 -0.901489 0 0.704341
8500 -0.877264 0 0.673566
8550 -0.949395 0 0.596294
8600 -0.835302 0 0.586901
8650 -0.683277 0 0.72474
8700 -0.578005 0 0.689531
8750 -0.831757 0 0.514744
8800 -0.877829 0 0.355768
8850 -0.668747 0 0.426066
8900 -0.712402 0 0.480746
8950 -0.635546 0 0.420784
9000 -0.784914 0 0.289891
9050 -0.823418 0 0.195794
9100 -0.658861 0 0.386498
9150 -0.744894 0 0.423037
9200 -0.692047 0 0.352971
9250 -0.851255 0 0.301701
9300 -0.875969 0 0.182575
9350 -0.746691 0 0.2909
9400 -0.768661 0 0.550471
9450 -0.767037 0 0.41899
9500 -0.850439 0 0.350856
9550 -0.891684 0 0.225855
9600 -0.710956 0 0.287335
9650 -0.703857 0 0.482881
9700 -0.660089 0 0.439572
9750 -0.765175 0 0.361067
9800 -0.963697 0 0.265733
9850 -0.777334 0 0.18738
9900 -0.700677 0 0.349238
9950 -0.701759 0 0.386611
10000 -0.784028 0 0.328227
10050 -0.930249 0 0.316869
10100 -0.880294 0 0.180887
10150 -0.827507 0 0.177439
10200 -0.753712 0 0.325835
10250 -0.686064 0 0.343474
10300 -0.720288 0 0.359834
10350 -0.872026 0 0.215803
10400 -0.790865 0 0.191312
10450 -0.586144 0 0.235533
10500 -0.516473 0 0.276065
10550 -0.434768 0 0.219889
10600 -0.571829 0 0.124026
10650 0.0264729 0 -0.197051
10700 -0.561907 0 0.0813459
10750 -0.417264 0 0.186765
10800 -0.470107 0 0.363312
10850 -0.597374 0 0.355875
10900 -0.826194 0 0.17864
10950 -0.793745 0 0.16177
11000 -0.709958 0 0.213808
11050 -0.725952 0 0.559178
11100 -0.620922 0 0.448892
11150 -0.74763 0 0.292977
11200 -0.748589 0 0.255878
11250 -0.565054 0 0.228391
11300 -0.56172 0 0.440565
11350 -0.522822 0 0.447937
11400 -0.617087 0 0.336668
11450 -0.913435 0 0.248569
11500 -0.834935 0 0.149916
11550 -0.639907 0 0.271961
11600 -0.53263 0 0.380061
11650 -0.50949 0 0.334433
11700 -0.638128 0 0.294327
11750 -0.69398 0 0.172919
11800 -0.792434 0 0.219761
11850 -1.06882 0 0.667538
11900 -1.05816 0 0.669251
11950 -1.20937 0 0.524127
12000 -1.14759 0 0.323863
12050 -1.1895 0 0.421755
12100 -1.21189 0 0.668474
12150 -1.30038 0 0.666003
12200 -1.36308 0 0.546059
12250 -1.36841 0 0.57004
12300 -1.29929 0 0.594437
12350 -1.27288 0 0.588333
12400 -1.33028 0 0.456483
12450 -1.40638 0 0.564664
12500 -1.42011 0 0.646627
12550 -1.38427 0 0.656796
12600 -1.32375 0 0.460878
12650 -1.35478 0 0.607527
12700 -1.2721 0 0.562726
12750 -1.25195 0 0.545495
12800 -1.3002 0 0.471066
12850 -1.35863 0 0.628161
12900 -1.33814 0 0.605272
12950 -1.28851 0 0.530573
13000 -1.34537 0 0.48769
13050 -1.38706 0 0.59784
13100 -1.31211 0 0.621775
13150 -1.43403 0 0.565019
13200 -1.46587 0 0.567394
13250 -1.42764 0 0.672671
13300 -1.36096 0 0.649728
13350 -1.39099 0 0.52452
13400 -1.32236 0 0.644137
13450 0.394364 0 -1.03704
13500 -1.18953 0 0.555011
13550 -1.19615 0 0.460981
13600 -1.16784 0 0.575005
13650 -1.30154 0 0.6313
13700 -1.2858 0 0.597041
13750 -1.32064 0 0.459672
13800 -1.28991 0 0.571762
13850 -1.27781 0 0.566658
13900 -1.3336 0 0.522002
13950 -1.34435 0 0.530686
14000 -1.37853 0 0.69525
14050 -1.39499 0 0.698137
14100 -1.34181 0 0.623454
14150 -1.35973 0 0.629383
14200 -1.29149 0 0.698491
14250 -1.33891 0 0.667686
14300 -1.29869 0 0.512672
14350 -1.23645 0 0.572965
14400 -1.19844 0 0.64252
14450 -1.18965 0 0.599882
14500 -1.09853 0 0.478239
14550 -1.1104 0 0.516761
14600 -0.998604 0 0.565933
14650 -1.01398 0 0.483788
14700 -0.997631 0 0.39015
14750 -0.89502 0 0.397643
14800 -0.824609 0 0.518199
14850 -0.845005 0 0.562729
14900 -0.982448 0 0.452178
14950 -0.87042 0 0.334992
15000 -0.734025 0 0.372405
15050 -0.813853 0 0.535481
15100 -0.753952 0 0.523205
15150 -0.947252 0 0.328593
15200 -0.921022 0 0.245559
15250 -0.685897 0 0.382756
15300 -0.766529 0 0.501091
15350 -0.704056 0 0.422547
15400 -0.724467 0 0.317882
15450 -0.820017 0 0.268862
15500 -0.652969 0 0.222293
15550 -0.649491 0 0.47342
15600 -0.582074 0 0.453121
15650 -0.708853 0 0.308658
15700 -0.896587 0 0.230116
15750 -0.815163 0 0.110354
15800 -0.603278 0 0.251434
15850 -0.680054 0 0.407921
15900 -0.592445 0 0.374577
15950 -0.750167 0 0.244268
16000 -0.983564 0 0.166609
16050 -0.730419 0 0.0999359
16100 -0.703025 0 0.295953
16150 -0.654011 0 0.374943
16200 -0.647916 0 0.373693
16250 -0.753469 0 0.289592
16300 -0.806103 0 0.207361
16350 -0.645069 0 0.264355
16400 -0.651455 0 0.463826
16450 -0.610545 0 0.464743
16500 -0.769118 0 0.346755
16550 -0.989428 0 0.32237
16600 -0.840251 0 0.290045
16650 -0.718559 0 0.482264
16700 -0.74474 0 0.469065
16750 -0.746541 0 0.375633
16800 -0.851233 0 0.2859
16850 -0.689233 0 0.225607
16900 -0.546418 0 0.392276
16950 -0.573777 0 0.438993
17000 -0.524919 0 0.276968
17050 -0.660989 0 0.221779
17100 -0.692439 0 0.134045
17150 -0.432215 0 0.257404
17200 -0.638585 0 0.464406
17250 -0.541234 0 0.392696
17300 -0.634438 0 0.299096
17350 -0.848529 0 0.214015
17400 -0.646066 0 0.175186
17450 -0.439729 0 0.437884
17500 -0.566634 0 0.429519
17550 -0.652273 0 0.346454
17600 -0.759762 0 0.250465
17650 -0.784419 0 0.12752
17700 -0.54229 0 0.219571
17750 -0.562096 0 0.463463
17800 -0.586089 0 0.446412
17850 -0.565154 0 0.291746
17900 -0.716711 0 0.218877
17950 -0.773297 0 0.139029
18000 -0.553146 0 0.20925
18050 -0.426662 0 0.428993
18100 -0.562494 0 0.439207
18150 -0.495758 0 0.315857
18200 -0.678078 0 0.254884
18250 -0.859818 0 0.115812
18300 -0.638961 0 0.0906987
18350 -0.603805 0 0.305574
18400 -0.743628 0 0.425287
18450 -0.656502 0 0.327229
18500 -0.737088 0 0.28584
18550 -0.774321 0 0.17225
18600 -0.664534 0 0.208864
18650 -0.79775 0 0.608041
18700 -0.892757 0 0.574095
18750 -1.0425 0 0.557024
18800 -1.10239 0 0.405407
18850 -1.09478 0 0.494732
18900 -1.0888 0 0.7317
18950 -1.1627 0 0.680129
19000 -1.17518 0 0.562076
19050 -1.19428 0 0.515691
19100 -1.18029 0 0.677206
19150 -1.14895 0 0.802345
19200 -1.30717 0 0.698814
19250 -1.26841 0 0.544402
19300 -1.29194 0 0.628694
19350 -1.18855 0 0.598909
19400 -1.212 0 0.54972
19450 -1.29287 0 0.507605
19500 -1.24874 0 0.659463
19550 -1.29021 0 0.647461
19600 -1.33786 0 0.617128
19650 -1.35794 0 0.547512
19700 -1.29391 0 0.752429
19750 -1.25787 0 0.725851
19800 -1.24577 0 0.628158
19850 -1.29101 0 0.56549
19900 -1.31256 0 0.723141
19950 -1.30905 0 0.709898
20000 -1.26774 0 0.627899
20050 -1.30493 0 0.600947
20100 -1.17764 0 0.794795
20150 -1.20948 0 0.762657
20200 -1.22227 0 0.64626
20250 -1.24334 0 0.565533
20300 -1.23373 0 0.589916
20350 -1.2204 0 0.593161
20400 -1.26738 0 0.523347
20450 -1.27938 0 0.569201
20500 -1.34909 0 0.733703
20550 -1.41614 0 0.692408
20600 -1.32767 0 0.57756
20650 -1.31174 0 0.642448
20700 -1.22803 0 0.761024
20750 -1.24455 0 0.699744
20800 -1.30072 0 0.628154
20850 -1.32271 0 0.62112
20900 -1.16389 0 0.699601
20950 -1.18961 0 0.661439
21000 -1.27511 0 0.548708
21050 -1.27756 0 0.49392
21100 -1.19778 0 0.579924
21150 -1.23575 0 0.511023
21200 -1.21928 0 0.404569
21250 -1.21881 0 0.403152
21300 -1.22396 0 0.424719
21350 -1.16841 0 0.368034
21400 -1.18431 0 0.37424
21450 -1.22904 0 0.374302
21500 -1.17659 0 0.580224
21550 -1.20619 0 0.633757
21600 -1.32377 0 0.545414
21650 -1.29654 0 0.532091
21700 -1.2637 0 0.742568
21750 -1.29874 0 0.709288
21800 -1.28638 0 0.588101
21850 -1.26692 0 0.594534
21900 -1.28451 0 0.657593
21950 -1.26643 0 0.620009
22000 -1.29265 0 0.551816
22050 -1.34815 0 0.567316
22100 -1.3292 0 0.714503
22150 -1.35453 0 0.659697
22200 -1.33292 0 0.552437
22250 -1.31425 0 0.588359
22300 -1.25798 0 0.651734
22350 -1.27118 0 0.614295
22400 -1.26709 0 0.513202
22450 -1.3201 0 0.619266
22500 -1.31386 0 0.641852
22550 -1.33144 0 0.654425
22600 -1.38982 0 0.469103
22650 -1.37076 0 0.64675
22700 -1.29096 0 0.638133
22750 -1.25333 0 0.587096
22800 -1.17644 0 0.415389
22850 -1.14922 0 0.567709
22900 -1.11173 0 0.528725
22950 -1.11077 0 0.509621
23000 -1.1705 0 0.430708
23050 -1.08481 0 0.509228
23100 -0.907295 0 0.629392
23150 -1.01196 0 0.534825
23200 -1.15504 0 0.430843
23250 -1.09442 0 0.34806
23300 -0.874181 0 0.530097
23350 -1.01017 0 0.558406
23400 -1.08994 0 0.451044
23450 -1.06832 0 0.325984
23500 -0.901549 0 0.409074
23550 -0.841536 0 0.58392
23600 -0.895968 0 0.488538
23650 -1.03825 0 0.344713
23700 -0.881631 0 0.284942
23750 -0.730541 0 0.431411
23800 -0.944546 0 0.499595
23850 -0.916245 0 0.345205
23900 -1.0472 0 0.267053
23950 -0.818158 0 0.268668
24000 -0.815556 0 0.436962
24050 -0.833703 0 0.493153
24100 -0.939459 0 0.368691
24150 -0.947773 0 0.236284
24200 -0.735353 0 0.301128
24250 -0.76797 0 0.36496
24300 -0.681524 0 0.345392
24350 -0.842622 0 0.287525
24400 -1.0249 0 0.246841
24450 -0.690057 0 0.190039
24500 -0.75155 0 0.353228
24550 -0.679327 0 0.477581
24600 -0.783012 0 0.323328
24650 -1.06271 0 0.219961
24700 -0.715308 0 0.143575
24750 -0.537063 0 0.272882
24800 -0.701972 0 0.409915
24850 -0.660731 0 0.38598
24900 -0.846159 0 0.256932
24950 -1.05201 0 0.175096
25000 -0.707274 0 0.156692
25050 -0.602711 0 0.297858
25100 -0.662904 0 0.386086
25150 -0.637928 0 0.342832
25200 -0.753574 0 0.235511
25250 -0.905761 0 0.151834
25300 -0.768906 0 0.183566
25350 -0.79792 0 0.47517
25400 -0.961841 0 0.536809
25450 -1.00915 0 0.445786
25500 -1.14014 0 0.406501
25550 -1.11011 0 0.431082
25600 -1.05203 0 0.648464
25650 -1.06901 0 0.790249
25700 -1.27997 0 0.669039
25750 -1.24339 0 0.515518
25800 -1.34416 0 0.632311
25850 -1.26688 0 0.583807
25900 -1.29608 0 0.626455
25950 -1.25155 0 0.522695
26000 -1.3223 0 0.703637
26050 -1.30208 0 0.696941
26100 -1.34635 0 0.703816
26150 -1.34169 0 0.536876
26200 -1.37082 0 0.682139
26250 -1.33663 0 0.63536
26300 -1.41006 0 0.575196
26350 -1.38068 0 0.515218
26400 -1.31433 0 0.684721
26450 -1.28093 0 0.68753
26500 -1.3071 0 0.641903
26550 -1.29395 0 0.590914
26600 -1.23104 0 0.778431
26650 -1.24301 0 0.732024
26700 -1.24367 0 0.667562
26750 -1.23396 0 0.569874
26800 -1.17856 0 0.755615
26850 -1.10165 0 0.733851
26900 -1.10729 0 0.658689
26950 -1.02114 0 0.524019
27000 -0.868013 0 0.667755
27050 -0.892413 0 0.629273
27100 -1.0086 0 0.469769
27150 -1.03804 0 0.315118
27200 -0.876319 0 0.378888
27250 -0.926486 0 0.488829
27300 -0.83823 0 0.398916
27350 -1.08387 0 0.321678
27400 -0.959368 0 0.228885
27450 -0.768159 0 0.413987
27500 -0.888761 0 0.507893
27550 -0.839833 0 0.441033
27600 -1.08523 0 0.299774
27650 -0.942976 0 0.200942
27700 -0.821216 0 0.286664
27750 -0.854183 0 0.288136
27800 -0.8059 0 0.331727
27850 -0.929455 0 0.21089
27900 -0.694949 0 0.185296
27950 -0.556794 0 0.305471
28000 -0.503298 0 0.397273
28050 -0.513916 0 0.239225
28100 -0.638458 0 0.0615024
28150 -0.296429 0 0.0530055
28200 -0.0845993 0 0.130179
28250 0.285875 0 -0.457527
28300 -0.233043 0 -0.107648
28350 -0.0117758 0 -0.149705
28400 -0.0516291 0 -0.116762
28450 -0.026563 0 -0.0854468
28500 -0.0269377 0 -0.0587818
28550 -0.011904 0 -0.0335266
28600 -0.0209558 0 -0.0192939
28650 -0.0212172 0 -0.00501355
28700 -0.0209414 0 0.010224
28750 -0.0219687 0 0.0132978
28800 -0.0175805 0 0.010968
28850 -0.0101379 0 0.012295
28900 -0.00779205 0 0.0129742
28950 -0.00387725 0 0.00813774
29000 -0.00387437 0 0.00366651
29050 -0.00365877 0 0.0125731
29100 -0.00607261 0 0.0120812
29150 -0.00947272 0 0.0174518
29200 -0.00967296 0 0.0189974
29250 -0.0134999 0 0.0223269
29300 -0.0245383 0 0.0418938
29350 -0.0201998 0 0.0456163
29400 -0.0276867 0 0.0580967
29450 0.0260238 0 -0.0488463
