# Created at Fri Mar 09 11:10:59 CST 2018
2313960175397337 1
2313960728436887 2
2313961242017210 3
2313961775372923 4
2313962308759153 5
2313962644513548 6
2313963395093382 7
2313963730908811 8
2313964461751294 9
2313964817342114 10
2313965587666821 11
2313965923512768 12
2313966693898511 13
2313967207417798 14
2313967839528393 15
2313968175313306 16
2313968925954175 17
2313969301289868 18
2313970091420483 19
2313970446980786 20
2313971177846265 21
2313971711140942 22
2313972244496655 23
2313972777821850 24
2313973311147046 25
2313973666707349 26
2313974397618482 27
2313974733403394 28
2313975503758618 29
2313975839604566 30
2313976629674146 31
2313976965520093 32
2313977775426099 33
2313978328465650 34
2313978921055982 35
2313979474187085 36
2313980047032544 37
2313980639622876 38
2313981212498853 39
2313981745824048 40
2313982338444898 41
2313982891514966 42
2313983464360425 43
2313984017399976 44
2313984610090907 45
2313985182875330 46
2313985755720789 47
2313986328566248 48
2313986901411707 49
2313987474287684 50
2313988007612879 51
2313988382887537 52
2313989212538416 53
2313989765639002 54
2313990358229334 55
2313990950850184 56
2313991582930262 57
2313992155775721 58
2313992748427088 59
2313993123732264 60
2313993933607752 61
2313994308897546 62
2313995138517907 63
2313995711393884 64
2313996323759607 65
2313996876860192 66
2313997528685144 67
2313998101561120 68
2313998713865808 69
2313999089201501 70
2313999938627771 71
2314000333647302 72
2314001163328698 73
2314001538633874 74
2314002328764489 75
2314002881865075 76
2314003474455407 77
2314003849760583 78
2314004659690831 79
2314005232505772 80
2314005844871495 81
2314006397941563 82
2314007010307286 83
2314007583152745 84
2314008175773594 85
2314008728874180 86
2314009301719639 87
2314009894309971 88
2314010467155430 89
2314010842460606 90
2314011652397129 91
2314012225212071 92
2314012778343174 93
2314013331413243 94
2314013923973057 95
2314014496860673 96
2314015069706132 97
2314015662357499 98
2314016274692704 99
2314016847507645 100
2314017440128495 101
2314018012973954 102
2314018645115067 103
2314019198215653 104
2314019830295731 105
2314020403171708 106
2314020975986649 107
2314021529087235 108
2314022062473466 109
2314022615574052 110
2314023287174393 111
