# Created at Mon Nov 20 10:21:02 CST 2017
1034226961099605 1
1034227435068111 2
1034227988077144 3
1034228501565914 4
1034228995309810 5
1034229528573970 6
1034230042062740 7
1034230516061763 8
1034231088815670 9
1034231543130855 10
1034232076364498 11
1034232570047359 12
1034233123056392 13
1034233537790279 14
1034234150033931 15
1034234624063472 16
1034235177041988 17
1034235651071529 18
1034236184305172 19
1034236697824459 20
1034237270542311 21
1034237744510817 22
1034238297550368 23
1034238811039137 24
1034239344303297 25
1034239818271803 26
1034240391025709 27
1034240904514479 28
1034241418003248 29
1034241892032789 30
1034242464756178 31
1034242938785719 32
1034243412784743 33
1034243965824293 34
1034244499027418 35
1034245032291579 36
1034245506290602 37
1034246098789381 38
1034246572849440 39
1034247106080966 40
1034247599824862 41
1034248152833896 42
1034248646608310 43
1034249160097079 44
1034249673646884 45
1034250167360263 46
1034250700624423 47
1034251214143710 48
1034251727632480 49
1034252241212802 50
1034252774415927 51
1034253268159823 52
1034253761903720 53
1034254295198397 54
1034254808717685 55
1034255420930819 56
1034255894929843 57
1034256388704257 58
1034256941701879 59
1034257474966039 60
1034257988454809 61
1034258502004613 62
1034259055013647 63
1034259607992162 64
1034260121480932 65
1034260733755102 66
1034261326284399 67
1034261820028295 68
1034262392812719 69
1034262965566625 70
1034263518545141 71
1034264051809301 72
1034264604818334 73
1034265157827367 74
1034265710836401 75
1034266184896459 76
1034266777419294 77
1034267251448835 78
1034267824202742 79
1034268357436384 80
1034268910445417 81
1034269443709578 82
1034270016463484 83
1034270529982771 84
1034271043532576 85
1034271576766218 86
1034272129744734 87
1034272623549666 88
1034273216017927 89
1034273749282087 90
1034274302291121 91
1034274875045027 92
1034275388625349 93
1034275882338728 94
1034276415663923 95
1034276968633949 96
1034277482183754 97
1034278015386879 98
1034278528906166 99
1034279042455970 100
1034279555975258 101
1034280089269935 102
1034280642248451 103
1034281155767738 104
1034281669287025 105
1034282163030922 106
1034282696295082 107
1034283229528724 108
1034283723303138 109
1034284256567299 110
1034284789861976 111
1034285303350746 112
1034285935369789 113
1034286429113685 114
1034286982108492 115
1034287515433688 116
1034288048667330 117
1034288542411227 118
1034289055961032 119
1034289589255709 120
1034290102713961 121
1034290655753512 122
1034291149497409 123
1034291742026705 124
1034292275290866 125
1034292769034762 126
1034293302329440 127
1034293815818209 128
1034294388633151 129
1034295000937838 130
1034295474875826 131
1034296027915377 132
1034296521689791 133
1034297153772418 134
1034297647516315 135
1034298200525348 136
1034298753534381 137
1034299247278278 138
1034299820032184 139
1034300333581989 140
1034300866815631 141
1034301360590045 142
1034301893854206 143
1034302446863239 144
1034303019678180 145
1034303572656696 146
1034304145471637 147
1034304678705280 148
1034305211969440 149
1034305705774372 150
1034306239008014 151
1034306811784355 152
1034307364793388 153
1034307898057548 154
1034308431352226 155
1034309043595878 156
1034309537370292 157
1034310149644462 158
1034310643449394 159
1034311196427910 160
1034311729722587 161
1034312341966240 162
1034312895005791 163
1034313408555595 164
1034313961564628 165
1034314455308525 166
1034315008348076 167
1034315561387626 168
1034316114366142 169
1034316627922850 170
1034317259941893 171
1034317733971434 172
1034318286980467 173
1034318800530272 174
1034319353508787 175
1034319926323729 176
1034320499047117 177
1034321032341795 178
1034321565636473 179
1034322039635496 180
1034322651909666 181
1034323145684080 182
1034323678978758 183
1034324231957274 184
1034324765282469 185
1034325377495604 186
1034325930596190 187
1034326444054442 188
1034327016830534 189
1034327530380339 190
1034328083419890 191
1034328596908659 192
1034329150009245 193
1034329683212370 194
1034330216476530 195
1034330809036345 196
