200 -0.00668663 0 0.0226011
250 -0.0110056 0 0.0192831
300 -0.0130571 0 0.0230762
350 -0.0116681 0 0.0185549
400 -0.0139688 0 0.0307558
450 -0.0250694 0 0.071819
500 -0.05228 0 0.0830382
550 -0.0360219 0 0.0176338
600 -0.0163539 0 -0.00526615
650 0.0283059 0 -0.0984974
700 -0.409429 0 -0.0704299
750 -0.425884 0 -0.0230272
800 -0.557435 0 0.0823431
850 -0.698513 0 0.311521
900 -0.794371 0 0.362874
950 -0.883169 0 0.305377
1000 -0.932668 0 0.219163
1050 -0.841945 0 0.314364
1100 -0.789236 0 0.458462
1150 -0.912177 0 0.371063
1200 -1.00225 0 0.300398
1250 -1.09284 0 0.245971
1300 -1.06254 0 0.369187
1350 -1.06042 0 0.326159
1400 -1.20937 0 0.350981
1450 -1.20843 0 0.27413
1500 -1.17476 0 0.426836
1550 -1.16076 0 0.445138
1600 -1.23797 0 0.409208
1650 -1.28517 0 0.336964
1700 -1.27646 0 0.548678
1750 -1.23874 0 0.50843
1800 -1.24513 0 0.428805
1850 -1.18984 0 0.388569
1900 -1.20968 0 0.543166
1950 -1.23854 0 0.477262
2000 -1.35862 0 0.444107
2050 -1.31629 0 0.442358
2100 -1.25962 0 0.636477
2150 -1.24127 0 0.534999
2200 -1.31718 0 0.454641
2250 -1.29917 0 0.429556
2300 -1.25423 0 0.567354
2350 -1.13159 0 0.466188
2400 -1.23669 0 0.422601
2450 -1.23979 0 0.390263
2500 -1.3233 0 0.526645
2550 -1.20012 0 0.470811
2600 -1.32588 0 0.401462
2650 -1.27563 0 0.423876
2700 -1.25633 0 0.536929
2750 -1.15812 0 0.486708
2800 -1.31851 0 0.415989
2850 -1.28326 0 0.415737
2900 -1.28992 0 0.542742
2950 -1.22581 0 0.459523
3000 -1.23263 0 0.413084
3050 -1.15214 0 0.43473
3100 -1.27283 0 0.496878
3150 -1.15908 0 0.457493
3200 -1.25752 0 0.341259
3250 -1.21704 0 0.426166
3300 -1.32897 0 0.516698
3350 -1.2862 0 0.438379
3400 -1.23803 0 0.348558
3450 -1.17344 0 0.432094
3500 -1.32698 0 0.499843
3550 -1.29469 0 0.412799
3600 -1.24921 0 0.317875
3650 -1.18574 0 0.35936
3700 -1.27404 0 0.477566
3750 -1.24184 0 0.45356
3800 -1.16853 0 0.343141
3850 -1.11254 0 0.366341
3900 -1.20012 0 0.516964
3950 -1.13125 0 0.447762
4000 -1.18964 0 0.367845
4050 -1.16008 0 0.427447
4100 -1.22885 0 0.553235
4150 -1.11259 0 0.441099
4200 -1.12261 0 0.332669
4250 -1.08797 0 0.414698
4300 -1.17975 0 0.554002
4350 -1.07067 0 0.479499
4400 -1.10143 0 0.404738
4450 -0.989762 0 0.433511
4500 -1.02912 0 0.517623
4550 -1.0133 0 0.447945
4600 -1.12135 0 0.30065
4650 -1.03981 0 0.306805
4700 -1.04132 0 0.540309
4750 -0.998021 0 0.429467
4800 -1.09498 0 0.318009
4850 -1.10081 0 0.293581
4900 -1.08446 0 0.432518
4950 -1.14092 0 0.43196
5000 -1.14233 0 0.409863
5050 -1.22315 0 0.308082
5100 -1.21032 0 0.470224
5150 -1.2311 0 0.460306
5200 -1.23581 0 0.40551
5250 -1.21077 0 0.342422
5300 -1.15578 0 0.445126
5350 -1.26518 0 0.455606
5400 -1.22058 0 0.427223
5450 -1.18868 0 0.31878
5500 -1.20242 0 0.424754
5550 -1.2728 0 0.487179
5600 -1.23024 0 0.375193
5650 -1.24346 0 0.232656
5700 -1.22977 0 0.392409
5750 -1.38523 0 0.502496
5800 -1.34897 0 0.44437
5850 -1.30556 0 0.288648
5900 -1.27383 0 0.430736
5950 -1.30033 0 0.50088
6000 -1.24402 0 0.438563
6050 -1.23194 0 0.307679
6100 -1.229 0 0.375221
6150 -1.27245 0 0.460457
6200 -1.19409 0 0.385676
6250 -1.15069 0 0.287912
6300 -1.07576 0 0.380711
6350 -1.1352 0 0.537069
6400 -1.07161 0 0.438779
6450 -1.11304 0 0.399756
6500 -1.00659 0 0.38732
6550 -1.07758 0 0.490654
6600 -1.0374 0 0.412908
6650 -1.1037 0 0.345688
6700 -1.02096 0 0.331926
6750 -1.01054 0 0.478665
6800 -0.870275 0 0.352741
6850 -0.915441 0 0.293876
6900 -0.913622 0 0.193921
6950 -0.849409 0 0.374515
7000 -1.03363 0 0.455092
7050 -1.09982 0 0.399533
7100 -1.24249 0 0.283299
7150 -1.06833 0 0.404942
7200 -1.14111 0 0.566391
7250 -1.13839 0 0.441741
7300 -1.1525 0 0.37955
7350 -1.2144 0 0.382918
7400 -1.27007 0 0.479724
7450 -1.28227 0 0.409773
7500 -1.23871 0 0.316004
7550 -1.20076 0 0.390801
7600 -1.31772 0 0.521031
7650 -1.22925 0 0.424379
7700 -1.21151 0 0.330463
7750 -1.17711 0 0.393633
7800 -1.2549 0 0.552202
7850 -1.26626 0 0.446508
7900 -1.29602 0 0.358216
7950 -1.23388 0 0.374103
8000 -1.22741 0 0.517328
8050 -1.2468 0 0.507665
8100 -1.28701 0 0.4251
8150 -1.19177 0 0.383437
8200 -1.21934 0 0.524398
8250 -1.15461 0 0.453837
8300 -1.265 0 0.370157
8350 -1.24472 0 0.351165
8400 -1.28288 0 0.520322
8450 -1.21335 0 0.450211
8500 -1.23746 0 0.395512
8550 -1.1972 0 0.381756
8600 -1.18489 0 0.554063
8650 -1.12878 0 0.426854
8700 -1.28334 0 0.352695
8750 -1.24306 0 0.317127
8800 -1.253 0 0.478803
8850 -1.22085 0 0.427846
8900 -1.31573 0 0.307268
8950 -1.24969 0 0.331235
9000 -1.25898 0 0.501933
9050 -1.23904 0 0.430131
9100 -1.27243 0 0.24748
9150 -1.21445 0 0.284191
9200 -1.31108 0 0.478419
9250 -1.30042 0 0.435546
9300 -1.30767 0 0.38562
9350 -1.23395 0 0.355004
9400 -1.21726 0 0.546928
9450 -1.14925 0 0.452296
9500 -1.24648 0 0.372602
9550 -1.1789 0 0.350808
9600 -1.23599 0 0.533457
9650 -1.24043 0 0.458203
9700 -1.29518 0 0.36457
9750 -1.27066 0 0.349274
9800 -1.26079 0 0.531053
9850 -1.2691 0 0.462687
9900 -1.31358 0 0.395578
9950 -1.22148 0 0.421682
10000 -1.13451 0 0.599877
10050 -1.08735 0 0.484494
10100 -1.21464 0 0.423682
10150 -1.14565 0 0.340466
10200 -1.03665 0 0.510589
10250 -0.85829 0 0.395482
10300 -0.892013 0 0.4201
10350 -0.95394 0 0.338681
10400 -1.02776 0 0.489072
10450 -0.919485 0 0.427046
10500 -0.926521 0 0.41199
10550 -0.95165 0 0.314072
10600 -0.975099 0 0.471355
10650 -0.994746 0 0.436246
10700 -0.939394 0 0.317672
10750 -1.1236 0 0.202083
10800 -1.13171 0 0.334069
10850 -1.01375 0 0.414172
10900 -1.02682 0 0.387927
10950 -1.12469 0 0.316791
11000 -1.15736 0 0.335454
11050 -1.17208 0 0.482824
11100 -1.14867 0 0.416706
11150 -1.1519 0 0.358616
11200 -1.19019 0 0.315534
11250 -1.22043 0 0.48438
11300 -1.18899 0 0.371673
11350 -1.26889 0 0.335781
11400 -1.26453 0 0.245667
11450 -1.22421 0 0.476205
11500 -1.13796 0 0.404711
11550 -1.20588 0 0.31127
11600 -1.25039 0 0.232681
11650 -1.24533 0 0.431151
11700 -1.23104 0 0.416014
11750 -1.23479 0 0.37044
11800 -1.29414 0 0.269674
11850 -1.25264 0 0.423975
11900 -1.2649 0 0.43496
11950 -1.22106 0 0.380423
12000 -1.25248 0 0.274832
12050 -1.16981 0 0.401086
12100 -1.28014 0 0.421162
12150 -1.26305 0 0.383363
12200 -1.21552 0 0.269371
12250 -1.17892 0 0.347644
12300 -1.23881 0 0.39299
12350 -1.10748 0 0.360539
12400 -1.19061 0 0.230267
12450 -1.16118 0 0.308497
12500 -1.20825 0 0.423662
12550 -1.0672 0 0.344574
12600 -1.10548 0 0.291628
12650 -1.0536 0 0.273087
12700 -1.03093 0 0.400158
12750 -0.694081 0 0.279668
12800 -0.605869 0 0.129503
12850 -0.227317 0 0.0409576
12900 -0.124736 0 0.184836
12950 -0.18101 0 0.178272
13000 -0.0148606 0 0.0549872
13050 -0.0321155 0 0.0355148
13100 -0.0201567 0 0.0630166
13150 -0.0698609 0 0.072767
13200 -0.0169695 0 0.0229069
13250 -0.0251753 0 0.0335687
13300 -0.0148433 0 0.0194561
13350 0.0128801 0 0.00737588
13400 0.01668 0 0.00085495
13450 0.00309952 0 0.0230949
13500 -0.0165301 0 0.0177976
13550 -0.0023307 0 0.0260973
13600 -0.000205338 0 0.0392163
13650 -0.0117524 0 0.0302228
