200 0.212471 0 -0.977167
250 0.487471 0 -0.873139
300 0.162547 0 -0.986701
350 0.0385081 0 -0.999258
400 -0.102806 0 -0.994701
450 -0.0591875 0 -0.998247
500 0.0133785 0 -0.999911
550 0.140851 0 -0.990031
600 0.00925219 0 -0.999957
650 0.0760133 0 -0.997107
700 -0.0368092 0 -0.999322
750 -0.0705998 0 -0.997505
800 -0.0629304 0 -0.998018
850 0.198104 0 -0.980181
900 0.0716434 0 -0.99743
950 0.0674694 0 -0.997721
1000 0.0542204 0 -0.998529
1050 0.0232104 0 -0.999731
1100 0.12176 0 -0.99256
1150 0.0726266 0 -0.997359
1200 0.121441 0 -0.992599
1250 -0.0170588 0 -0.999854
1300 -0.0983614 0 -0.995151
1350 0.000438348 0 -1
1400 0.17131 0 -0.985217
1450 0.0903467 0 -0.99591
1500 0.0651131 0 -0.997878
1550 -0.0591107 0 -0.998251
1600 -0.0774988 0 -0.996992
1650 0.084453 0 -0.996427
1700 -0.0976984 0 -0.995216
1750 -0.0604797 0 -0.998169
1800 -0.120945 0 -0.992659
1850 -0.136431 0 -0.99065
1900 0.0856182 0 -0.996328
1950 0.181733 0 -0.983348
2000 0.152331 0 -0.988329
2050 0.174489 0 -0.984659
2100 -0.023996 0 -0.999712
2150 -0.21908 0 -0.975707
2200 -0.0232285 0 -0.99973
2250 -0.14317 0 -0.989698
2300 -0.355851 0 -0.934543
2350 -0.34714 0 -0.937813
2400 -0.60138 0 -0.798963
2450 -0.251222 0 -0.967929
2500 0.105049 0 -0.994467
2550 0.249529 0 -0.968367
2600 0.786845 0 -0.61715
2650 0.780593 0 -0.625039
2700 0.821801 0 -0.569775
2750 0.676654 0 -0.736301
2800 0.422346 0 -0.906435
2850 0.555614 0 -0.831441
2900 0.113616 0 -0.993525
2950 -0.173237 0 -0.98488
3000 -0.189792 0 -0.981824
3050 -0.420156 0 -0.907452
3100 -0.349668 0 -0.936874
3150 -0.0338042 0 -0.999428
3200 0.44242 0 -0.896808
3250 0.593316 0 -0.80497
3300 0.0380583 0 -0.999276
3350 -0.00120525 0 -0.999999
3400 0.0844706 0 -0.996426
3450 0.0818926 0 -0.996641
3500 0.270511 0 -0.962717
3550 0.211882 0 -0.977295
3600 0.165525 0 -0.986206
3650 0.0939805 0 -0.995574
3700 0.0294713 0 -0.999566
3750 0.0467872 0 -0.998905
3800 0.0943714 0 -0.995537
3850 0.0494232 0 -0.998778
3900 0.0203172 0 -0.999794
3950 0.0461116 0 -0.998936
4000 -0.0276622 0 -0.999617
4050 0.0304283 0 -0.999537
4100 -0.194477 0 -0.980907
4150 -0.0216536 0 -0.999766
4200 -0.115526 0 -0.993304
4250 0.0408038 0 -0.999167
4300 -0.0807433 0 -0.996735
4350 -0.0456467 0 -0.998958
4400 -0.0371527 0 -0.99931
4450 -0.0658311 0 -0.997831
4500 0.000567166 0 -1
4550 0.0413493 0 -0.999145
4600 0.161897 0 -0.986808
4650 0.0368851 0 -0.99932
4700 0.0946369 0 -0.995512
4750 0.0078472 0 -0.999969
4800 -0.0453207 0 -0.998972
4850 -0.0170882 0 -0.999854
4900 0.0749429 0 -0.997188
4950 0.0404124 0 -0.999183
5000 -0.121966 0 -0.992534
5050 -0.0396 0 -0.999216
5100 -0.179524 0 -0.983754
5150 0.163913 0 -0.986475
5200 0.0165024 0 -0.999864
5250 -0.022876 0 -0.999738
5300 -0.118615 0 -0.99294
5350 -0.00330482 0 -0.999995
5400 -0.0066543 0 -0.999978
5450 -0.0531138 0 -0.998588
5500 -0.0299834 0 -0.99955
5550 0.0224848 0 -0.999747
5600 0.242804 0 -0.970075
5650 0.0820098 0 -0.996632
5700 -0.0521481 0 -0.998639
5750 0.0852537 0 -0.996359
5800 -0.0348509 0 -0.999393
5850 0.132411 0 -0.991195
5900 -0.00875654 0 -0.999962
5950 0.134928 0 -0.990855
6000 -0.0334246 0 -0.999441
6050 0.127681 0 -0.991815
6100 0.201197 0 -0.979551
6150 0.0478936 0 -0.998852
6200 -0.0165559 0 -0.999863
6250 -0.0333821 0 -0.999443
6300 -0.0666449 0 -0.997777
6350 0.1184 0 -0.992966
6400 -0.00134944 0 -0.999999
6450 0.147065 0 -0.989127
6500 0.158049 0 -0.987431
6550 0.15779 0 -0.987473
6600 0.100215 0 -0.994966
6650 -0.0896968 0 -0.995969
6700 -0.1205 0 -0.992713
6750 -0.105458 0 -0.994424
6800 0.102107 0 -0.994773
6850 0.0898362 0 -0.995957
6900 0.112897 0 -0.993607
6950 0.0425207 0 -0.999096
7000 -0.0161175 0 -0.99987
7050 0.230198 0 -0.973144
7100 0.019478 0 -0.99981
7150 0.106057 0 -0.99436
7200 0.0211697 0 -0.999776
7250 0.104745 0 -0.994499
7300 0.171443 0 -0.985194
7350 0.0254993 0 -0.999675
7400 0.07824 0 -0.996935
7450 0.00892843 0 -0.99996
7500 0.0921938 0 -0.995741
7550 0.0788579 0 -0.996886
7600 -0.0548947 0 -0.998492
7650 -0.0270883 0 -0.999633
7700 -0.0604885 0 -0.998169
7750 0.14781 0 -0.989016
7800 0.178706 0 -0.983903
7850 0.23051 0 -0.97307
7900 0.129425 0 -0.991589
7950 0.0825745 0 -0.996585
8000 0.0906955 0 -0.995879
8050 0.0746573 0 -0.997209
8100 0.140402 0 -0.990095
8150 0.0395694 0 -0.999217
8200 0.103524 0 -0.994627
8250 0.100399 0 -0.994947
8300 -0.135783 0 -0.990739
8350 -0.107441 0 -0.994211
8400 -0.0511315 0 -0.998692
8450 0.141012 0 -0.990008
8500 0.0544712 0 -0.998515
8550 0.141397 0 -0.989953
8600 0.0546767 0 -0.998504
8650 0.0143433 0 -0.999897
8700 0.268967 0 -0.963149
8750 0.248209 0 -0.968706
8800 0.033835 0 -0.999427
8850 0.0529993 0 -0.998595
8900 -0.192968 0 -0.981205
8950 0.0783772 0 -0.996924
9000 0.0213165 0 -0.999773
9050 -0.0974352 0 -0.995242
9100 -0.0619446 0 -0.99808
9150 -0.0533272 0 -0.998577
9200 0.0643689 0 -0.997926
9250 0.0993898 0 -0.995049
9300 -0.0914174 0 -0.995813
9350 -0.0510963 0 -0.998694
9400 0.060708 0 -0.998156
9450 0.168712 0 -0.985665
9500 0.0872463 0 -0.996187
9550 -0.0296555 0 -0.99956
9600 -0.227355 0 -0.973812
9650 -0.358062 0 -0.933698
9700 0.0445644 0 -0.999007
9750 -0.105543 0 -0.994415
9800 -0.0555257 0 -0.998457
9850 -0.071076 0 -0.997471
9900 0.0638262 0 -0.997961
9950 0.175391 0 -0.984499
10000 0.244376 0 -0.96968
10050 0.0953571 0 -0.995443
10100 0.141579 0 -0.989927
10150 -0.0038726 0 -0.999993
10200 -0.157648 0 -0.987495
10250 0.142139 0 -0.989847
10300 0.210972 0 -0.977492
10350 -0.0200089 0 -0.9998
10400 -0.105893 0 -0.994378
10450 0.0322146 0 -0.999481
10500 0.176565 0 -0.984289
10550 0.25683 0 -0.966456
10600 0.138011 0 -0.990431
10650 0.0188246 0 -0.999823
10700 0.0219965 0 -0.999758
10750 0.218341 0 -0.975872
10800 0.0569479 0 -0.998377
10850 0.236134 0 -0.971721
10900 0.274458 0 -0.961599
10950 0.0530757 0 -0.99859
11000 0.14683 0 -0.989162
11050 0.156794 0 -0.987631
11100 0.0545173 0 -0.998513
11150 0.0334492 0 -0.99944
11200 -0.147482 0 -0.989065
11250 -0.144501 0 -0.989505
11300 0.233214 0 -0.972426
11350 0.393853 0 -0.919174
11400 0.344999 0 -0.938603
11450 0.319894 0 -0.947453
11500 0.33968 0 -0.940541
11550 0.259465 0 -0.965753
11600 0.304262 0 -0.952588
11650 0.329396 0 -0.944192
11700 0.247814 0 -0.968808
11750 0.224283 0 -0.974524
11800 0.272623 0 -0.962121
11850 0.0904926 0 -0.995897
11900 0.121505 0 -0.992591
11950 0.0735909 0 -0.997289
12000 0.0667804 0 -0.997768
12050 -0.0588293 0 -0.998268
12100 -0.00552217 0 -0.999985
12150 0.0971503 0 -0.99527
12200 0.142449 0 -0.989802
12250 -0.0388507 0 -0.999245
12300 0.0129667 0 -0.999916
12350 -0.056588 0 -0.998398
12400 0.0695899 0 -0.997576
12450 -0.0549389 0 -0.99849
12500 -0.0801514 0 -0.996783
12550 -0.112051 0 -0.993702
12600 0.0240188 0 -0.999712
12650 0.0120882 0 -0.999927
12700 0.0264219 0 -0.999651
12750 -0.0536186 0 -0.998561
12800 -0.10288 0 -0.994694
12850 0.0186586 0 -0.999826
12900 -0.122003 0 -0.99253
12950 -0.0831765 0 -0.996535
13000 0.0397002 0 -0.999212
13050 -0.0779418 0 -0.996958
13100 -0.0893421 0 -0.996001
13150 -0.0934122 0 -0.995628
13200 -0.00299604 0 -0.999996
13250 -0.0796852 0 -0.99682
13300 0.135239 0 -0.990813
13350 -0.0654583 0 -0.997855
13400 -0.0453905 0 -0.998969
13450 0.0170263 0 -0.999855
13500 0.205364 0 -0.978686
13550 0.134897 0 -0.99086
13600 0.0757166 0 -0.997129
13650 0.0482811 0 -0.998834
13700 0.0934808 0 -0.995621
13750 0.212484 0 -0.977165
13800 0.153448 0 -0.988157
13850 0.126711 0 -0.99194
13900 0.0909755 0 -0.995853
13950 0.18689 0 -0.982381
14000 0.201847 0 -0.979417
14050 0.000332515 0 -1
14100 0.141157 0 -0.989987
14150 0.0372256 0 -0.999307
14200 0.214982 0 -0.976618
14250 0.00776888 0 -0.99997
14300 0.0167699 0 -0.999859
14350 -0.0290979 0 -0.999577
14400 -0.0208878 0 -0.999782
14450 0.121826 0 -0.992551
14500 0.108069 0 -0.994143
14550 0.108293 0 -0.994119
14600 0.150597 0 -0.988595
14650 0.203904 0 -0.978991
14700 0.113213 0 -0.993571
14750 0.0664747 0 -0.997788
14800 0.191551 0 -0.981483
14850 0.0626823 0 -0.998034
14900 0.141536 0 -0.989933
14950 0.0463504 0 -0.998925
15000 0.105019 0 -0.99447
15050 0.190606 0 -0.981667
15100 0.149728 0 -0.988727
15150 0.202753 0 -0.97923
15200 -0.0196465 0 -0.999807
15250 0.166723 0 -0.986004
15300 0.0919827 0 -0.995761
15350 0.163134 0 -0.986604
15400 0.0764609 0 -0.997073
15450 -0.0436222 0 -0.999048
15500 0.0279799 0 -0.999608
15550 -0.0141467 0 -0.9999
15600 0.0519456 0 -0.99865
15650 0.00868012 0 -0.999962
15700 -0.0866512 0 -0.996239
15750 -0.0461034 0 -0.998937
15800 -0.0108238 0 -0.999941
15850 0.00980238 0 -0.999952
15900 0.0426433 0 -0.99909
15950 0.00613974 0 -0.999981
16000 -0.0219528 0 -0.999759
16050 -0.00585867 0 -0.999983
16100 -0.136226 0 -0.990678
16150 -0.033432 0 -0.999441
16200 -0.0920949 0 -0.99575
16250 0.081452 0 -0.996677
16300 0.0342643 0 -0.999413
16350 -0.0326554 0 -0.999467
16400 0.0207795 0 -0.999784
16450 -0.0837026 0 -0.996491
16500 -0.0322388 0 -0.99948
16550 -0.0549302 0 -0.99849
16600 0.0720259 0 -0.997403
16650 -0.124965 0 -0.992161
16700 0.296556 0 -0.955016
16750 0.326569 0 -0.945173
16800 0.247163 0 -0.968974
16850 0.0431267 0 -0.99907
16900 -0.11734 0 -0.993092
16950 -0.13725 0 -0.990537
17000 -0.00526739 0 -0.999986
17050 0.000128348 0 -1
17100 -0.153381 0 -0.988167
17150 -0.100873 0 -0.994899
17200 0.0668731 0 -0.997761
17250 0.0246223 0 -0.999697
17300 -0.0698194 0 -0.99756
17350 -0.0401069 0 -0.999195
17400 -0.0388629 0 -0.999245
17450 0.0844279 0 -0.99643
17500 0.0319433 0 -0.99949
17550 0.0021373 0 -0.999998
17600 0.0390323 0 -0.999238
17650 0.0617262 0 -0.998093
17700 0.0377685 0 -0.999287
17750 0.0446052 0 -0.999005
17800 -0.0153956 0 -0.999881
17850 0.229455 0 -0.973319
17900 0.188049 0 -0.98216
17950 0.25954 0 -0.965732
18000 0.0338262 0 -0.999428
18050 -0.076647 0 -0.997058
18100 -0.01352 0 -0.999909
18150 0.0503635 0 -0.998731
18200 0.0150445 0 -0.999887
18250 -0.116241 0 -0.993221
18300 -0.138508 0 -0.990361
18350 -0.117208 0 -0.993107
18400 0.0916645 0 -0.99579
18450 0.138678 0 -0.990338
18500 0.136457 0 -0.990646
18550 0.191231 0 -0.981545
18600 0.185169 0 -0.982707
18650 0.187014 0 -0.982357
18700 0.051472 0 -0.998674
18750 -0.0892392 0 -0.99601
18800 -0.0453272 0 -0.998972
18850 -0.070757 0 -0.997494
18900 0.0855346 0 -0.996335
18950 0.0142594 0 -0.999898
19000 -0.0342073 0 -0.999415
19050 0.000930167 0 -1
19100 0.0370988 0 -0.999312
19150 0.0294428 0 -0.999566
19200 -0.048381 0 -0.998829
19250 -0.0798643 0 -0.996806
19300 -0.138485 0 -0.990364
19350 -0.0244657 0 -0.999701
19400 0.0577685 0 -0.99833
19450 -0.154244 0 -0.988033
19500 -0.0686061 0 -0.997644
19550 -0.0821817 0 -0.996617
19600 0.119716 0 -0.992808
19650 -0.09367 0 -0.995603
19700 -0.0203743 0 -0.999792
19750 0.0191979 0 -0.999816
19800 0.016498 0 -0.999864
19850 0.218315 0 -0.975878
19900 0.102679 0 -0.994715
19950 0.169232 0 -0.985576
20000 0.141471 0 -0.989942
20050 0.282709 0 -0.959206
20100 0.291841 0 -0.956467
20150 0.164376 0 -0.986398
20200 0.275434 0 -0.96132
20250 0.0910744 0 -0.995844
20300 0.181593 0 -0.983374
20350 0.114301 0 -0.993446
20400 -0.0186787 0 -0.999826
20450 0.0246179 0 -0.999697
20500 -0.139872 0 -0.99017
20550 0.0260551 0 -0.999661
20600 0.026414 0 -0.999651
20650 -0.16399 0 -0.986462
20700 -0.00758629 0 -0.999971
20750 -0.0475492 0 -0.998869
20800 0.186354 0 -0.982483
20850 0.0980995 0 -0.995177
20900 0.113217 0 -0.99357
20950 -0.26914 0 -0.963101
21000 -0.0900813 0 -0.995934
21050 -0.205165 0 -0.978727
21100 -0.0688607 0 -0.997626
21150 -0.0776913 0 -0.996977
21200 0.103242 0 -0.994656
21250 -0.102764 0 -0.994706
21300 0.0772883 0 -0.997009
21350 0.0231111 0 -0.999733
21400 0.020408 0 -0.999792
21450 -0.0923587 0 -0.995726
21500 -0.0595938 0 -0.998223
21550 -0.103705 0 -0.994608
21600 0.0372398 0 -0.999306
21650 -0.072351 0 -0.997379
21700 -0.0989722 0 -0.99509
21750 -0.162798 0 -0.986659
21800 -0.0644859 0 -0.997919
21850 0.0113825 0 -0.999935
21900 -0.163159 0 -0.9866
21950 -0.060261 0 -0.998183
22000 -0.116811 0 -0.993154
22050 -0.0453642 0 -0.998971
22100 0.202995 0 -0.97918
22150 0.0314882 0 -0.999504
22200 0.0974712 0 -0.995238
22250 0.0225352 0 -0.999746
22300 0.0014567 0 -0.999999
22350 0.142758 0 -0.989758
22400 0.0297234 0 -0.999558
22450 0.119944 0 -0.992781
22500 0.057584 0 -0.998341
22550 -0.0514229 0 -0.998677
22600 -0.0367472 0 -0.999325
22650 -0.0680001 0 -0.997685
22700 -0.0186768 0 -0.999826
22750 -0.0335686 0 -0.999436
22800 0.0571144 0 -0.998368
22850 -0.0598373 0 -0.998208
22900 -0.135383 0 -0.990793
22950 -0.00198561 0 -0.999998
23000 0.0524391 0 -0.998624
23050 0.0163358 0 -0.999867
23100 -0.0551797 0 -0.998476
23150 -0.08674 0 -0.996231
23200 -0.0657077 0 -0.997839
23250 -0.0564154 0 -0.998407
23300 0.163101 0 -0.986609
23350 -0.0286691 0 -0.999589
23400 0.0626395 0 -0.998036
23450 -0.0692255 0 -0.997601
23500 -0.100733 0 -0.994913
23550 0.122752 0 -0.992437
23600 0.267214 0 -0.963637
23650 0.234144 0 -0.972202
23700 0.0864016 0 -0.99626
23750 0.0934976 0 -0.99562
23800 0.0878059 0 -0.996138
23850 0.0404107 0 -0.999183
23900 0.0438086 0 -0.99904
23950 -0.0194344 0 -0.999811
24000 0.0280755 0 -0.999606
24050 0.072466 0 -0.997371
24100 0.0233586 0 -0.999727
24150 -0.0467322 0 -0.998907
24200 0.126238 0 -0.992
24250 -0.0886468 0 -0.996063
24300 0.117738 0 -0.993045
24350 -0.180294 0 -0.983613
24400 -0.0829336 0 -0.996555
24450 -0.311895 0 -0.950117
24500 -0.335395 0 -0.942078
24550 -0.196643 0 -0.980475
24600 -0.19697 0 -0.980409
24650 -0.317062 0 -0.948405
24700 -0.161597 0 -0.986857
24750 -0.122828 0 -0.992428
24800 -0.10993 0 -0.993939
24850 -0.0683679 0 -0.99766
24900 0.0579118 0 -0.998322
24950 -0.05981 0 -0.99821
25000 0.141488 0 -0.98994
25050 0.0793554 0 -0.996846
25100 -0.0424047 0 -0.999101
25150 -0.0586618 0 -0.998278
25200 0.0970552 0 -0.995279
25250 0.144436 0 -0.989514
25300 0.0906942 0 -0.995879
25350 0.0992541 0 -0.995062
25400 0.170951 0 -0.985279
25450 0.132571 0 -0.991174
25500 0.132837 0 -0.991138
25550 0.035718 0 -0.999362
25600 0.0606776 0 -0.998157
25650 -0.0464868 0 -0.998919
25700 -0.106316 0 -0.994332
25750 0.113231 0 -0.993569
25800 -0.0414588 0 -0.99914
25850 0.00870781 0 -0.999962
25900 -0.00387967 0 -0.999992
25950 0.230868 0 -0.972985
26000 -0.0538533 0 -0.998549
26050 0.0748034 0 -0.997198
26100 -0.0150561 0 -0.999887
26150 0.0211551 0 -0.999776
26200 0.166095 0 -0.98611
26250 0.0249333 0 -0.999689
26300 0.0690525 0 -0.997613
26350 -0.100287 0 -0.994959
26400 0.149511 0 -0.98876
26450 0.105454 0 -0.994424
26500 0.0398379 0 -0.999206
26550 -0.015456 0 -0.999881
26600 0.041639 0 -0.999133
26650 0.246837 0 -0.969057
26700 0.216474 0 -0.976288
26750 0.271841 0 -0.962342
26800 0.119028 0 -0.992891
26850 0.0889867 0 -0.996033
26900 0.238082 0 -0.971245
26950 0.369438 0 -0.929255
27000 0.202722 0 -0.979236
27050 0.1831 0 -0.983094
27100 0.069159 0 -0.997606
27150 0.0440429 0 -0.99903
27200 -0.195797 0 -0.980644
27250 0.022616 0 -0.999744
27300 0.0799024 0 -0.996803
27350 0.082298 0 -0.996608
27400 0.0437231 0 -0.999044
27450 -0.0331979 0 -0.999449
27500 -0.00988028 0 -0.999951
27550 0.174441 0 -0.984668
27600 0.22507 0 -0.974343
27650 0.260757 0 -0.965404
27700 0.184 0 -0.982926
27750 0.0149349 0 -0.999888
27800 0.00504826 0 -0.999987
27850 0.114435 0 -0.993431
27900 0.244399 0 -0.969675
