# Created at Wed Mar 07 17:50:05 CST 2018
2165107073780992 1
2165107804585435 2
2165108140400865 3
2165108851490953 4
2165109226735094 5
2165109918080308 6
2165110273640611 7
2165110964932309 8
2165111320492612 9
2165112011807309 10
2165112564816343 11
2165113038906919 12
2165113374691831 13
2165114046261655 14
2165114401791440 15
2165115053585874 16
2165115409115659 17
2165116080716001 18
2165116436276304 19
2165117127621518 20
2165117483120786 21
2165118154690610 22
2165118510311948 23
2165119181851255 24
2165119537350522 25
2165120228695737 26
2165120584239139 27
2165121275614872 28
2165121631144657 29
2165122322459354 30
2165122658244266 31
2165123349558964 32
2165123705119266 33
2165124416239872 34
2165124751994266 35
2165125443308964 36
2165125798899784 37
2165126490183964 38
2165126845744266 39
2165127537089481 40
2165127892619266 41
2165128603709354 42
2165128939494266 43
2165129611064091 44
2165129966624393 45
2165130657921531 46
2165131013481833 47
2165131665306784 48
2165132020836570 49
2165132672661521 50
2165133028252341 51
2165133699822165 52
2165134055351950 53
2165134726921775 54
2165135062706687 55
2165135754051902 56
2165136109612204 57
2165136800987937 58
2165137136742331 59
2165137828087546 60
2165138183617331 61
2165138855187156 62
2165139191002585 63
2165139823082663 64
2165140178642966 65
2165140810696228 66
2165141126736267 67
2165141778591735 68
2165142094692810 69
2165142746456726 70
2165143102017028 71
2165143734097107 72
2165144069912536 73
2165144701992614 74
2165145057491882 75
2165145709377868 76
2165146045132263 77
2165146696987732 78
2165147013058288 79
2165147664852722 80
2165148000668151 81
2165148652523620 82
2165149008053405 83
2165149699337585 84
2165150094418151 85
2165150864781406 86
2165151259861972 87
2165151990666416 88
2165152405491855 89
2165153215336826 90
2165153570897129 91
2165154341252353 92
2165154775792148 93
2165155526402500 94
2165155960972812 95
2165156751072910 96
2165157126408603 97
2165157916539219 98
2165158489293125 99
2165159022679355 100
2165159417698887 101
2165160168370273 102
2165160583102945 103
2165161471988443 104
2165162005283121 105
