200 -0.542047 0 0.840348
250 -0.587256 0 0.809401
300 -0.590515 0 0.807027
350 -0.487462 0 0.873144
400 -0.549611 0 0.835421
450 -0.345796 0 0.93831
500 -0.279743 0 0.960075
550 -0.423706 0 0.9058
600 -0.457035 0 0.889449
650 -0.521971 0 0.852963
700 -0.477018 0 -0.878893
750 -0.130652 0 -0.991428
800 0.110207 0 -0.993909
850 0.131879 0 -0.991266
900 0.150579 0 -0.988598
950 -0.0969969 0 -0.995285
1000 -0.174321 0 -0.984689
1050 -0.0304509 0 -0.999536
1100 0.128462 0 -0.991714
1150 0.0832017 0 -0.996533
1200 -0.0620216 0 -0.998075
1250 -0.115768 0 -0.993276
1300 0.0684446 0 -0.997655
1350 0.187246 0 -0.982313
1400 -0.00495272 0 -0.999988
1450 -0.152435 0 -0.988314
1500 -0.0834649 0 -0.996511
1550 0.143527 0 -0.989646
1600 0.0146801 0 -0.999892
1650 -0.173792 0 -0.984782
1700 -0.0766569 0 -0.997058
1750 0.0819203 0 -0.996639
1800 0.0602631 0 -0.998183
1850 -0.106283 0 -0.994336
1900 -0.128729 0 -0.99168
1950 0.0754993 0 -0.997146
2000 0.15016 0 -0.988662
2050 -0.0395704 0 -0.999217
2100 -0.121184 0 -0.99263
2150 -0.0123954 0 -0.999923
2200 0.162344 0 -0.986734
2250 0.096841 0 -0.9953
2300 -0.0820888 0 -0.996625
2350 -0.0821466 0 -0.99662
2400 0.0508437 0 -0.998707
2450 0.0862664 0 -0.996272
2500 -0.134646 0 -0.990894
2550 -0.16344 0 -0.986553
2600 -0.00818868 0 -0.999966
2650 0.073561 0 -0.997291
2700 -0.101312 0 -0.994855
2750 -0.129849 0 -0.991534
2800 0.0265526 0 -0.999647
2850 0.121395 0 -0.992604
2900 -0.00522311 0 -0.999986
2950 -0.119021 0 -0.992892
3000 0.00514234 0 -0.999987
3050 0.121726 0 -0.992564
3100 -0.0299893 0 -0.99955
3150 -0.126107 0 -0.992017
3200 -0.0133167 0 -0.999911
3250 0.114494 0 -0.993424
3300 0.0215975 0 -0.999767
3350 -0.124297 0 -0.992245
3400 -0.067849 0 -0.997696
3450 0.124933 0 -0.992165
3500 0.058438 0 -0.998291
3550 -0.0568355 0 -0.998384
3600 -0.0476744 0 -0.998863
3650 0.0646487 0 -0.997908
3700 -0.00754372 0 -0.999972
3750 -0.158405 0 -0.987374
3800 -0.0813003 0 -0.99669
3850 0.095527 0 -0.995427
3900 0.0293417 0 -0.999569
3950 -0.124895 0 -0.99217
4000 -0.0311211 0 -0.999516
4050 0.120858 0 -0.99267
4100 0.0664397 0 -0.99779
4150 -0.163092 0 -0.986611
4200 -0.115144 0 -0.993349
4250 0.0745871 0 -0.997215
4300 0.1234 0 -0.992357
4350 -0.102938 0 -0.994688
4400 -0.114925 0 -0.993374
4450 -0.000455147 0 -1
4500 0.0502573 0 -0.998736
4550 -0.0894925 0 -0.995987
4600 -0.0947184 0 -0.995504
4650 0.0178856 0 -0.99984
4700 0.103021 0 -0.994679
4750 -0.0080194 0 -0.999968
4800 -0.133831 0 -0.991004
4850 -0.032305 0 -0.999478
4900 0.124513 0 -0.992218
4950 0.00782929 0 -0.999969
5000 -0.0938388 0 -0.995587
5050 -0.0592666 0 -0.998242
5100 0.0587298 0 -0.998274
5150 0.0475108 0 -0.998871
5200 -0.118658 0 -0.992935
5250 -0.0988868 0 -0.995099
5300 0.0432379 0 -0.999065
5350 0.086323 0 -0.996267
5400 -0.142875 0 -0.989741
5450 -0.122501 0 -0.992468
5500 0.0403459 0 -0.999186
5550 0.0712059 0 -0.997462
5600 -0.149795 0 -0.988717
5650 -0.133241 0 -0.991084
5700 0.0213489 0 -0.999772
5750 0.0867611 0 -0.996229
5800 -0.0747153 0 -0.997205
5850 -0.143761 0 -0.989612
5900 0.0240062 0 -0.999712
5950 0.116537 0 -0.993186
6000 -0.0496367 0 -0.998767
6050 -0.158812 0 -0.987309
6100 -0.00921803 0 -0.999958
6150 0.0982966 0 -0.995157
6200 -0.0420979 0 -0.999113
6250 -0.144487 0 -0.989507
6300 -0.0510692 0 -0.998695
6350 0.0951989 0 -0.995458
6400 0.0140817 0 -0.999901
6450 -0.131295 0 -0.991343
6500 -0.0773118 0 -0.997007
6550 0.0965588 0 -0.995327
6600 0.100762 0 -0.994911
6650 -0.054116 0 -0.998535
6700 -0.0570257 0 -0.998373
6750 0.0409705 0 -0.99916
6800 0.0817953 0 -0.996649
6850 -0.0775208 0 -0.996991
6900 -0.14806 0 -0.988978
6950 -0.0144189 0 -0.999896
7000 0.0394388 0 -0.999222
7050 -0.0615398 0 -0.998105
7100 -0.163407 0 -0.986559
7150 -0.0173822 0 -0.999849
7200 0.100099 0 -0.994978
7250 -0.0247383 0 -0.999694
7300 -0.131799 0 -0.991277
7350 -0.00322472 0 -0.999995
7400 0.108116 0 -0.994138
7450 -0.0197187 0 -0.999806
7500 -0.164318 0 -0.986407
7550 -0.0790376 0 -0.996872
7600 0.066586 0 -0.997781
7650 0.0166775 0 -0.999861
7700 -0.134172 0 -0.990958
7750 -0.0812867 0 -0.996691
7800 0.0656498 0 -0.997843
7850 0.0764195 0 -0.997076
7900 -0.135409 0 -0.99079
7950 -0.0919025 0 -0.995768
8000 0.0466706 0 -0.99891
8050 0.0624653 0 -0.998047
8100 -0.129493 0 -0.99158
8150 -0.12368 0 -0.992322
8200 0.0239088 0 -0.999714
8250 0.0640413 0 -0.997947
8300 -0.145581 0 -0.989346
8350 -0.126356 0 -0.991985
8400 0.0176275 0 -0.999845
8450 0.0901549 0 -0.995928
8500 -0.135425 0 -0.990788
8550 -0.121531 0 -0.992588
8600 0.0569568 0 -0.998377
8650 0.0893003 0 -0.996005
8700 -0.078851 0 -0.996886
8750 -0.120333 0 -0.992734
8800 0.0664188 0 -0.997792
8850 0.111299 0 -0.993787
8900 -0.0543154 0 -0.998524
8950 -0.132176 0 -0.991226
9000 -0.0458065 0 -0.99895
9050 0.193841 0 -0.981033
9100 0.0369282 0 -0.999318
9150 -0.0986071 0 -0.995126
9200 -0.0672115 0 -0.997739
9250 0.104711 0 -0.994503
9300 0.0131628 0 -0.999913
9350 -0.162686 0 -0.986678
9400 -0.101572 0 -0.994828
9450 0.0880279 0 -0.996118
9500 0.0747763 0 -0.9972
9550 -0.13286 0 -0.991135
9600 -0.104486 0 -0.994526
9650 0.0374061 0 -0.9993
9700 0.0525602 0 -0.998618
9750 -0.147852 0 -0.989009
9800 -0.126527 0 -0.991963
9850 0.0550784 0 -0.998482
9900 0.100826 0 -0.994904
9950 -0.062285 0 -0.998058
10000 -0.155722 0 -0.987801
10050 -0.0176349 0 -0.999844
10100 0.134754 0 -0.990879
10150 -0.0165686 0 -0.999863
10200 -0.185237 0 -0.982694
10250 -0.0995207 0 -0.995035
10300 0.0654336 0 -0.997857
10350 0.0310337 0 -0.999518
10400 -0.124418 0 -0.99223
10450 -0.120228 0 -0.992746
10500 0.0581491 0 -0.998308
10550 0.0404824 0 -0.99918
10600 -0.139727 0 -0.99019
10650 -0.116296 0 -0.993215
10700 0.0761079 0 -0.9971
10750 0.0770766 0 -0.997025
10800 -0.151203 0 -0.988503
10850 -0.143204 0 -0.989693
10900 0.053655 0 -0.99856
10950 0.124214 0 -0.992256
11000 -0.0706227 0 -0.997503
11050 -0.166327 0 -0.986071
11100 -0.00898893 0 -0.99996
11150 0.0880435 0 -0.996117
11200 -0.0469246 0 -0.998898
11250 -0.189279 0 -0.981923
11300 -0.0969576 0 -0.995289
11350 0.120019 0 -0.992772
11400 0.0801329 0 -0.996784
11450 -0.136467 0 -0.990645
11500 -0.118367 0 -0.99297
11550 0.000927016 0 -1
11600 0.0626165 0 -0.998038
11650 -0.0427398 0 -0.999086
11700 -0.131223 0 -0.991353
11750 0.0750911 0 -0.997177
11800 0.0911166 0 -0.99584
11850 0.137513 0 -0.9905
11900 -0.00673867 0 -0.999977
11950 -0.295471 0 -0.955352
12000 -0.910868 0 -0.412698
12050 -0.894265 0 -0.447539
12100 -0.955949 0 0.293534
12150 -0.727035 0 0.6866
12200 -0.54118 0 0.840907
12250 -0.285278 0 0.958445
12300 -0.243296 0 0.969952
12350 -0.327086 0 0.944995
12400 0.212399 0 0.977183
12450 -0.0203384 0 0.999793
12500 -0.258769 0 0.965939
12550 -0.402625 0 0.915365
12600 -0.915196 0 0.403008
12650 -0.796929 0 0.604073
12700 -0.942636 0 0.333824
