200 -0.0097256 0 0.0171822
250 -0.00869547 0 0.0190219
300 -0.00650682 0 0.0222603
350 -0.0184045 0 0.0210048
400 -0.0167896 0 0.0152871
450 -0.0178176 0 0.0173207
500 -0.0165514 0 0.0251197
550 -0.0111245 0 0.0265601
600 -0.0115608 0 0.0272103
650 -0.0110381 0 0.02983
700 0.0181328 0 -0.00903317
750 0.0625656 0 -0.114644
800 0.0219083 0 -0.40186
850 -0.128727 0 -0.633861
900 -0.138561 0 -0.714367
950 -0.0483116 0 -0.861533
1000 0.0519824 0 -1.04999
1050 -0.0133668 0 -1.04899
1100 -0.184216 0 -1.10353
1150 -0.200172 0 -1.06988
1200 -0.0387713 0 -1.0665
1250 -0.0852734 0 -0.966963
1300 -0.188888 0 -1.00599
1350 -0.0540024 0 -1.01425
1400 0.422991 0 -0.55687
1450 0.170622 0 0.0181991
1500 -0.0346171 0 0.46978
1550 -0.0287199 0 0.429341
1600 0.131563 0 0.52329
1650 -0.00885853 0 0.713801
1700 -0.0661931 0 0.786076
1750 0.119516 0 0.812493
1800 0.282137 0 0.902731
1850 0.145529 0 0.819814
1900 0.0716762 0 0.687923
1950 0.138978 0 0.829902
2000 0.258252 0 0.835115
2050 0.118174 0 0.750732
2100 -0.0119705 0 0.795017
2150 0.101314 0 0.713115
2200 0.248031 0 0.835245
2250 0.167419 0 0.87202
2300 0.0344049 0 0.966888
2350 0.0913247 0 0.872546
2400 0.153354 0 0.83389
2450 0.172835 0 0.841031
2500 -0.00333217 0 0.932662
2550 0.0477819 0 1.11776
2600 0.097048 0 1.0118
2650 0.0511588 0 0.922832
2700 -0.0273356 0 0.808857
2750 0.268919 0 0.808666
2800 0.76861 0 0.358848
2850 1.06501 0 -0.0705974
2900 0.585132 0 -0.565002
2950 0.0450069 0 -0.850764
3000 -0.218653 0 -0.86682
3050 -0.148694 0 -1.07826
3100 -0.0517951 0 -1.11025
3150 -0.193373 0 -1.20195
3200 -0.149283 0 -1.20328
3250 -0.08393 0 -1.2102
3300 0.0112989 0 -1.10141
3350 -0.144229 0 -1.09257
3400 -0.279677 0 -1.11082
3450 -0.112673 0 -1.15914
3500 -0.149161 0 -0.904351
3550 -0.12444 0 -0.921679
3600 -0.182603 0 -1.00371
3650 -0.0564375 0 -1.03554
3700 0.0552715 0 -1.03528
3750 -0.0191038 0 -1.16836
3800 -0.156784 0 -1.22691
3850 -0.0659276 0 -1.17389
3900 0.0198491 0 -1.25678
3950 -0.0661994 0 -1.30707
4000 -0.187867 0 -1.32668
4050 -0.0405705 0 -1.25502
4100 0.075938 0 -1.31631
4150 -0.0171593 0 -1.20116
4200 -0.0959926 0 -1.13919
4250 -0.104402 0 -1.06754
4300 -0.130935 0 -1.10768
4350 -0.241645 0 -0.802377
4400 -0.160656 0 -0.360319
4450 0.035021 0 -0.0809042
4500 0.0837168 0 0.175285
4550 0.0336139 0 0.68498
4600 0.0269266 0 0.758635
4650 0.0693661 0 0.52586
4700 0.114172 0 0.555037
4750 -0.0197142 0 0.589082
4800 -0.0129522 0 0.623103
4850 0.212098 0 0.758972
4900 0.280031 0 0.779442
4950 0.0763747 0 0.689821
5000 -0.0409001 0 0.800995
5050 0.124019 0 0.653998
5100 0.202135 0 0.679983
5150 0.119762 0 0.609933
5200 0.00218 0 0.792829
5250 0.0950362 0 0.842473
5300 0.182641 0 0.988729
5350 0.0891117 0 0.910527
5400 -0.0792743 0 1.04163
5450 0.039737 0 0.950896
5500 0.095047 0 0.941683
5550 0.119574 0 0.870865
5600 0.014497 0 0.803644
5650 0.100534 0 0.702409
5700 0.189677 0 0.744037
5750 0.137336 0 0.827019
5800 -0.00393848 0 0.809039
5850 0.0577809 0 0.978254
5900 0.182015 0 0.918669
5950 0.146988 0 0.915985
6000 0.0103795 0 0.837833
6050 0.0428707 0 0.952133
6100 0.0423057 0 0.833582
6150 -0.0735586 0 0.706377
6200 -0.730547 0 0.330146
6250 -1.05254 0 -0.0901671
6300 -0.744359 0 -0.451655
6350 -0.314748 0 -0.849749
6400 0.00545666 0 -0.809178
6450 -0.0131502 0 -0.977923
6500 -0.119313 0 -1.07292
6550 -0.0409938 0 -1.12596
6600 0.137017 0 -1.13113
6650 -0.0406993 0 -1.20657
6700 -0.126417 0 -1.20571
6750 -0.0252817 0 -1.20866
6800 0.0321271 0 -1.19241
6850 -0.041406 0 -1.21357
6900 -0.212816 0 -1.20011
6950 -0.122686 0 -1.23964
7000 0.0347201 0 -1.19043
7050 -0.0389411 0 -1.20858
7100 -0.17123 0 -1.25634
7150 -0.109215 0 -1.23595
7200 0.0195794 0 -1.31384
7250 -0.0547345 0 -1.23302
7300 -0.204243 0 -1.26449
7350 -0.101217 0 -1.24613
7400 -0.000453442 0 -1.30945
7450 -0.0263304 0 -1.2024
7500 -0.145766 0 -1.28059
7550 -0.159054 0 -1.16055
7600 -0.0150605 0 -1.21468
7650 -0.00118276 0 -1.15834
7700 -0.129256 0 -1.22294
7750 -0.215589 0 -1.23633
7800 -0.122863 0 -1.25581
7850 -0.0134225 0 -1.17103
7900 -0.127823 0 -1.23715
7950 -0.214333 0 -1.211
8000 -0.113556 0 -1.22318
8050 -0.0878385 0 -1.13824
8100 -0.177447 0 -1.09061
8150 -0.283422 0 -1.08359
8200 -0.146796 0 -1.10616
8250 -0.0400606 0 -1.00058
8300 -0.0520782 0 -0.927388
8350 -0.14386 0 -1.0385
8400 -0.0221055 0 -1.01325
8450 0.0744987 0 -1.12432
8500 0.0315978 0 -1.09233
8550 -0.119351 0 -1.12811
8600 -0.112604 0 -1.1542
8650 -0.0204943 0 -1.17869
8700 0.0223114 0 -1.07312
8750 -0.13974 0 -1.12266
8800 -0.00557817 0 -1.01704
8850 0.451414 0 -0.316884
8900 0.331643 0 0.446581
8950 -0.0423063 0 0.808539
9000 -0.0478932 0 0.904902
9050 0.144019 0 0.920871
9100 0.0406063 0 0.909469
9150 0.029362 0 0.994773
9200 0.163006 0 1.05645
9250 0.266922 0 1.21218
9300 0.125893 0 0.99846
9350 -0.0349836 0 0.98513
9400 0.0640609 0 1.08097
9450 0.173959 0 0.826356
9500 0.131316 0 0.678751
9550 0.0183905 0 0.768141
9600 0.0548847 0 0.928104
9650 0.206856 0 1.22062
9700 0.140903 0 1.00351
9750 -0.0108139 0 1.08001
9800 0.12311 0 0.914705
9850 0.167007 0 0.799979
9900 0.0704245 0 0.967506
9950 0.0491978 0 0.952818
10000 0.19596 0 0.82467
10050 0.681985 0 0.469664
10100 0.917667 0 -0.00508174
10150 0.613312 0 -0.511191
10200 0.223305 0 -0.86174
10250 -0.000607124 0 -0.907545
10300 -0.0710189 0 -1.08137
10350 -0.0164679 0 -1.07965
10400 -0.185481 0 -1.24363
10450 -0.195232 0 -1.2241
10500 -0.0521089 0 -1.25555
10550 -0.00514427 0 -1.15143
10600 -0.194796 0 -1.20896
10650 -0.266604 0 -1.21642
10700 -0.147847 0 -1.22162
10750 -0.115888 0 -1.06744
10800 -0.162568 0 -1.10131
10850 -0.258036 0 -1.13397
10900 -0.0741751 0 -1.01097
10950 0.0476326 0 -1.10053
11000 0.0277081 0 -1.07487
11050 -0.152472 0 -1.16913
11100 -0.0915938 0 -1.15225
11150 0.0501923 0 -1.15718
11200 0.0150222 0 -1.10028
11250 -0.195897 0 -1.24715
11300 -0.100272 0 -1.15157
11350 0.00760673 0 -1.18066
11400 -0.0250571 0 -1.03978
11450 -0.120252 0 -1.03276
11500 0.0414491 0 -0.872103
11550 0.397052 0 -0.288129
11600 0.301037 0 0.263175
11650 -0.0251217 0 0.604521
11700 0.0462575 0 0.655524
11750 0.147183 0 0.711396
11800 0.0715935 0 0.852776
11850 -0.0619813 0 1.10464
11900 0.034459 0 0.983673
11950 0.198331 0 1.04874
12000 0.162998 0 0.79981
12050 0.0464154 0 0.82631
12100 0.145985 0 0.992967
12150 0.200596 0 1.08987
12200 0.200017 0 1.06969
12250 0.0279846 0 1.08463
12300 0.154806 0 1.01067
12350 0.203199 0 0.943988
12400 0.151858 0 0.861791
12450 0.0292163 0 1.01934
12500 0.157475 0 0.876502
12550 0.253596 0 0.891746
12600 0.123709 0 0.944316
12650 -0.0201287 0 0.908777
12700 0.146158 0 1.08985
12750 0.232752 0 1.03374
12800 0.140813 0 0.963648
12850 -0.0442738 0 1.01399
12900 0.116606 0 1.02428
12950 0.227068 0 0.764129
13000 0.155159 0 0.838002
13050 -0.0217164 0 0.817094
13100 0.0997845 0 0.940597
13150 0.241038 0 0.979942
13200 0.103951 0 0.792926
13250 -0.0496777 0 0.916285
13300 0.0923056 0 0.998899
13350 0.222975 0 0.996407
13400 0.0782139 0 0.920328
13450 -0.0652441 0 0.679796
13500 -0.0335459 0 0.694447
13550 0.121006 0 0.597857
13600 0.234706 0 0.863021
13650 -0.014548 0 0.689556
13700 -0.0867172 0 0.79944
13750 0.0364102 0 0.814814
13800 0.176477 0 0.796685
13850 0.114568 0 0.660053
13900 -0.118131 0 0.670185
13950 -0.0657273 0 0.704396
14000 0.309691 0 0.546907
14050 0.789102 0 0.320773
14100 0.62796 0 -0.196846
14150 0.313038 0 -0.477534
14200 0.0277888 0 -0.893442
14250 -0.0385064 0 -1.0154
14300 0.0421175 0 -1.09924
14350 -0.0877527 0 -1.23852
14400 -0.213062 0 -1.33722
14450 -0.151557 0 -1.30548
14500 0.0966253 0 -1.35215
14550 0.0535095 0 -1.2864
14600 -0.0903055 0 -1.33416
14650 -0.0632818 0 -1.27207
14700 0.0354597 0 -1.29235
14750 0.0634932 0 -1.24231
14800 -0.109625 0 -1.23983
14850 -0.0825925 0 -1.28331
14900 0.0661334 0 -1.37354
14950 0.0715856 0 -1.23265
15000 -0.128935 0 -1.33828
15050 -0.158777 0 -1.27275
15100 -0.0614863 0 -1.25766
15150 -0.00893663 0 -1.1785
15200 -0.179753 0 -1.27929
15250 -0.16564 0 -1.21368
15300 -0.103742 0 -1.21226
15350 0.0195584 0 -1.18568
15400 -0.178548 0 -1.23157
15450 -0.262891 0 -1.21367
15500 -0.132774 0 -1.18978
15550 -0.0567451 0 -1.07978
15600 -0.166393 0 -1.04651
15650 -0.210895 0 -1.07997
15700 -0.0881939 0 -1.04654
15750 0.0361175 0 -1.05423
15800 0.00844687 0 -1.06931
15850 -0.150034 0 -1.04666
15900 -0.0628012 0 -0.951168
15950 0.0927787 0 -0.921766
16000 0.0402494 0 -0.76252
16050 -0.085179 0 -0.587193
16100 -0.0420109 0 -0.325584
16150 -0.0203718 0 -0.234871
16200 0.062269 0 -0.106235
16250 0.0496431 0 -0.104549
16300 0.0447537 0 -0.0134232
16350 0.0395976 0 -0.0383511
16400 0.0222782 0 -0.0583657
16450 0.0102222 0 -0.037119
16500 0.00882484 0 -0.0132381
16550 0.000139803 0 0.00258228
16600 -0.00738908 0 0.0217259
16650 -0.00695927 0 0.020255
16700 -0.0139665 0 0.021743
16750 -0.0107172 0 0.0234346
16800 -0.0119522 0 0.0286672
16850 -0.0188217 0 0.0195714
16900 -0.0177033 0 0.0255474
16950 -0.0183333 0 0.0314948
17000 -0.00778453 0 0.023256
