200 0.00636275 0 0.00360544
250 -0.00174901 0 -0.00150159
300 0.00170693 0 0.00771493
350 -0.0275626 0 0.0625042
400 -0.0293674 0 -0.0121833
450 -0.0548891 0 -0.101053
500 -0.0434663 0 -0.140961
550 0.0332188 0 -0.308632
600 0.153152 0 -0.739695
650 0.18644 0 -0.957683
700 0.2253 0 -0.995453
750 0.239074 0 -1.4618
800 0.138908 0 -1.65254
850 0.431358 0 -1.55272
900 0.290037 0 -1.57887
950 0.275183 0 -1.19645
1000 0.0551096 0 -1.37613
1050 -0.00174337 0 -1.31747
1100 0.0642345 0 -1.19432
1150 0.051647 0 -1.29387
1200 0.0809283 0 -1.26094
1250 -0.0272743 0 -1.53224
1300 0.088048 0 -1.29635
1350 0.173575 0 -1.37219
1400 0.211989 0 -1.24698
1450 0.0742295 0 -1.29214
1500 0.195104 0 -1.33581
1550 0.112653 0 -1.23222
1600 0.0785064 0 -1.31314
1650 0.0384606 0 -1.20434
1700 0.206324 0 -1.29905
1750 0.161233 0 -1.08254
1800 0.155351 0 -1.1814
1850 0.134406 0 -1.29672
1900 0.0255451 0 -1.35437
1950 0.184024 0 -1.3322
2000 0.0691008 0 -1.38578
2050 0.0589188 0 -1.27297
2100 -0.06185 0 -1.32206
2150 0.00455557 0 -1.09761
2200 -0.164141 0 -1.43427
2250 -0.275969 0 -1.56456
2300 -0.179689 0 -1.49525
2350 -0.0257389 0 -1.355
2400 0.217528 0 -1.49947
2450 0.116919 0 -1.48679
2500 -0.114673 0 -1.46835
2550 0.231159 0 -1.43417
2600 0.0126348 0 -1.39733
2650 0.0731694 0 -1.24971
2700 -0.134943 0 -1.31364
2750 0.236824 0 -1.48612
2800 0.132198 0 -1.50697
2850 0.290937 0 -1.33985
2900 0.207372 0 -1.34445
2950 0.312199 0 -1.29739
3000 0.235601 0 -1.29002
3050 0.255448 0 -1.17075
3100 0.111505 0 -1.39725
3150 0.257392 0 -1.37589
3200 0.150922 0 -1.13678
3250 0.266058 0 -1.16978
3300 -0.107758 0 -1.22361
3350 0.213044 0 -1.37978
3400 -0.139345 0 -1.51303
3450 0.0526327 0 -1.44148
3500 -0.0816875 0 -1.41087
3550 0.101816 0 -1.49808
3600 0.230998 0 -1.46129
3650 0.178633 0 -1.34684
3700 0.194626 0 -1.24759
3750 0.289213 0 -1.18741
3800 0.163928 0 -1.1395
3850 0.398917 0 -1.15402
3900 0.345871 0 -1.05784
3950 0.273154 0 -1.33193
4000 0.125671 0 -1.19629
4050 0.213764 0 -1.43294
4100 0.184978 0 -1.17225
4150 0.00529406 0 -1.39624
4200 0.131847 0 -1.35199
4250 0.142729 0 -1.3834
4300 0.0720454 0 -1.22785
4350 -0.00896617 0 -1.3937
4400 -0.0180639 0 -1.3828
4450 -0.153886 0 -1.35745
4500 -0.202374 0 -1.17081
4550 -0.176827 0 -1.20594
4600 0.0743567 0 -1.27475
4650 0.0126308 0 -1.32268
4700 0.170072 0 -1.3069
4750 0.188345 0 -1.26863
4800 0.284877 0 -1.21284
4850 0.263372 0 -1.33081
4900 -0.00502819 0 -1.39421
4950 0.0787494 0 -1.32841
5000 0.0751023 0 -1.14697
5050 0.0225744 0 -0.917569
5100 -0.0123214 0 -1.06435
5150 0.195253 0 -0.962384
5200 0.124276 0 -1.32017
5250 0.125894 0 -1.10069
5300 0.182257 0 -1.35758
5350 0.288681 0 -1.25569
5400 0.200552 0 -1.37825
5450 0.351156 0 -1.16975
5500 0.289747 0 -1.33385
5550 0.195596 0 -1.28666
5600 0.186465 0 -1.30877
5650 0.33241 0 -1.16678
5700 0.202222 0 -1.22533
5750 0.0275755 0 -1.32613
5800 -0.00698782 0 -1.48859
5850 0.290967 0 -1.40084
5900 0.106164 0 -1.40701
5950 0.154784 0 -1.28735
6000 0.0649745 0 -1.35354
6050 0.225307 0 -1.46377
6100 0.117775 0 -1.38606
6150 0.100397 0 -1.36345
6200 0.0191232 0 -1.36246
6250 0.1485 0 -1.44107
6300 0.216803 0 -1.28755
6350 0.139809 0 -1.30184
6400 0.256429 0 -1.24187
6450 0.0931767 0 -1.18253
6500 0.203576 0 -1.07436
6550 0.0585822 0 -1.24407
6600 -0.142585 0 -1.15353
6650 -0.26024 0 -1.35486
6700 0.0498847 0 -1.26678
6750 0.196791 0 -1.24582
6800 -0.135813 0 -1.14369
6850 -0.0301036 0 -1.43168
6900 0.195286 0 -1.26887
6950 0.256709 0 -1.30637
7000 0.135152 0 -1.21814
7050 0.159227 0 -1.23912
7100 0.376856 0 -1.04615
7150 0.304447 0 -1.22398
7200 0.261753 0 -1.15284
7250 0.132125 0 -1.18044
7300 0.178418 0 -0.864962
7350 0.288239 0 -0.958188
7400 0.0771645 0 -0.787888
7450 0.0618141 0 -0.625025
7500 -0.0593836 0 -0.759984
7550 0.0482917 0 -0.55894
7600 0.0277756 0 -0.441701
7650 0.0207953 0 -0.408561
7700 0.0399585 0 -0.29979
7750 0.00880797 0 -0.177235
7800 0.0518153 0 -0.133404
7850 0.0478155 0 -0.0638861
7900 -0.207303 0 0.19577
7950 -0.0706361 0 0.134116
8000 -0.0145455 0 -0.216256
8050 -0.0199308 0 -0.0621375
8100 0.00453871 0 -0.0873948
8150 0.0408606 0 -0.211788
8200 0.026342 0 -0.496336
8250 -0.01701 0 -0.730993
8300 0.0485545 0 -0.73793
8350 -0.0135922 0 -0.80513
8400 -0.0039373 0 -0.501872
8450 -0.0250885 0 -0.548659
8500 0.164492 0 -1.25691
8550 0.283853 0 -1.25385
8600 0.399095 0 -1.23533
8650 0.189562 0 -1.30348
8700 0.235979 0 -1.15284
8750 0.396251 0 -1.13648
8800 0.226597 0 -1.12623
8850 0.0921653 0 -1.07653
8900 -0.00448026 0 -1.1627
8950 0.0657283 0 -1.25683
9000 0.0258793 0 -1.2633
9050 -4.39929e-05 0 -1.16567
9100 0.041543 0 -1.1216
9150 0.26058 0 -1.25952
9200 0.312155 0 -1.09489
9250 0.299455 0 -0.945704
9300 0.239771 0 -0.862682
9350 0.32121 0 -0.839687
9400 0.171416 0 -1.06422
9450 0.176114 0 -1.08206
9500 0.0436222 0 -0.98923
9550 0.176633 0 -0.94481
9600 0.293522 0 -0.839922
9650 0.403125 0 -0.542994
9700 0.527022 0 -0.419041
9750 0.515975 0 -0.454388
9800 0.41828 0 -0.389655
9850 0.389662 0 -0.378625
9900 0.343537 0 -0.310551
9950 0.393077 0 -0.379053
10000 0.312935 0 -0.532037
10050 0.279598 0 -0.487159
10100 0.272106 0 -0.353586
10150 0.0562255 0 -0.162316
10200 0.0714286 0 -0.466455
10250 0.0240782 0 -0.0421968
10300 0.291673 0 -0.44554
10350 0.241684 0 -0.419846
10400 0.328991 0 -0.54154
10450 0.468951 0 -0.611714
10500 0.228802 0 -0.506004
10550 0.116119 0 -0.657848
10600 0.180835 0 -0.609683
10650 0.0703411 0 -0.788882
10700 -0.38111 0 0.00946981
10750 0.164034 0 -0.795244
10800 0.294306 0 -0.820661
10850 0.185082 0 -0.964433
10900 0.248119 0 -1.0459
10950 0.263311 0 -1.00514
11000 0.240191 0 -1.06856
11050 0.0773129 0 -0.967999
11100 -0.0219009 0 -1.10325
11150 -0.0236384 0 -0.926788
11200 0.0671818 0 -0.991164
11250 0.103514 0 -0.985673
11300 0.165105 0 -1.0799
11350 0.231972 0 -1.02565
11400 0.149024 0 -0.964951
11450 0.133028 0 -1.01626
11500 -0.0486158 0 -1.04775
11550 0.0390455 0 -1.09584
11600 -0.0174802 0 -0.827218
11650 0.0984066 0 -0.824585
11700 0.0942469 0 -0.668529
11750 0.124278 0 -0.635381
11800 0.0524482 0 -0.538222
11850 0.0176667 0 -0.638347
11900 0.114347 0 -0.528096
11950 0.136249 0 -0.66382
12000 0.164846 0 -1.06437
12050 0.417061 0 -0.980939
12100 0.408965 0 -1.30901
12150 0.445186 0 -1.34805
12200 0.280341 0 -1.18389
12250 0.275501 0 -1.45303
12300 0.243616 0 -1.38738
12350 0.590776 0 -1.35303
12400 0.351341 0 -1.37588
12450 0.108641 0 -1.20359
12500 0.087215 0 -1.31602
12550 0.149103 0 -1.19696
12600 0.223263 0 -1.37228
12650 0.393272 0 -1.18986
12700 0.161391 0 -1.24085
12750 0.202914 0 -1.24257
12800 0.234161 0 -1.1361
12850 0.24087 0 -1.24875
12900 0.245543 0 -1.17955
12950 0.249877 0 -1.31786
13000 0.239561 0 -1.24258
13050 0.191061 0 -1.2304
13100 0.262567 0 -1.26682
13150 0.0145545 0 -1.24992
13200 0.0626492 0 -1.34029
13250 0.253131 0 -1.25422
13300 0.260878 0 -1.26925
13350 0.193505 0 -1.27886
13400 0.204488 0 -1.34011
13450 0.246744 0 -1.14908
13500 0.131621 0 -1.30612
13550 0.272456 0 -1.22793
13600 0.209608 0 -1.18146
13650 0.089904 0 -1.41164
13700 0.229949 0 -1.22327
13750 0.12083 0 -1.44712
13800 0.0403161 0 -1.44276
13850 0.140605 0 -1.48682
13900 0.140424 0 -1.39541
13950 0.112499 0 -1.23246
14000 0.236121 0 -1.37244
14050 0.402178 0 -1.26367
14100 0.230386 0 -1.37923
14150 0.285873 0 -1.09985
14200 0.0109579 0 -1.24502
14250 0.0966998 0 -1.26293
14300 0.15722 0 -1.39806
14350 0.182164 0 -1.1891
14400 0.206224 0 -1.1434
14450 -0.0106264 0 -1.18293
14500 -0.0581085 0 -1.03458
14550 -0.0637683 0 -1.28409
14600 0.00849173 0 -1.12699
14650 0.14507 0 -1.32545
14700 0.088251 0 -1.24199
14750 0.0560071 0 -1.44846
14800 0.191482 0 -1.20765
14850 0.107708 0 -1.27117
14900 0.254536 0 -1.23818
14950 0.138085 0 -1.26488
15000 0.0764901 0 -1.34782
15050 0.047814 0 -1.15378
15100 -0.030873 0 -1.35552
15150 -0.0246729 0 -1.19003
15200 -0.0776139 0 -1.45041
15250 -0.108919 0 -1.25091
15300 0.15187 0 -1.32459
15350 0.362831 0 -1.18716
15400 0.286126 0 -1.25675
15450 -0.0879347 0 -1.22154
15500 -0.159727 0 -1.27364
15550 -0.00142623 0 -1.42721
15600 0.0537795 0 -1.13995
15650 0.141895 0 -1.21736
15700 0.216278 0 -1.17726
15750 0.251278 0 -1.14168
15800 0.043966 0 -1.28011
15850 0.0882615 0 -1.28149
15900 0.0524277 0 -1.35373
15950 0.0387136 0 -1.20319
16000 0.174171 0 -1.24364
16050 0.0633388 0 -1.24533
16100 0.0105156 0 -1.14955
16150 0.0711132 0 -1.18309
16200 0.122072 0 -1.00191
16250 0.109546 0 -1.22829
16300 0.0225218 0 -1.1949
16350 -0.101214 0 -1.36486
16400 -0.0567115 0 -1.22656
16450 -0.069464 0 -1.24355
16500 -0.0174005 0 -1.18803
16550 0.0892449 0 -1.10381
16600 0.127904 0 -1.28715
16650 0.0032609 0 -1.00993
16700 0.187955 0 -1.29702
16750 -0.000524626 0 -1.13386
16800 -0.0911763 0 -1.31614
16850 -0.00265311 0 -1.09829
16900 0.104242 0 -1.20731
16950 0.181983 0 -1.26178
17000 0.170154 0 -1.06018
17050 0.0916867 0 -1.20992
17100 0.29238 0 -1.08448
17150 0.223075 0 -1.01526
17200 0.267285 0 -1.09854
17250 0.164154 0 -1.15915
17300 0.0422758 0 -1.46238
17350 0.167622 0 -1.0781
17400 0.219919 0 -1.14431
17450 0.255581 0 -1.03646
17500 0.0130212 0 -1.07569
17550 -0.105524 0 -1.07434
17600 -0.111683 0 -0.997352
17650 -0.0780156 0 -1.30483
17700 -0.0017953 0 -1.13691
17750 -0.215095 0 -1.19783
17800 -0.306044 0 -1.14368
17850 -0.263837 0 -0.840524
17900 -0.152643 0 -1.04887
17950 -0.0707677 0 -0.570455
18000 -0.214311 0 -0.842366
18050 0.143791 0 -0.597907
18100 0.132235 0 -0.753812
18150 0.262111 0 -0.735311
18200 0.157162 0 -0.703948
18250 0.0730727 0 -0.946075
18300 0.156218 0 -0.734163
18350 0.242376 0 -0.967807
18400 0.261854 0 -1.03934
18450 0.234548 0 -0.969572
18500 0.0646221 0 -1.0728
18550 0.0920866 0 -1.15336
18600 0.0693145 0 -1.30566
18650 0.229952 0 -1.12775
18700 0.181843 0 -1.08677
18750 0.296523 0 -1.21423
18800 0.24756 0 -1.19946
18850 0.13024 0 -1.35907
18900 0.224926 0 -1.33997
18950 0.0718519 0 -1.37864
19000 0.0822808 0 -1.14339
19050 0.270049 0 -1.03574
19100 0.217747 0 -1.2583
19150 0.144294 0 -1.11094
19200 0.105038 0 -1.50199
19250 0.0507502 0 -1.08838
19300 0.307148 0 -1.07241
19350 0.356121 0 -0.953003
19400 0.520223 0 -0.857105
19450 0.357214 0 -1.04045
19500 0.171307 0 -0.894347
19550 0.133241 0 -1.10419
19600 0.0889615 0 -1.14678
19650 0.159206 0 -1.28342
19700 0.194643 0 -1.18876
19750 0.324699 0 -1.21607
19800 0.317219 0 -1.23377
19850 -0.0192043 0 -1.12826
19900 0.188694 0 -1.30387
19950 0.0634938 0 -1.22697
20000 0.205277 0 -1.44763
20050 0.18626 0 -1.26031
20100 0.100131 0 -1.34333
20150 0.247075 0 -1.23702
20200 0.232426 0 -1.21871
20250 0.378163 0 -1.27184
20300 0.205481 0 -1.22195
20350 0.303003 0 -1.23568
20400 0.422612 0 -0.849831
20450 0.302372 0 -0.948365
20500 0.336439 0 -0.90564
20550 -0.0567398 0 -1.01703
20600 -0.382264 0 -1.0208
20650 -0.185492 0 -1.05253
20700 -0.17354 0 -1.04748
20750 0.0401319 0 -1.08485
20800 0.195312 0 -1.12841
20850 0.308917 0 -0.96253
20900 0.384839 0 -0.985256
20950 0.517525 0 -1.02013
21000 0.4379 0 -0.83449
21050 0.280997 0 -1.12732
21100 0.420018 0 -0.878505
21150 0.465129 0 -1.00602
21200 0.380896 0 -0.975482
21250 0.321207 0 -1.12148
21300 0.305711 0 -1.11987
21350 0.213878 0 -0.945021
21400 0.355043 0 -1.04549
21450 0.294738 0 -0.945036
21500 0.19176 0 -1.20629
21550 0.258839 0 -0.978875
21600 0.174753 0 -1.1323
21650 0.318857 0 -1.06735
21700 0.237418 0 -1.2472
21750 0.277674 0 -1.1724
21800 0.378657 0 -1.0997
21850 0.379765 0 -1.15364
21900 0.184867 0 -1.15666
21950 0.217339 0 -1.24711
22000 0.327692 0 -1.05931
22050 0.267066 0 -1.25651
22100 0.330154 0 -1.17422
22150 0.159032 0 -1.40494
22200 0.118062 0 -1.33385
22250 0.211091 0 -1.23033
22300 0.168901 0 -1.18864
22350 0.276312 0 -1.1491
22400 0.207267 0 -1.22225
22450 0.356795 0 -1.0115
22500 0.290762 0 -1.16938
22550 0.313708 0 -1.1573
22600 -0.0399753 0 -1.22706
22650 -0.122087 0 -1.38543
22700 -0.0408216 0 -1.17208
22750 -0.0498465 0 -1.36462
22800 0.0830868 0 -1.2966
22850 0.0759301 0 -1.36478
22900 0.304383 0 -1.19172
22950 0.341494 0 -1.18962
23000 0.272136 0 -1.26468
23050 0.191183 0 -1.28133
23100 0.27995 0 -1.30672
23150 0.175797 0 -1.11321
23200 0.241114 0 -1.14963
23250 0.13985 0 -1.02394
23300 0.193504 0 -1.39086
23350 0.358176 0 -1.09628
23400 0.223019 0 -1.15684
23450 -0.113405 0 -1.21669
23500 0.00143586 0 -1.32771
23550 0.196548 0 -1.19844
23600 0.0635369 0 -1.23282
23650 0.27676 0 -1.32499
23700 0.150909 0 -1.1661
23750 -0.0666407 0 -1.34332
23800 -0.0999286 0 -1.24785
23850 -0.0542412 0 -1.27035
23900 0.129115 0 -1.08671
23950 -0.010885 0 -1.38663
24000 0.0294144 0 -1.23275
24050 0.130867 0 -1.38228
24100 0.320588 0 -1.15114
24150 0.0736618 0 -1.34459
24200 0.0704563 0 -1.04609
24250 -0.172093 0 -1.01787
24300 -0.033279 0 -1.25705
24350 -0.402844 0 -1.37456
24400 -0.0623793 0 -1.54569
24450 0.0228654 0 -1.47325
24500 0.132654 0 -1.13616
24550 0.165791 0 -1.1992
24600 0.117428 0 -1.21656
24650 0.199578 0 -1.43347
24700 0.395005 0 -1.2556
24750 0.317005 0 -1.3628
24800 0.376834 0 -1.22456
24850 0.0609826 0 -1.35944
24900 0.199258 0 -1.31972
24950 0.219301 0 -1.27295
25000 0.241823 0 -1.13869
25050 0.143501 0 -1.31481
25100 0.336006 0 -1.28833
25150 0.12018 0 -1.34855
25200 0.267604 0 -1.08972
25250 -0.0346594 0 -1.19401
25300 -0.026418 0 -1.19269
25350 -0.146955 0 -1.29598
25400 -0.228477 0 -1.14492
25450 -0.174695 0 -1.04741
25500 0.202155 0 -1.35732
25550 0.413736 0 -1.54218
25600 0.464798 0 -1.33102
25650 0.311922 0 -1.45354
25700 0.0701351 0 -1.31601
25750 0.231823 0 -1.62841
25800 0.323523 0 -1.48855
25850 0.0797852 0 -1.58823
25900 -0.0474479 0 -1.31479
25950 -0.0626397 0 -1.43887
26000 0.0185128 0 -1.31768
26050 -0.0256452 0 -1.46343
26100 0.0874776 0 -1.30977
26150 -0.140576 0 -1.29274
26200 0.0660929 0 -1.19633
26250 0.0606388 0 -1.06486
26300 -0.0265663 0 -0.92866
26350 0.0814661 0 -0.667893
26400 -0.0898371 0 -0.571072
26450 0.146415 0 -0.153146
26500 0.0899414 0 -0.0367604
26550 0.145376 0 -0.155098
26600 0.0278511 0 -0.254995
26650 -0.225175 0 -0.183208
26700 -0.176445 0 -0.368679
26750 -0.19146 0 0.0902389
