200 -0.381998 0 0.924163
250 -0.454607 0 0.890692
300 -0.18903 0 0.981971
350 0.0650154 0 0.997884
400 -0.520571 0 0.853818
450 -0.707264 0 0.70695
500 -0.623699 0 0.781664
550 -0.931211 0 0.36448
600 -0.599593 0 0.800305
650 -0.619154 0 0.78527
700 0.129521 0 -0.991577
750 0.0997583 0 -0.995012
800 0.330554 0 -0.943787
850 0.370258 0 -0.928929
900 0.102178 0 -0.994766
950 0.024425 0 -0.999702
1000 -0.167653 0 -0.985846
1050 -0.104748 0 -0.994499
1100 -0.0462284 0 -0.998931
1150 -0.0699986 0 -0.997547
1200 -0.296506 0 -0.955031
1250 -0.106519 0 -0.994311
1300 -0.0636968 0 -0.997969
1350 -0.0780658 0 -0.996948
1400 -0.124535 0 -0.992215
1450 -0.114278 0 -0.993449
1500 -0.0248481 0 -0.999691
1550 -0.0996103 0 -0.995027
1600 -0.158176 0 -0.987411
1650 -0.121415 0 -0.992602
1700 0.0288591 0 -0.999583
1750 -0.40653 0 -0.913638
1800 -0.391394 0 -0.920223
1850 -0.243925 0 -0.969794
1900 0.0455237 0 -0.998963
1950 0.451117 0 -0.892465
2000 0.546174 0 -0.837672
2050 0.253551 0 -0.967322
2100 0.471821 0 -0.881695
2150 0.718704 0 -0.695317
2200 0.833446 0 -0.552602
2250 0.682692 0 -0.730706
2300 0.749974 0 -0.661467
2350 0.446161 0 -0.894953
2400 0.288543 0 -0.957467
2450 0.212133 0 -0.977241
2500 -0.140824 0 -0.990035
2550 0.0377123 0 -0.999289
2600 0.00443484 0 -0.99999
2650 -0.164758 0 -0.986334
2700 -0.222515 0 -0.974929
2750 -0.14778 0 -0.98902
2800 -0.134983 0 -0.990848
2850 -0.421333 0 -0.906906
2900 -0.289457 0 -0.957191
2950 -0.152257 0 -0.988341
3000 -0.201005 0 -0.97959
3050 -0.0712381 0 -0.997459
3100 -0.190045 0 -0.981775
3150 -0.266648 0 -0.963794
3200 -0.179751 0 -0.983712
3250 -0.150445 0 -0.988618
3300 -0.0382101 0 -0.99927
3350 -0.0524337 0 -0.998624
3400 -0.0830578 0 -0.996545
3450 -0.0395441 0 -0.999218
3500 -0.0710947 0 -0.99747
3550 -0.00696948 0 -0.999976
3600 -0.0488688 0 -0.998805
3650 -0.0876271 0 -0.996153
3700 -0.0979761 0 -0.995189
3750 -0.156683 0 -0.987649
3800 -0.120589 0 -0.992703
3850 -0.343829 0 -0.939032
3900 -0.328382 0 -0.944545
3950 -0.378459 0 -0.925618
4000 -0.192945 0 -0.98121
4050 -0.191518 0 -0.981489
4100 -0.177543 0 -0.984113
4150 -0.149111 0 -0.98882
4200 -0.152788 0 -0.988259
4250 -0.0712438 0 -0.997459
4300 0.0650565 0 -0.997882
4350 0.243147 0 -0.96999
4400 0.350058 0 -0.936728
4450 0.271412 0 -0.962463
4500 0.170556 0 -0.985348
4550 -0.150075 0 -0.988675
4600 -0.812966 0 -0.582311
4650 -0.685883 0 -0.727711
4700 -0.660155 0 -0.751129
4750 -0.573994 0 -0.818859
4800 -0.589149 0 -0.808025
4850 -0.397608 0 -0.917555
4900 -0.345966 0 -0.938247
4950 -0.537999 0 -0.842946
5000 -0.746881 0 -0.664958
5050 -0.605457 0 -0.795878
5100 -0.552833 0 -0.833292
5150 -0.380153 0 -0.924924
5200 -0.285911 0 -0.958256
5250 -0.202807 0 -0.979219
5300 -0.318821 0 -0.947815
5350 -0.136129 0 -0.990691
5400 -0.0795579 0 -0.99683
5450 -0.0980851 0 -0.995178
5500 -0.0499419 0 -0.998752
5550 -0.120444 0 -0.99272
5600 -0.0266072 0 -0.999646
5650 -0.122757 0 -0.992437
5700 -0.00906742 0 -0.999959
5750 -0.159449 0 -0.987206
5800 -0.00659463 0 -0.999978
5850 -0.155367 0 -0.987857
5900 -0.0808032 0 -0.99673
5950 -0.0564569 0 -0.998405
6000 0.0449875 0 -0.998988
6050 -0.0802303 0 -0.996776
6100 -0.0582508 0 -0.998302
6150 -0.0167114 0 -0.99986
6200 0.1167 0 -0.993167
6250 -0.00630401 0 -0.99998
6300 -0.063891 0 -0.997957
6350 -0.154911 0 -0.987928
6400 -0.0790875 0 -0.996868
6450 -0.263145 0 -0.964756
6500 -0.0910822 0 -0.995843
6550 -0.488167 0 -0.87275
6600 -0.42561 0 -0.904907
6650 -0.395995 0 -0.918252
6700 -0.0983188 0 -0.995155
6750 -0.0240471 0 -0.999711
6800 0.133809 0 -0.991007
6850 0.00991871 0 -0.999951
6900 0.0882469 0 -0.996099
6950 0.0780003 0 -0.996953
7000 -0.0481877 0 -0.998838
7050 -0.131924 0 -0.99126
7100 0.110726 0 -0.993851
7150 -0.0496756 0 -0.998765
7200 -0.0741401 0 -0.997248
7250 -0.13506 0 -0.990837
7300 -0.0549567 0 -0.998489
7350 -0.00820994 0 -0.999966
7400 -0.0266465 0 -0.999645
7450 -0.0481496 0 -0.99884
7500 -0.10691 0 -0.994269
7550 0.0246708 0 -0.999696
7600 0.0924773 0 -0.995715
7650 0.0637004 0 -0.997969
7700 -0.0129618 0 -0.999916
7750 -0.0900207 0 -0.99594
7800 -0.180828 0 -0.983515
7850 -0.128758 0 -0.991676
7900 -0.100925 0 -0.994894
7950 -0.0736094 0 -0.997287
8000 -0.14544 0 -0.989367
8050 -0.023699 0 -0.999719
8100 -0.0882778 0 -0.996096
8150 -0.0568316 0 -0.998384
8200 0.0824045 0 -0.996599
8250 -0.0128049 0 -0.999918
8300 0.0584002 0 -0.998293
8350 0.0898746 0 -0.995953
8400 0.0935245 0 -0.995617
8450 -0.199835 0 -0.97983
8500 -0.276292 0 -0.961074
8550 -0.138441 0 -0.990371
8600 -0.174214 0 -0.984708
8650 -0.381071 0 -0.924546
8700 -0.391146 0 -0.920329
8750 -0.234177 0 -0.972194
8800 -0.177074 0 -0.984197
8850 0.217406 0 -0.976081
8900 0.381637 0 -0.924312
8950 0.46964 0 -0.882858
9000 0.410409 0 -0.911902
9050 0.584998 0 -0.811034
9100 0.382712 0 -0.923868
9150 0.438626 0 -0.89867
9200 0.513289 0 -0.858216
9250 0.497918 0 -0.867224
9300 0.491213 0 -0.871039
9350 0.544015 0 -0.839075
9400 0.291204 0 -0.956661
9450 -0.137556 0 -0.990494
9500 -0.21086 0 -0.977516
9550 -0.45718 0 -0.889374
9600 -0.387866 0 -0.921716
9650 -0.159865 0 -0.987139
9700 -0.163598 0 -0.986527
9750 -0.149354 0 -0.988784
9800 0.0073639 0 -0.999973
9850 -0.107842 0 -0.994168
9900 -0.200659 0 -0.979661
9950 -0.475125 0 -0.879919
10000 -0.280267 0 -0.959922
10050 -0.370794 0 -0.928715
10100 -0.163283 0 -0.986579
10150 -0.205308 0 -0.978697
10200 -0.231079 0 -0.972935
10250 -0.250254 0 -0.96818
10300 -0.0841808 0 -0.99645
10350 -0.0295771 0 -0.999563
10400 -0.0467255 0 -0.998908
10450 -0.120109 0 -0.992761
10500 -0.183578 0 -0.983005
10550 -0.134063 0 -0.990973
10600 -0.176103 0 -0.984372
10650 -0.0262347 0 -0.999656
10700 -0.0381696 0 -0.999271
10750 -0.0637018 0 -0.997969
10800 -0.150785 0 -0.988567
10850 -0.139746 0 -0.990187
10900 -0.0506162 0 -0.998718
10950 -0.0718386 0 -0.997416
11000 -0.326112 0 -0.945331
11050 -0.27175 0 -0.962368
11100 -0.190821 0 -0.981625
11150 -0.198648 0 -0.980071
11200 -0.208436 0 -0.978036
11250 -0.0872306 0 -0.996188
11300 -0.118824 0 -0.992915
11350 -0.159977 0 -0.987121
11400 -0.339839 0 -0.940484
11450 -0.33912 0 -0.940743
11500 -0.148986 0 -0.988839
11550 -0.0937053 0 -0.9956
11600 -0.102145 0 -0.994769
11650 -0.120049 0 -0.992768
11700 -0.160495 0 -0.987037
11750 0.06592 0 -0.997825
11800 0.032453 0 -0.999473
11850 -0.150518 0 -0.988607
11900 -0.258404 0 -0.966037
11950 -0.201594 0 -0.979469
12000 -0.256061 0 -0.966661
12050 -0.350343 0 -0.936622
12100 -0.293574 0 -0.955936
12150 -0.178102 0 -0.984012
12200 -0.196532 0 -0.980497
12250 -0.17557 0 -0.984467
12300 -0.449139 0 -0.893462
12350 -0.271249 0 -0.962509
12400 -0.332016 0 -0.943274
12450 -0.333714 0 -0.942674
12500 -0.476724 0 -0.879053
12550 -0.391624 0 -0.920125
12600 -0.384723 0 -0.923032
12650 -0.463846 0 -0.885916
12700 -0.339593 0 -0.940572
12750 -0.230572 0 -0.973055
12800 -0.209102 0 -0.977894
12850 -0.287912 0 -0.957657
12900 -0.083332 0 -0.996522
12950 -0.160636 0 -0.987014
13000 -0.288657 0 -0.957433
13050 -0.275071 0 -0.961424
13100 -0.382321 0 -0.924029
13150 -0.180396 0 -0.983594
13200 -0.326833 0 -0.945082
