200 0 0 -0.060764
250 0 0 -0.108195
300 0 0 -0.148931
350 0 0 -0.0887175
400 0 0 -0.105577
450 0 0 -0.520352
500 0 0 -0.831337
550 0 0 -1.11838
600 0 0 -1.24976
650 0 0 -1.37629
700 0 0 -1.05227
750 0 0 -1.04717
800 0 0 -1.02029
850 0 0 -1.2582
900 0 0 -1.0511
950 0 0 -1.32477
1000 0 0 -1.05735
1050 0 0 -1.2669
1100 0 0 -1.14294
1150 0 0 -1.30044
1200 0 0 -1.09188
1250 0 0 -1.20087
1300 0 0 -1.21801
1350 0 0 -1.27349
1400 0 0 -1.33833
1450 0 0 -1.27756
1500 0 0 -1.25036
1550 0 0 -1.27963
1600 0 0 -1.29865
1650 0 0 -1.34949
1700 0 0 -1.10853
1750 0 0 -1.20183
1800 0 0 -1.19141
1850 0 0 -1.25956
1900 0 0 -1.22179
1950 0 0 -1.18989
2000 0 0 -1.04367
2050 0 0 -1.08803
2100 0 0 -1.21532
2150 0 0 -1.10219
2200 0 0 -1.26736
2250 0 0 -1.16088
2300 0 0 -1.20977
2350 0 0 -1.18481
2400 0 0 -1.20625
2450 0 0 -1.24769
2500 0 0 -1.20996
2550 0 0 -1.20417
2600 0 0 -1.2347
2650 0 0 -1.16903
2700 0 0 -1.251
2750 0 0 -1.23519
2800 0 0 -1.28375
2850 0 0 -1.26405
2900 0 0 -1.14333
2950 0 0 -1.43348
3000 0 0 -1.30588
3050 0 0 -1.44849
3100 0 0 -1.20981
3150 0 0 -1.44014
3200 0 0 -1.26357
3250 0 0 -1.28981
3300 0 0 -1.33617
3350 0 0 -1.04234
3400 0 0 -1.18844
3450 0 0 -1.14864
3500 0 0 -1.28694
3550 0 0 -1.27078
3600 0 0 -1.21772
3650 0 0 -1.24401
3700 0 0 -1.18895
3750 0 0 -1.25024
3800 0 0 -1.14315
3850 0 0 -1.24041
3900 0 0 -1.23576
3950 0 0 -1.28587
4000 0 0 -1.25617
4050 0 0 -1.21617
4100 0 0 -1.29832
4150 0 0 -1.31325
4200 0 0 -1.35976
4250 0 0 -1.19789
4300 0 0 -1.17545
4350 0 0 -1.27294
4400 0 0 -1.16286
4450 0 0 -1.25306
4500 0 0 -1.21129
4550 0 0 -1.22951
4600 0 0 -1.24589
4650 0 0 -1.12775
4700 0 0 -1.28859
4750 0 0 -1.07863
4800 0 0 -1.181
4850 0 0 -1.1407
4900 0 0 -1.19167
4950 0 0 -1.21567
5000 0 0 -1.21158
5050 0 0 -1.23679
5100 0 0 -1.21331
5150 0 0 -1.28985
5200 0 0 -1.19628
5250 0 0 -1.30765
5300 0 0 -1.37556
5350 0 0 -1.27411
5400 0 0 -1.28584
5450 0 0 -1.16402
5500 0 0 -1.29361
5550 0 0 -1.15623
5600 0 0 -1.32693
5650 0 0 -1.18833
5700 0 0 -1.2408
5750 0 0 -1.27064
5800 0 0 -1.25029
5850 0 0 -1.29607
5900 0 0 -1.16701
5950 0 0 -1.35032
6000 0 0 -1.3509
6050 0 0 -1.38514
6100 0 0 -1.30722
6150 0 0 -1.18733
6200 0 0 -1.35637
6250 0 0 -1.39347
6300 0 0 -1.2919
6350 0 0 -1.26928
6400 0 0 -1.26388
6450 0 0 -1.34225
6500 0 0 -1.25863
6550 0 0 -1.16411
6600 0 0 -1.10961
6650 0 0 -1.07699
6700 0 0 -0.966513
6750 0 0 -1.13073
6800 0 0 -0.872886
6850 0 0 -0.915478
6900 0 0 -0.972757
6950 0 0 -0.653115
7000 0 0 -0.833103
7050 0 0 -0.747947
7100 0 0 -0.820142
7150 0 0 -1.11437
7200 0 0 -0.897051
7250 0 0 -1.13482
7300 0 0 -1.08205
7350 0 0 -1.03524
7400 0 0 -1.09364
7450 0 0 -1.18609
7500 0 0 -1.18034
7550 0 0 -1.15388
7600 0 0 -1.1555
7650 0 0 -1.21974
7700 0 0 -1.25333
7750 0 0 -1.27112
7800 0 0 -1.06349
7850 0 0 -1.12185
7900 0 0 -1.26031
7950 0 0 -1.14421
8000 0 0 -1.27839
8050 0 0 -1.02489
8100 0 0 -1.12171
8150 0 0 -1.22546
8200 0 0 -1.07876
8250 0 0 -1.1727
8300 0 0 -1.07155
8350 0 0 -1.04664
8400 0 0 -1.17633
8450 0 0 -1.21969
8500 0 0 -1.16779
8550 0 0 -1.04647
8600 0 0 -1.26755
8650 0 0 -1.23995
8700 0 0 -1.27439
8750 0 0 -1.20822
8800 0 0 -1.11405
8850 0 0 -1.26621
8900 0 0 -1.21102
8950 0 0 -1.35403
9000 0 0 -1.15691
9050 0 0 -1.18526
9100 0 0 -1.2251
9150 0 0 -1.31102
9200 0 0 -1.2331
9250 0 0 -1.20099
9300 0 0 -1.44376
9350 0 0 -1.51147
9400 0 0 -1.42067
9450 0 0 -1.13038
9500 0 0 -1.08573
9550 0 0 -1.04065
9600 0 0 -1.03004
9650 0 0 -0.999293
9700 0 0 -0.926326
9750 0 0 -0.479494
9800 0 0 -0.633284
9850 0 0 -0.321393
9900 0 0 -0.383464
9950 0 0 -0.393469
10000 0 0 -0.122728
10050 0 0 -0.32921
10100 0 0 -0.30833
10150 0 0 -0.215475
10200 0 0 -0.0456375
10250 0 0 -0.3218
10300 0 0 -0.125846
10350 0 0 -0.207947
10400 0 0 -0.306454
10450 0 0 -0.302092
10500 0 0 -0.35083
10550 0 0 -0.168526
10600 0 0 -0.12958
10650 0 0 -0.279265
10700 0 0 -0.464002
10750 0 0 -0.422781
10800 0 0 -0.27712
10850 0 0 -0.40807
10900 0 0 -0.158238
10950 0 0 -0.128103
11000 0 0 -0.841575
11050 0 0 -0.900161
11100 0 0 -0.79916
11150 0 0 -0.882969
11200 0 0 -0.625439
11250 0 0 -0.945171
11300 0 0 -0.799601
11350 0 0 -0.908675
11400 0 0 -0.967779
11450 0 0 -1.05838
11500 0 0 -0.915695
11550 0 0 -1.15893
11600 0 0 -1.08772
11650 0 0 -1.27192
11700 0 0 -1.17005
11750 0 0 -1.22103
11800 0 0 -1.24268
11850 0 0 -1.26035
11900 0 0 -1.33327
11950 0 0 -1.18734
12000 0 0 -1.37631
12050 0 0 -1.35403
12100 0 0 -1.28886
12150 0 0 -1.14582
12200 0 0 -1.00072
12250 0 0 -1.04932
12300 0 0 -1.06821
12350 0 0 -1.11486
12400 0 0 -1.11028
12450 0 0 -0.999245
12500 0 0 -1.30276
12550 0 0 -1.25081
12600 0 0 -1.23765
12650 0 0 -1.13202
12700 0 0 -1.23162
12750 0 0 -1.21713
12800 0 0 -1.27065
12850 0 0 -1.2811
12900 0 0 -1.16676
12950 0 0 -1.29045
13000 0 0 -1.25577
13050 0 0 -1.3551
13100 0 0 -1.10981
13150 0 0 -1.2255
13200 0 0 -1.2227
13250 0 0 -1.30378
13300 0 0 -1.3124
13350 0 0 -1.1627
13400 0 0 -1.28811
13450 0 0 -1.45977
13500 0 0 -1.32091
13550 0 0 -1.27956
13600 0 0 -1.13821
13650 0 0 -1.29243
13700 0 0 -1.22478
13750 0 0 -1.22026
13800 0 0 -1.15762
13850 0 0 -1.26533
13900 0 0 -1.27771
13950 0 0 -1.33805
14000 0 0 -1.25301
14050 0 0 -1.11424
14100 0 0 -1.25789
14150 0 0 -1.16586
14200 0 0 -1.21819
14250 0 0 -0.953991
14300 0 0 -1.04217
14350 0 0 -0.915325
14400 0 0 -1.06171
14450 0 0 -1.01045
14500 0 0 -1.10569
14550 0 0 -1.07372
14600 0 0 -1.30782
14650 0 0 -1.20355
14700 0 0 -1.32208
14750 0 0 -1.18231
14800 0 0 -1.31602
14850 0 0 -1.26003
14900 0 0 -1.36023
14950 0 0 -1.16415
15000 0 0 -1.16904
15050 0 0 -1.35908
15100 0 0 -1.26477
15150 0 0 -1.31838
15200 0 0 -1.08268
15250 0 0 -1.26527
15300 0 0 -1.27753
15350 0 0 -1.37372
15400 0 0 -1.29756
15450 0 0 -1.31524
15500 0 0 -1.28925
15550 0 0 -1.32792
15600 0 0 -1.43589
15650 0 0 -1.29254
15700 0 0 -1.27253
15750 0 0 -1.3824
15800 0 0 -1.31823
15850 0 0 -1.31409
15900 0 0 -1.22047
15950 0 0 -1.4497
16000 0 0 -1.32608
16050 0 0 -1.43547
16100 0 0 -1.26691
16150 0 0 -1.39116
16200 0 0 -1.3851
16250 0 0 -1.42606
16300 0 0 -1.26489
16350 0 0 -1.23537
16400 0 0 -1.33044
16450 0 0 -1.47571
16500 0 0 -1.33687
16550 0 0 -1.42205
16600 0 0 -1.30787
16650 0 0 -1.50207
16700 0 0 -1.2924
16750 0 0 -1.49272
16800 0 0 -1.20922
16850 0 0 -1.43562
16900 0 0 -1.3835
16950 0 0 -1.29118
17000 0 0 -1.33988
17050 0 0 -1.31993
17100 0 0 -1.42324
17150 0 0 -1.31175
17200 0 0 -1.31166
17250 0 0 -1.15896
17300 0 0 -1.37333
17350 0 0 -1.37096
17400 0 0 -1.43014
17450 0 0 -1.23583
17500 0 0 -1.29446
17550 0 0 -1.39136
17600 0 0 -1.28945
17650 0 0 -1.30633
17700 0 0 -1.16551
17750 0 0 -1.28255
17800 0 0 -1.20398
17850 0 0 -1.1481
17900 0 0 -1.002
17950 0 0 -0.89643
18000 0 0 -1.01035
18050 0 0 -0.851279
18100 0 0 -0.857282
18150 0 0 -0.555752
18200 0 0 -0.82861
18250 0 0 -0.206395
18300 0 0 -0.179613
18350 0 0 -0.14726
18400 0 0 -0.328138
18450 0 0 -0.244312
18500 0 0 -0.158121
18550 0 0 -0.173388
18600 0 0 -0.135971
18650 0 0 -0.100946
18700 0 0 -0.087596
18750 0 0 -0.0798056
18800 0 0 -0.0685812
18850 0 0 -0.0761529
18900 0 0 -0.068836
