200 0 0 -0.0334514
250 0 0 -0.03204
300 0 0 -0.0467811
350 0 0 -0.0169266
400 0 0 -0.01932
450 0 0 -0.0238583
500 0 0 -0.01405
550 0 0 -0.0163969
600 0 0 -0.0252959
650 0 0 -0.0342455
700 0 0 -0.0188835
750 0 0 -0.0299525
800 0 0 -0.0330305
850 0 0 -0.0233318
900 0 0 -0.023023
950 0 0 -0.0320982
1000 0 0 -0.0267425
1050 0 0 -0.0170464
1100 0 0 -0.0200925
1150 0 0 -0.0896335
1200 0 0 -0.172993
1250 0 0 -0.331464
1300 0 0 -0.343134
1350 0 0 -0.514993
1400 0 0 -0.620088
1450 0 0 -0.617589
1500 0 0 -0.510487
1550 0 0 -0.62174
1600 0 0 -0.670315
1650 0 0 -0.721786
1700 0 0 -0.753568
1750 0 0 -0.841942
1800 0 0 -0.787197
1850 0 0 -0.77024
1900 0 0 -0.750926
1950 0 0 -0.731942
2000 0 0 -0.751317
2050 0 0 -0.591952
2100 0 0 -0.575034
2150 0 0 -0.535555
2200 0 0 -0.375772
2250 0 0 -0.455612
2300 0 0 -0.492534
2350 0 0 -0.52853
2400 0 0 -0.559339
2450 0 0 -0.601719
2500 0 0 -0.504231
2550 0 0 -0.513894
2600 0 0 -0.549474
2650 0 0 -0.529971
2700 0 0 -0.45928
2750 0 0 -0.643598
2800 0 0 -0.638251
2850 0 0 -0.736059
2900 0 0 -1.02539
2950 0 0 -1.0026
3000 0 0 -1.13142
3050 0 0 -1.05483
3100 0 0 -0.966856
3150 0 0 -1.02793
3200 0 0 -1.03412
3250 0 0 -1.38728
3300 0 0 -1.35987
3350 0 0 -1.30971
3400 0 0 -1.28543
3450 0 0 -1.21449
3500 0 0 -1.25242
3550 0 0 -1.27915
3600 0 0 -1.45442
3650 0 0 -1.45029
3700 0 0 -1.41442
3750 0 0 -1.31452
3800 0 0 -1.33325
3850 0 0 -1.42457
3900 0 0 -1.41163
3950 0 0 -1.36881
4000 0 0 -1.45184
4050 0 0 -1.5499
4100 0 0 -1.44385
4150 0 0 -1.45766
4200 0 0 -1.42456
4250 0 0 -1.47396
4300 0 0 -1.50553
4350 0 0 -1.5688
4400 0 0 -1.51275
4450 0 0 -1.4962
4500 0 0 -1.32436
4550 0 0 -1.20472
4600 0 0 -1.24981
4650 0 0 -1.3319
4700 0 0 -1.23091
4750 0 0 -1.28456
4800 0 0 -1.1483
4850 0 0 -1.15732
4900 0 0 -1.18321
4950 0 0 -1.09882
5000 0 0 -1.1799
5050 0 0 -1.06697
5100 0 0 -1.23859
5150 0 0 -1.04936
5200 0 0 -0.976466
5250 0 0 -0.996969
5300 0 0 -0.915318
5350 0 0 -1.08026
5400 0 0 -0.90916
5450 0 0 -0.991962
5500 0 0 -0.920499
5550 0 0 -0.803462
5600 0 0 -0.865226
5650 0 0 -0.680854
5700 0 0 -0.849865
5750 0 0 -0.754906
5800 0 0 -0.782796
5850 0 0 -0.77039
5900 0 0 -0.761228
5950 0 0 -0.673274
6000 0 0 -0.899196
6050 0 0 -0.674534
6100 0 0 -0.601816
6150 0 0 -0.654579
6200 0 0 -0.530084
6250 0 0 -0.529286
6300 0 0 -0.512756
6350 0 0 -0.517306
6400 0 0 -0.614319
6450 0 0 -0.687409
6500 0 0 -0.610564
6550 0 0 -0.727887
6600 0 0 -0.671672
6650 0 0 -0.66989
6700 0 0 -0.729684
6750 0 0 -0.607045
6800 0 0 -0.5906
6850 0 0 -0.542415
6900 0 0 -0.507608
6950 0 0 -0.529497
7000 0 0 -0.307753
7050 0 0 -0.26545
7100 0 0 -0.14945
7150 0 0 -0.0292592
7200 0 0 -0.0233243
7250 0 0 -0.0239202
7300 0 0 -0.0320404
7350 0 0 -0.0196646
7400 0 0 -0.0379065
7450 0 0 -0.0531897
7500 0 0 -0.0454442
7550 0 0 -0.0343992
7600 0 0 -0.0231535
7650 0 0 -0.0250495
7700 0 0 -0.111844
7750 0 0 -0.236455
7800 0 0 -0.426508
7850 0 0 -0.342265
7900 0 0 -0.426793
7950 0 0 -0.693096
8000 0 0 -0.715299
8050 0 0 -0.757586
8100 0 0 -0.741675
8150 0 0 -0.729444
8200 0 0 -0.909366
8250 0 0 -0.860206
8300 0 0 -0.814338
8350 0 0 -1.00293
8400 0 0 -0.971593
8450 0 0 -1.14676
8500 0 0 -1.2566
8550 0 0 -1.20626
8600 0 0 -1.18491
8650 0 0 -1.17276
8700 0 0 -1.15272
8750 0 0 -1.12893
8800 0 0 -1.31842
8850 0 0 -1.22895
8900 0 0 -1.39437
8950 0 0 -1.28834
9000 0 0 -1.39523
9050 0 0 -1.2804
9100 0 0 -1.44266
9150 0 0 -1.28332
9200 0 0 -1.35672
9250 0 0 -1.21265
9300 0 0 -1.28385
9350 0 0 -1.32885
9400 0 0 -1.41241
9450 0 0 -1.37777
9500 0 0 -1.42091
9550 0 0 -1.34595
9600 0 0 -1.44421
9650 0 0 -1.28891
9700 0 0 -1.37034
9750 0 0 -1.28092
9800 0 0 -1.26565
9850 0 0 -1.20075
9900 0 0 -1.25011
9950 0 0 -1.28337
10000 0 0 -1.37647
10050 0 0 -1.4135
10100 0 0 -1.44657
10150 0 0 -1.42627
10200 0 0 -1.47492
10250 0 0 -1.3605
10300 0 0 -1.45084
10350 0 0 -1.45978
10400 0 0 -1.56226
10450 0 0 -1.47109
10500 0 0 -1.36801
10550 0 0 -1.47884
10600 0 0 -1.39196
10650 0 0 -1.52874
10700 0 0 -1.44655
10750 0 0 -1.53683
10800 0 0 -1.56479
10850 0 0 -1.5242
10900 0 0 -1.21743
10950 0 0 -1.44083
11000 0 0 -1.52222
11050 0 0 -1.32978
11100 0 0 -1.2347
11150 0 0 -1.25241
11200 0 0 -1.2747
11250 0 0 -1.33927
11300 0 0 -1.32355
11350 0 0 -1.18187
11400 0 0 -1.02513
11450 0 0 -0.952152
11500 0 0 -0.958856
11550 0 0 -1.18198
11600 0 0 -1.07945
11650 0 0 -1.17114
11700 0 0 -0.944502
11750 0 0 -1.01433
11800 0 0 -0.937665
11850 0 0 -0.917097
11900 0 0 -1.00769
11950 0 0 -0.827058
12000 0 0 -1.0064
12050 0 0 -0.926239
12100 0 0 -0.878914
12150 0 0 -1.12106
12200 0 0 -0.930262
12250 0 0 -1.0828
12300 0 0 -0.975863
12350 0 0 -1.01643
12400 0 0 -1.13904
12450 0 0 -1.23063
12500 0 0 -1.2321
12550 0 0 -0.997966
12600 0 0 -0.94489
12650 0 0 -0.932234
12700 0 0 -0.764201
12750 0 0 -0.973569
12800 0 0 -0.859276
12850 0 0 -0.851263
12900 0 0 -1.0109
12950 0 0 -0.791447
13000 0 0 -0.872893
13050 0 0 -0.799187
13100 0 0 -0.757065
13150 0 0 -0.954981
13200 0 0 -0.913684
13250 0 0 -0.951979
13300 0 0 -0.944187
13350 0 0 -0.879447
13400 0 0 -0.949612
13450 0 0 -0.892278
13500 0 0 -0.687249
13550 0 0 -0.886644
13600 0 0 -0.692103
13650 0 0 -0.67872
13700 0 0 -0.830283
13750 0 0 -0.753472
13800 0 0 -0.793415
13850 0 0 -0.777888
13900 0 0 -0.704557
13950 0 0 -0.829517
14000 0 0 -0.938939
14050 0 0 -0.765633
14100 0 0 -0.945715
14150 0 0 -0.847664
14200 0 0 -0.743385
14250 0 0 -0.78736
14300 0 0 -0.589474
14350 0 0 -0.641095
14400 0 0 -0.562234
14450 0 0 -0.606186
14500 0 0 -0.763494
14550 0 0 -0.808081
14600 0 0 -0.626267
14650 0 0 -0.752536
14700 0 0 -0.754373
14750 0 0 -0.66038
14800 0 0 -0.769762
14850 0 0 -0.82272
14900 0 0 -0.697633
14950 0 0 -0.780795
15000 0 0 -0.727526
15050 0 0 -0.700359
15100 0 0 -0.91564
15150 0 0 -0.94334
15200 0 0 -0.978077
15250 0 0 -1.11393
15300 0 0 -1.07009
15350 0 0 -1.14346
15400 0 0 -1.06337
15450 0 0 -1.06447
15500 0 0 -1.12738
15550 0 0 -1.0834
15600 0 0 -1.28742
15650 0 0 -1.20299
15700 0 0 -1.35554
15750 0 0 -1.23098
15800 0 0 -1.30003
15850 0 0 -1.37011
15900 0 0 -1.36528
15950 0 0 -1.29559
16000 0 0 -1.3876
16050 0 0 -1.31904
16100 0 0 -1.23997
16150 0 0 -1.27251
16200 0 0 -1.28142
16250 0 0 -1.3958
16300 0 0 -1.41114
16350 0 0 -1.47878
16400 0 0 -1.31481
16450 0 0 -1.29251
16500 0 0 -1.27386
16550 0 0 -1.38369
16600 0 0 -1.29213
16650 0 0 -1.37041
16700 0 0 -1.22645
16750 0 0 -1.2701
16800 0 0 -1.1869
16850 0 0 -1.3319
16900 0 0 -1.35277
16950 0 0 -1.51299
17000 0 0 -1.31151
17050 0 0 -1.33997
17100 0 0 -1.33296
17150 0 0 -1.39374
17200 0 0 -1.27415
17250 0 0 -1.28252
17300 0 0 -1.24567
17350 0 0 -1.29014
17400 0 0 -1.24823
17450 0 0 -1.19746
17500 0 0 -1.13894
17550 0 0 -1.08605
17600 0 0 -1.02047
17650 0 0 -1.00242
17700 0 0 -1.00352
17750 0 0 -0.836067
17800 0 0 -1.08915
17850 0 0 -0.906386
17900 0 0 -0.945193
17950 0 0 -0.834326
18000 0 0 -0.939316
18050 0 0 -0.955638
18100 0 0 -0.943093
18150 0 0 -1.01035
18200 0 0 -0.857719
18250 0 0 -0.844756
18300 0 0 -0.853283
18350 0 0 -1.03214
18400 0 0 -0.920297
18450 0 0 -0.741549
18500 0 0 -0.901826
18550 0 0 -0.712461
18600 0 0 -0.900076
18650 0 0 -0.844323
18700 0 0 -0.884696
18750 0 0 -0.89413
18800 0 0 -0.889397
18850 0 0 -1.03539
18900 0 0 -0.860879
18950 0 0 -0.987524
19000 0 0 -0.921305
19050 0 0 -0.8578
19100 0 0 -1.05138
19150 0 0 -0.891118
19200 0 0 -1.03411
19250 0 0 -0.886951
19300 0 0 -0.897387
19350 0 0 -1.10349
19400 0 0 -0.871259
19450 0 0 -0.935039
19500 0 0 -0.842876
19550 0 0 -0.727838
19600 0 0 -0.798139
19650 0 0 -0.883654
19700 0 0 -0.793681
19750 0 0 -1.03294
19800 0 0 -0.768953
19850 0 0 -0.807944
19900 0 0 -0.762733
19950 0 0 -0.690008
20000 0 0 -0.695658
20050 0 0 -0.649645
20100 0 0 -0.744395
20150 0 0 -0.723432
20200 0 0 -0.738733
20250 0 0 -0.622221
20300 0 0 -0.783013
20350 0 0 -0.735487
20400 0 0 -0.728678
20450 0 0 -0.760696
20500 0 0 -0.706406
20550 0 0 -0.570376
20600 0 0 -0.497729
20650 0 0 -0.593053
20700 0 0 -0.435312
20750 0 0 -0.546286
20800 0 0 -0.644919
20850 0 0 -0.557157
20900 0 0 -0.429951
20950 0 0 -0.642875
21000 0 0 -0.463833
21050 0 0 -0.46164
21100 0 0 -0.610003
21150 0 0 -0.511258
21200 0 0 -0.42704
21250 0 0 -0.448749
21300 0 0 -0.556651
21350 0 0 -0.382856
21400 0 0 -0.370173
21450 0 0 -0.287312
21500 0 0 -0.332519
21550 0 0 -0.0865999
21600 0 0 -0.361824
21650 0 0 -0.43774
21700 0 0 -0.366564
21750 0 0 -0.499299
21800 0 0 -0.616191
21850 0 0 -0.673708
21900 0 0 -0.647347
21950 0 0 -0.75757
22000 0 0 -0.771694
22050 0 0 -0.751257
22100 0 0 -0.965186
22150 0 0 -1.02175
22200 0 0 -1.23399
22250 0 0 -1.25189
22300 0 0 -1.13573
22350 0 0 -1.23706
22400 0 0 -1.14226
22450 0 0 -1.30681
22500 0 0 -1.17694
22550 0 0 -1.20618
22600 0 0 -1.4189
22650 0 0 -1.38144
22700 0 0 -1.30175
22750 0 0 -1.1912
22800 0 0 -1.338
22850 0 0 -1.21324
22900 0 0 -1.26927
22950 0 0 -1.06846
23000 0 0 -1.34858
23050 0 0 -1.18504
23100 0 0 -1.21582
23150 0 0 -1.21313
23200 0 0 -1.25868
23250 0 0 -1.09099
23300 0 0 -1.15131
23350 0 0 -1.11986
23400 0 0 -1.28693
23450 0 0 -1.16781
23500 0 0 -1.15324
23550 0 0 -1.03917
23600 0 0 -1.23267
23650 0 0 -1.19469
23700 0 0 -1.27828
23750 0 0 -1.22606
23800 0 0 -1.20717
23850 0 0 -1.35988
23900 0 0 -1.16834
23950 0 0 -1.20441
24000 0 0 -1.0532
24050 0 0 -1.28212
24100 0 0 -1.19105
24150 0 0 -1.26793
24200 0 0 -1.26398
24250 0 0 -1.39895
24300 0 0 -1.26314
24350 0 0 -1.38006
24400 0 0 -1.2883
24450 0 0 -1.42549
24500 0 0 -1.37878
24550 0 0 -1.34386
24600 0 0 -1.28065
24650 0 0 -1.41049
24700 0 0 -1.39841
24750 0 0 -1.47208
24800 0 0 -1.46534
24850 0 0 -1.51576
24900 0 0 -1.49144
24950 0 0 -1.42063
25000 0 0 -1.38251
25050 0 0 -1.40701
25100 0 0 -1.44819
25150 0 0 -1.40774
25200 0 0 -1.33108
25250 0 0 -1.41374
25300 0 0 -1.4411
25350 0 0 -1.29745
25400 0 0 -1.42981
25450 0 0 -1.36043
25500 0 0 -1.31036
25550 0 0 -1.37673
25600 0 0 -1.32118
25650 0 0 -1.48305
25700 0 0 -1.41099
25750 0 0 -1.43434
25800 0 0 -1.41775
25850 0 0 -1.36121
25900 0 0 -1.29026
25950 0 0 -1.40203
26000 0 0 -1.37372
26050 0 0 -1.51339
26100 0 0 -1.41144
26150 0 0 -1.45455
26200 0 0 -1.45432
26250 0 0 -1.48841
26300 0 0 -1.32886
26350 0 0 -1.41925
26400 0 0 -1.29941
26450 0 0 -1.43941
26500 0 0 -1.39442
26550 0 0 -1.51031
26600 0 0 -1.49589
26650 0 0 -1.50004
26700 0 0 -1.48812
26750 0 0 -1.51571
26800 0 0 -1.45201
26850 0 0 -1.62312
26900 0 0 -1.51076
26950 0 0 -1.57957
27000 0 0 -1.45899
27050 0 0 -1.6233
27100 0 0 -1.55303
27150 0 0 -1.63679
27200 0 0 -1.47381
27250 0 0 -1.51212
27300 0 0 -1.35876
27350 0 0 -1.49695
27400 0 0 -1.53324
27450 0 0 -1.54059
27500 0 0 -1.57167
27550 0 0 -1.53287
27600 0 0 -1.46172
27650 0 0 -1.54014
27700 0 0 -1.4598
27750 0 0 -1.46023
27800 0 0 -1.50684
27850 0 0 -1.48499
27900 0 0 -1.47483
27950 0 0 -1.58107
28000 0 0 -1.56669
28050 0 0 -1.46241
28100 0 0 -1.52549
28150 0 0 -1.63455
28200 0 0 -1.62337
28250 0 0 -1.54205
28300 0 0 -1.37699
28350 0 0 -1.27777
28400 0 0 -1.2932
28450 0 0 -1.25798
28500 0 0 -1.28136
28550 0 0 -1.35051
28600 0 0 -1.31895
28650 0 0 -1.33642
28700 0 0 -1.29272
28750 0 0 -1.14444
28800 0 0 -1.17215
28850 0 0 -1.06945
28900 0 0 -1.21431
28950 0 0 -1.05268
29000 0 0 -1.26685
29050 0 0 -1.06792
29100 0 0 -1.17168
29150 0 0 -1.09231
29200 0 0 -1.1868
29250 0 0 -1.27282
29300 0 0 -1.13336
29350 0 0 -1.17561
29400 0 0 -1.03899
29450 0 0 -1.25056
29500 0 0 -0.983705
29550 0 0 -1.13135
29600 0 0 -1.01107
29650 0 0 -0.982523
29700 0 0 -0.974271
29750 0 0 -0.777367
29800 0 0 -0.926336
29850 0 0 -0.752978
29900 0 0 -0.842438
29950 0 0 -0.982023
30000 0 0 -0.832511
30050 0 0 -1.02823
30100 0 0 -0.803643
30150 0 0 -0.900079
30200 0 0 -0.824078
30250 0 0 -0.828536
30300 0 0 -0.830992
30350 0 0 -0.693621
30400 0 0 -0.737044
30450 0 0 -0.520849
30500 0 0 -0.610863
30550 0 0 -0.724949
30600 0 0 -0.552566
30650 0 0 -0.645951
30700 0 0 -0.554724
30750 0 0 -0.362443
30800 0 0 -0.472089
30850 0 0 -0.363712
30900 0 0 -0.370063
30950 0 0 -0.303994
31000 0 0 -0.287161
31050 0 0 -0.171297
31100 0 0 -0.0633871
31150 0 0 -0.0536859
31200 0 0 -0.065835
31250 0 0 -0.0817826
31300 0 0 -0.0605779
31350 0 0 -0.00818323
31400 0 0 -0.0479864
31450 0 0 -0.0420712
31500 0 0 -0.0334714
31550 0 0 -0.0275907
31600 0 0 -0.0297319
31650 0 0 -0.0203711
31700 0 0 -0.0272681
31750 0 0 -0.0370625
31800 0 0 -0.0303999
31850 0 0 -0.0258428
31900 0 0 -0.0271643
31950 0 0 -0.0289879
