200 0 0 -0.113584
250 0 0 -0.152277
300 0 0 -0.195734
350 0 0 -0.132146
400 0 0 -0.278441
450 0 0 -0.496775
500 0 0 -0.708774
550 0 0 -0.836258
600 0 0 -0.859445
650 0 0 -0.86152
700 0 0 -0.723724
750 0 0 -0.907878
800 0 0 -0.870134
850 0 0 -0.970312
900 0 0 -0.884216
950 0 0 -0.862976
1000 0 0 -0.887607
1050 0 0 -0.855685
1100 0 0 -0.94477
1150 0 0 -1.08949
1200 0 0 -1.02573
1250 0 0 -1.15479
1300 0 0 -1.21479
1350 0 0 -1.23704
1400 0 0 -1.13453
1450 0 0 -1.06458
1500 0 0 -1.138
1550 0 0 -1.16344
1600 0 0 -1.24264
1650 0 0 -1.20053
1700 0 0 -1.10741
1750 0 0 -1.14912
1800 0 0 -1.13804
1850 0 0 -1.18121
1900 0 0 -1.09156
1950 0 0 -1.00157
2000 0 0 -1.05725
2050 0 0 -1.09911
2100 0 0 -1.05141
2150 0 0 -1.02251
2200 0 0 -1.14904
2250 0 0 -1.21801
2300 0 0 -1.26127
2350 0 0 -1.1332
2400 0 0 -1.06909
2450 0 0 -1.13391
2500 0 0 -1.14967
2550 0 0 -1.21309
2600 0 0 -1.07283
2650 0 0 -0.987725
2700 0 0 -1.15145
2750 0 0 -1.06767
2800 0 0 -1.15906
2850 0 0 -1.10919
2900 0 0 -1.22759
2950 0 0 -1.34926
3000 0 0 -1.35758
3050 0 0 -1.21846
3100 0 0 -1.2111
3150 0 0 -1.27807
3200 0 0 -1.29892
3250 0 0 -1.34577
3300 0 0 -1.23871
3350 0 0 -1.13898
3400 0 0 -1.15863
3450 0 0 -1.15534
3500 0 0 -1.20626
3550 0 0 -1.16006
3600 0 0 -1.24837
3650 0 0 -1.23801
3700 0 0 -1.24628
3750 0 0 -1.09026
3800 0 0 -1.08927
3850 0 0 -1.16816
3900 0 0 -1.16837
3950 0 0 -1.27434
4000 0 0 -1.16334
4050 0 0 -1.18712
4100 0 0 -1.23562
4150 0 0 -1.27032
4200 0 0 -1.2803
4250 0 0 -1.20305
4300 0 0 -1.21967
4350 0 0 -1.25664
4400 0 0 -1.32788
4450 0 0 -1.1795
4500 0 0 -1.15108
4550 0 0 -1.23335
4600 0 0 -1.15927
4650 0 0 -1.34097
4700 0 0 -1.28113
4750 0 0 -1.14216
4800 0 0 -1.1367
4850 0 0 -1.05107
4900 0 0 -1.18647
4950 0 0 -1.15868
5000 0 0 -1.17869
5050 0 0 -1.15345
5100 0 0 -1.1304
5150 0 0 -1.16641
5200 0 0 -1.13409
5250 0 0 -1.23822
5300 0 0 -1.27825
5350 0 0 -1.39611
5400 0 0 -1.23128
5450 0 0 -1.20985
5500 0 0 -1.22139
5550 0 0 -1.16611
5600 0 0 -1.23773
5650 0 0 -1.17491
5700 0 0 -1.23305
5750 0 0 -1.22868
5800 0 0 -1.29794
5850 0 0 -1.18412
5900 0 0 -1.07144
5950 0 0 -1.41396
6000 0 0 -1.22885
6050 0 0 -1.37329
6100 0 0 -1.25534
6150 0 0 -1.27496
6200 0 0 -1.32456
6250 0 0 -1.33825
6300 0 0 -1.23127
6350 0 0 -1.25067
6400 0 0 -1.23127
6450 0 0 -1.22188
6500 0 0 -1.29331
6550 0 0 -1.21141
6600 0 0 -1.13864
6650 0 0 -1.13146
6700 0 0 -1.12439
6750 0 0 -1.02417
6800 0 0 -0.840411
6850 0 0 -0.949543
6900 0 0 -0.893479
6950 0 0 -0.830042
7000 0 0 -0.812455
7050 0 0 -0.791173
7100 0 0 -0.880433
7150 0 0 -0.894516
7200 0 0 -0.880827
7250 0 0 -1.30698
7300 0 0 -0.980571
7350 0 0 -1.00043
7400 0 0 -1.07774
7450 0 0 -1.1289
7500 0 0 -1.02658
7550 0 0 -0.976549
7600 0 0 -1.00788
7650 0 0 -1.16627
7700 0 0 -1.19933
7750 0 0 -1.09756
7800 0 0 -1.04504
7850 0 0 -1.12926
7900 0 0 -1.18863
7950 0 0 -1.21108
8000 0 0 -1.13977
8050 0 0 -1.14697
8100 0 0 -1.18232
8150 0 0 -1.24074
8200 0 0 -1.22792
8250 0 0 -1.12085
8300 0 0 -1.08231
8350 0 0 -1.15913
8400 0 0 -1.1689
8450 0 0 -1.21049
8500 0 0 -1.01846
8550 0 0 -0.91124
8600 0 0 -1.17904
8650 0 0 -1.14099
8700 0 0 -1.24825
8750 0 0 -1.17227
8800 0 0 -1.17843
8850 0 0 -1.19176
8900 0 0 -1.27859
8950 0 0 -1.21172
9000 0 0 -1.11913
9050 0 0 -1.19379
9100 0 0 -1.18927
9150 0 0 -1.2251
9200 0 0 -1.06845
9250 0 0 -1.06385
9300 0 0 -1.21309
9350 0 0 -1.18799
9400 0 0 -1.24773
9450 0 0 -1.12593
9500 0 0 -1.10469
9550 0 0 -1.10015
9600 0 0 -1.12669
9650 0 0 -1.02032
9700 0 0 -0.848288
9750 0 0 -0.764172
9800 0 0 -0.714574
9850 0 0 -0.592736
9900 0 0 -0.360973
9950 0 0 -0.392485
10000 0 0 -0.29162
10050 0 0 -0.439774
10100 0 0 -0.245588
10150 0 0 -0.264133
10200 0 0 -0.097981
10250 0 0 -0.385358
10300 0 0 -0.286559
10350 0 0 -0.151865
10400 0 0 -0.260013
10450 0 0 -0.29725
10500 0 0 -0.27964
10550 0 0 -0.163339
10600 0 0 -0.145505
10650 0 0 -0.25982
10700 0 0 -0.387268
10750 0 0 -0.206052
10800 0 0 -0.201642
10850 0 0 -0.342582
10900 0 0 -0.217546
10950 0 0 -0.464288
11000 0 0 -0.667358
11050 0 0 -0.522558
11100 0 0 -0.427151
11150 0 0 -0.414806
11200 0 0 -0.586632
11250 0 0 -0.686869
11300 0 0 -0.86521
11350 0 0 -0.902447
11400 0 0 -1.01553
11450 0 0 -0.870535
11500 0 0 -0.828039
11550 0 0 -0.973011
11600 0 0 -1.00693
11650 0 0 -1.12693
11700 0 0 -1.11536
11750 0 0 -1.19045
11800 0 0 -1.17113
11850 0 0 -1.30041
11900 0 0 -1.17673
11950 0 0 -1.11313
12000 0 0 -1.22339
12050 0 0 -1.27395
12100 0 0 -1.27013
12150 0 0 -1.09228
12200 0 0 -0.915705
12250 0 0 -0.982113
12300 0 0 -0.981705
12350 0 0 -1.07231
12400 0 0 -1.07716
12450 0 0 -1.207
12500 0 0 -1.29176
12550 0 0 -1.38509
12600 0 0 -1.14881
12650 0 0 -1.13366
12700 0 0 -1.18596
12750 0 0 -1.17651
12800 0 0 -1.31639
12850 0 0 -1.23048
12900 0 0 -1.20089
12950 0 0 -1.23277
13000 0 0 -1.26088
13050 0 0 -1.26661
13100 0 0 -1.09301
13150 0 0 -1.10109
13200 0 0 -1.16657
13250 0 0 -1.21288
13300 0 0 -1.18096
13350 0 0 -1.15599
13400 0 0 -1.21132
13450 0 0 -1.25481
13500 0 0 -1.33693
13550 0 0 -1.18913
13600 0 0 -1.19029
13650 0 0 -1.17667
13700 0 0 -1.19006
13750 0 0 -1.13998
13800 0 0 -1.16487
13850 0 0 -1.2726
13900 0 0 -1.30957
13950 0 0 -1.39569
14000 0 0 -1.22807
14050 0 0 -1.17774
14100 0 0 -1.15984
14150 0 0 -1.20493
14200 0 0 -1.32988
14250 0 0 -1.05813
14300 0 0 -0.97715
14350 0 0 -1.02338
14400 0 0 -1.08589
14450 0 0 -1.02147
14500 0 0 -1.00972
14550 0 0 -1.15798
14600 0 0 -1.22702
14650 0 0 -1.34885
14700 0 0 -1.20741
14750 0 0 -1.11811
14800 0 0 -1.18827
14850 0 0 -1.16293
14900 0 0 -1.23724
14950 0 0 -1.10308
15000 0 0 -1.12421
15050 0 0 -1.17982
15100 0 0 -1.17782
15150 0 0 -1.14385
15200 0 0 -1.1495
15250 0 0 -1.26419
15300 0 0 -1.27912
15350 0 0 -1.31641
15400 0 0 -1.19517
15450 0 0 -1.1579
15500 0 0 -1.19221
15550 0 0 -1.20206
15600 0 0 -1.28418
15650 0 0 -1.18848
15700 0 0 -1.22588
15750 0 0 -1.19401
15800 0 0 -1.29331
15850 0 0 -1.22283
15900 0 0 -1.18091
15950 0 0 -1.23838
16000 0 0 -1.24321
16050 0 0 -1.26037
16100 0 0 -1.16263
16150 0 0 -1.22388
16200 0 0 -1.27057
16250 0 0 -1.34629
16300 0 0 -1.2502
16350 0 0 -1.21902
16400 0 0 -1.24381
16450 0 0 -1.24097
16500 0 0 -1.24544
16550 0 0 -1.21592
16600 0 0 -1.2838
16650 0 0 -1.28804
16700 0 0 -1.30966
16750 0 0 -1.19644
16800 0 0 -1.21794
16850 0 0 -1.25577
16900 0 0 -1.24464
16950 0 0 -1.22707
17000 0 0 -1.20464
17050 0 0 -1.31458
17100 0 0 -1.28045
17150 0 0 -1.30299
17200 0 0 -1.20906
17250 0 0 -1.23105
17300 0 0 -1.29149
17350 0 0 -1.29614
17400 0 0 -1.30933
17450 0 0 -1.21626
17500 0 0 -1.30173
17550 0 0 -1.25231
17600 0 0 -1.30586
17650 0 0 -1.21674
17700 0 0 -1.17175
17750 0 0 -1.18396
17800 0 0 -1.15203
17850 0 0 -1.15557
17900 0 0 -1.05774
17950 0 0 -0.964776
18000 0 0 -1.06668
18050 0 0 -1.03941
18100 0 0 -0.931997
18150 0 0 -0.904111
18200 0 0 -0.808659
18250 0 0 -0.712135
18300 0 0 -0.574981
18350 0 0 -0.182203
18400 0 0 -0.304508
18450 0 0 -0.331418
18500 0 0 -0.263118
18550 0 0 -0.222035
18600 0 0 -0.185242
18650 0 0 -0.163395
18700 0 0 -0.146676
18750 0 0 -0.135834
18800 0 0 -0.121367
18850 0 0 -0.125249
18900 0 0 -0.123393
