200 -0.0178564 0 -0.112171
250 -0.0532973 0 -0.142645
300 -0.0550136 0 -0.187844
350 -0.0139309 0 -0.131409
400 -0.242998 0 0.135946
450 -0.418228 0 0.268089
500 -0.614577 0 0.353066
550 -0.784098 0 0.29072
600 -0.806687 0 0.296483
650 -0.840269 0 0.19017
700 -0.723232 0 0.0267023
750 -0.907876 0 0.00207297
800 -0.860306 0 0.130408
850 -0.957855 0 0.154976
900 -0.862783 0 0.193506
950 -0.857187 0 0.0997901
1000 -0.881682 0 0.102382
1050 -0.846155 0 0.127356
1100 -0.944769 0 -0.00122613
1150 -1.06948 0 -0.207855
1200 -0.981696 0 0.0442253
1250 -1.19629 0 0.117097
1300 -1.19952 0 0.1382
1350 -1.21319 0 0.234931
1400 -1.13328 0 0.0533118
1450 -1.0631 0 0.0560709
1500 -1.12845 0 0.14708
1550 -1.15781 0 0.114254
1600 -1.14324 0 0.430694
1650 -1.17865 0 0.213222
1700 -1.16107 0 0.186965
1750 -1.17459 0 0.129572
1800 -1.13658 0 0.0576733
1850 -1.18001 0 -0.0532519
1900 -1.08341 0 -0.133151
1950 -1.00156 0 -0.00386359
2000 -1.05411 0 0.0813883
2050 -1.07471 0 0.230284
2100 -1.05099 0 -0.0299828
2150 -1.02239 0 -0.015928
2200 -1.14239 0 0.123492
2250 -1.213 0 0.110358
2300 -1.23679 0 0.247299
2350 -1.13247 0 -0.0406253
2400 -0.92699 0 0.0592341
2450 -1.08283 0 0.112854
2500 -1.14931 0 0.126597
2550 -1.18868 0 0.221492
2600 -1.06904 0 -0.0900498
2650 -0.98623 0 -0.0543152
2700 -1.15126 0 0.0206204
2750 -1.06363 0 0.0928219
2800 -1.20741 0 0.289945
2850 -1.14485 0 0.205876
2900 -1.25603 0 0.281058
2950 -1.33166 0 0.204424
3000 -1.34097 0 0.211695
3050 -1.21352 0 0.109675
3100 -1.20028 0 0.161519
3150 -1.25098 0 0.261715
3200 -1.05509 0 0.305181
3250 -1.18049 0 0.369157
3300 -1.15661 0 0.0790042
3350 -1.11989 0 0.109063
3400 -1.15189 0 0.124781
3450 -1.14309 0 0.16782
3500 -1.19594 0 0.157442
3550 -1.15992 0 0.0175056
3600 -1.132 0 0.200659
3650 -1.28059 0 0.240652
3700 -1.31352 0 0.306704
3750 -1.11983 0 0.144517
3800 -1.08439 0 0.102933
3850 -1.14305 0 0.240912
3900 -1.15534 0 0.173998
3950 -1.22915 0 0.336359
4000 -1.15734 0 0.118007
4050 -1.16568 0 0.22462
4100 -1.22022 0 0.194445
4150 -1.26096 0 0.153966
4200 -1.27952 0 0.0445624
4250 -1.19631 0 0.127245
4300 -1.20722 0 0.173855
4350 -1.23614 0 0.226096
4400 -1.18678 0 0.394011
4450 -1.08805 0 0.082572
4500 -1.11474 0 0.023719
4550 -1.22705 0 0.187406
4600 -1.14443 0 0.184907
4650 -1.32086 0 0.231355
4700 -1.27696 0 0.103291
4750 -1.12841 0 0.176704
4800 -1.1587 0 0.555897
4850 -1.1416 0 0.424791
4900 -1.27356 0 0.355192
4950 -1.17605 0 0.107709
5000 -1.16295 0 0.191946
5050 -1.13921 0 0.180694
5100 -1.11495 0 0.186277
5150 -1.16253 0 0.0951064
5200 -0.950022 0 0.21064
5250 -1.11667 0 0.291042
5300 -1.23631 0 0.183898
5350 -1.35092 0 0.214446
5400 -1.23119 0 0.0147264
5450 -1.20687 0 0.0848568
5500 -1.21834 0 0.0863281
5550 -1.16468 0 0.0577871
5600 -1.24362 0 0.226045
5650 -1.18134 0 0.227689
5700 -1.21851 0 0.357943
5750 -1.19122 0 0.36711
5800 -1.24886 0 0.353551
5850 -1.18043 0 0.0933483
5900 -1.06684 0 0.099138
5950 -0.846179 0 -1.13282
6000 -1.22824 0 0.038748
6050 -1.36686 0 0.132714
6100 -1.252 0 0.0914143
6150 -1.25993 0 0.195196
6200 -1.30246 0 0.240958
6250 -1.30512 0 0.295904
6300 -1.21424 0 0.204019
6350 -1.21704 0 0.288066
6400 -1.28911 0 0.412893
6450 -1.26447 0 0.341598
6500 -1.29481 0 0.314406
6550 -1.18954 0 0.248941
6600 -1.09867 0 0.29903
6650 -1.08446 0 0.322692
6700 -1.06185 0 0.36978
6750 -1.02086 0 0.0823084
6800 -0.685582 0 0.178559
6850 -0.811 0 0.489034
6900 -0.827967 0 0.514087
6950 -0.762723 0 0.403708
7000 -0.808011 0 0.0848608
7050 -0.771362 0 0.175943
7100 -0.842855 0 0.254476
7150 -0.847394 0 0.2865
7200 -0.619441 0 0.233003
7250 -0.579449 0 -1.25217
7300 -0.939685 0 0.119745
7350 -0.961298 0 0.20306
7400 -1.05423 0 0.223874
7450 -1.09513 0 0.274081
7500 -1.02228 0 0.0938432
7550 -0.976539 0 0.00436665
7600 -0.295183 0 -1.03984
7650 -1.21085 0 0.272521
7700 -1.26398 0 0.290998
7750 -1.12489 0 0.152961
7800 -1.045 0 0.0092923
7850 -1.12664 0 0.0769725
7900 -1.18201 0 0.125209
7950 -1.18836 0 0.233504
8000 -1.1347 0 0.107419
8050 -1.14216 0 0.104894
8100 -1.16607 0 0.195371
8150 -1.22358 0 0.205648
8200 -1.19268 0 0.292064
8250 -1.1176 0 0.0853411
8300 -1.07825 0 0.093619
8350 -1.10942 0 0.335831
8400 -0.919067 0 0.34821
8450 -1.0217 0 0.42452
8500 -0.991262 0 0.0557228
8550 -0.90683 0 0.139691
8600 -1.1287 0 0.34083
8650 -1.11451 0 0.24437
8700 -1.23482 0 0.182667
8750 -1.17222 0 0.0111726
8800 -1.06162 0 0.129612
8850 -1.16165 0 0.198803
8900 -1.28596 0 0.221308
8950 -1.22114 0 0.065218
9000 -1.11906 0 0.0127016
9050 -1.18767 0 0.120803
9100 -1.17837 0 0.160647
9150 -1.20511 0 0.220412
9200 -0.925766 0 0.262681
9250 -0.975058 0 0.213063
9300 -1.20129 0 0.0957672
9350 -1.19603 0 0.0906493
9400 -1.24012 0 0.137618
9450 -1.11833 0 0.13064
9500 -1.08299 0 0.217858
9550 -1.07825 0 0.218382
9600 -0.998184 0 0.414698
9650 -0.86312 0 0.175209
9700 -0.806557 0 0.108509
9750 -0.747589 0 0.239246
9800 -0.631668 0 0.334085
9850 -0.549047 0 0.223347
9900 -0.346964 0 0.0995861
9950 -0.39073 0 -0.0370764
10000 -0.287572 0 -0.0484223
10050 -0.127863 0 -0.420775
10100 -0.232819 0 0.0781581
10150 0.0480484 0 -0.259726
10200 -0.0214568 0 -0.0956028
10250 -0.320473 0 0.214004
10300 -0.280034 0 -0.0608057
10350 -0.119131 0 0.0941856
10400 -0.143181 0 0.18745
10450 0.210761 0 -0.242151
10500 -0.112007 0 -0.203214
10550 -0.101404 0 -0.162613
10600 -0.122096 0 -0.0791471
10650 -0.21019 0 0.15273
10700 -0.18381 0 0.340867
10750 -0.0275829 0 0.204197
10800 -0.110961 0 -0.00385366
10850 -0.341637 0 -0.367546
10900 -0.216164 0 0.0281296
10950 -0.346209 0 -0.334524
11000 -0.426268 0 0.513481
11050 -0.00424276 0 -0.522541
11100 -0.414144 0 0.10461
11150 -0.414671 0 0.0105765
11200 0.28302 0 -1.25505
11250 0.289427 0 -1.15352
11300 0.0837107 0 -0.987569
11350 -0.838082 0 0.355904
11400 -1.01534 0 0.01974
11450 -0.868389 0 -0.0610829
11500 -0.820536 0 0.11122
11550 -0.964399 0 0.129168
11600 -0.769652 0 0.147605
11650 -1.07052 0 0.0505386
11700 -1.09877 0 0.0573745
11750 -1.18515 0 0.153581
11800 -1.16199 0 0.145976
11850 -1.28326 0 0.210495
11900 -1.17406 0 0.0792303
11950 -1.10766 0 0.110266
12000 -1.20766 0 0.195566
12050 -1.26533 0 0.147877
12100 -1.25534 0 0.193221
12150 -1.09005 0 -0.0698392
12200 -0.915584 0 0.0148856
12250 -0.979981 0 0.0646854
12300 -0.976693 0 0.0990739
12350 -1.07082 0 -0.0565276
12400 -0.930342 0 0.192993
12450 -1.1363 0 0.177431
12500 -1.2401 0 0.21863
12550 -1.33054 0 0.33602
12600 -1.14724 0 0.0600856
12650 -1.12865 0 0.106509
12700 -1.15489 0 0.26971
12750 -1.16878 0 0.134659
12800 -1.14248 0 0.412167
12850 -1.14871 0 0.188083
12900 -1.15934 0 0.215402
12950 -1.24817 0 0.133087
13000 -1.25888 0 0.0709009
13050 -1.26374 0 0.0852748
13100 -1.08971 0 0.0848813
13150 -1.09459 0 0.119465
13200 -0.944064 0 0.366087
13250 -1.10285 0 0.359537
13300 -1.10924 0 0.119401
13350 -1.1256 0 0.125706
13400 -1.2053 0 0.120645
13450 -1.24296 0 0.172086
13500 -1.29192 0 0.344012
13550 -1.18157 0 0.133853
13600 -1.129 0 0.269742
13650 -1.16473 0 0.339205
13700 -1.18316 0 0.38925
13750 -1.15314 0 0.217002
13800 -1.14697 0 0.203441
13850 -1.18022 0 0.476024
13900 -1.25483 0 0.374641
13950 -1.33528 0 0.406186
14000 -1.22049 0 0.136267
14050 -1.1615 0 0.194933
14100 -1.15401 0 0.116173
14150 -1.19593 0 0.146963
14200 -0.707893 0 -1.12581
14250 -1.05676 0 -0.0539027
14300 -0.977063 0 0.0130606
14350 -1.01921 0 0.0922855
14400 0.0553409 0 -0.932017
14450 -0.024238 0 -0.596887
14500 -0.937725 0 0.100901
14550 -1.17035 0 0.0685454
14600 -1.2175 0 0.152565
14650 -1.3401 0 0.153415
14700 -1.20723 0 0.0209976
14750 -1.11564 0 0.0741358
14800 -1.32507 0 0.342126
14850 -1.32166 0 0.293503
14900 -1.28673 0 0.347474
14950 -1.11966 0 0.171107
15000 -1.108 0 0.190226
15050 -1.16094 0 0.210201
15100 -1.14974 0 0.255661
15150 -1.13815 0 0.114092
15200 -1.03405 0 0.305108
15250 -1.15695 0 0.318948
15300 -1.23 0 0.293617
15350 -1.2637 0 0.289821
15400 -1.18711 0 0.138505
15450 -1.14365 0 0.181094
15500 -1.18121 0 0.161522
15550 -1.18793 0 0.183748
15600 -1.35639 0 0.402241
15650 -1.23586 0 0.319131
15700 -1.2183 0 0.307947
15750 -1.18429 0 0.259144
15800 -1.27803 0 0.19817
15850 -1.21789 0 0.109816
15900 -1.16618 0 0.185947
15950 -1.23104 0 0.134698
16000 -1.22919 0 0.186174
16050 -1.24894 0 0.169366
16100 -1.15579 0 0.12595
16150 -1.21465 0 0.149989
16200 -1.2661 0 0.106461
16250 -1.32898 0 0.215216
16300 -1.2328 0 0.207868
16350 -1.19503 0 0.24065
16400 -1.30812 0 0.222535
16450 -1.27325 0 0.239001
16500 -1.25374 0 0.232623
16550 -1.20473 0 0.2337
16600 -1.25807 0 0.255714
16650 -1.26634 0 0.235405
16700 -1.27622 0 0.294065
16750 -1.18117 0 0.190482
16800 -1.15214 0 0.267436
16850 -1.25112 0 0.234742
16900 -1.24299 0 0.203938
16950 -1.21581 0 0.214431
17000 -1.18961 0 0.189725
17050 -1.27816 0 0.307277
17100 -1.26187 0 0.217373
17150 -1.27754 0 0.256262
17200 -1.05654 0 0.400481
17250 -1.14797 0 0.339025
17300 -1.25621 0 0.278435
17350 -1.27483 0 0.263696
17400 -1.29643 0 0.183331
17450 -1.20294 0 0.179458
17500 -1.28153 0 0.228465
17550 -1.24057 0 0.171048
17600 -1.23124 0 0.431196
17650 -1.187 0 0.275412
17700 -1.17034 0 0.253873
17750 -1.20908 0 0.214116
17800 -1.1359 0 0.192061
17850 -1.13454 0 0.219487
17900 -1.05442 0 0.0838402
17950 -0.963413 0 0.0512625
18000 -1.04722 0 0.20286
18050 -1.01731 0 0.213215
18100 -0.91455 0 0.179494
18150 -0.88989 0 0.159723
18200 -0.792161 0 0.162512
18250 -0.677787 0 0.218498
18300 -0.530734 0 0.221188
18350 0.146427 0 -0.10843
18400 0.0979432 0 -0.696313
18450 0.0559106 0 -0.539835
18500 -0.12219 0 -0.303695
18550 0.0577381 0 -0.256282
18600 -0.0151053 0 -0.184625
18650 -0.0355897 0 -0.159472
18700 -0.0280945 0 -0.143961
18750 -0.0157853 0 -0.134913
18800 -0.0289813 0 -0.114744
18850 0.0256899 0 -0.0990976
18900 0.00355958 0 -0.124239
