200 -0.0178564 0 -0.112171
250 -0.0532973 0 -0.142645
300 -0.0550136 0 -0.187844
350 -0.0139309 0 -0.131409
400 -0.242998 0 0.135946
450 -0.418228 0 0.268089
500 -0.614577 0 0.353066
550 -0.784098 0 0.29072
600 -0.806687 0 0.296483
650 -0.840269 0 0.19017
700 -0.723232 0 0.0267023
750 -0.907876 0 0.00207297
800 -0.860306 0 0.130408
850 -0.957855 0 0.154976
900 -0.862783 0 0.193506
950 -0.857187 0 0.0997901
1000 -0.881682 0 0.102382
1050 -0.846155 0 0.127356
1100 -0.944769 0 -0.00122613
1150 -1.06948 0 -0.207855
1200 -1.00722 0 -0.157207
1250 -1.15062 0 -0.0352773
1300 -1.2132 0 0.0854902
1350 -1.21907 0 0.214294
1400 -1.13328 0 0.0533118
1450 -1.0631 0 0.0560709
1500 -1.12845 0 0.14708
1550 -1.15781 0 0.114254
1600 -1.19148 0 0.265302
1650 -1.1922 0 0.0839001
1700 -1.10383 0 0.0881517
1750 -1.1487 0 0.020871
1800 -1.13658 0 0.0576733
1850 -1.18001 0 -0.0532519
1900 -1.08341 0 -0.133151
1950 -1.00156 0 -0.00386359
2000 -1.05411 0 0.0813883
2050 -1.07471 0 0.230284
2100 -1.05099 0 -0.0299828
2150 -1.02239 0 -0.015928
2200 -1.14239 0 0.123492
2250 -1.213 0 0.110358
2300 -1.23679 0 0.247299
2350 -1.13247 0 -0.0406253
2400 -1.06573 0 0.0163969
2450 -1.13483 0 0.0343307
2500 -1.14628 0 0.0587524
2550 -1.1982 0 0.191899
2600 -1.06904 0 -0.0900498
2650 -0.98623 0 -0.0543152
2700 -1.15126 0 0.0206204
2750 -1.06363 0 0.0928219
2800 -1.15672 0 0.0602648
2850 -1.10439 0 0.101106
2900 -1.2063 0 0.226313
2950 -1.34235 0 0.136852
3000 -1.34097 0 0.211695
3050 -1.21352 0 0.109675
3100 -1.20028 0 0.161519
3150 -1.25098 0 0.261715
3200 -1.28492 0 0.174444
3250 -1.31153 0 0.293651
3300 -1.23886 0 -0.00350698
3350 -1.13636 0 0.0799457
3400 -1.15189 0 0.124781
3450 -1.14309 0 0.16782
3500 -1.19594 0 0.157442
3550 -1.15992 0 0.0175056
3600 -1.24331 0 0.0562382
3650 -1.23033 0 0.118312
3700 -1.22741 0 0.207121
3750 -1.08803 0 0.0630696
3800 -1.08439 0 0.102933
3850 -1.14305 0 0.240912
3900 -1.15534 0 0.173998
3950 -1.22915 0 0.336359
4000 -1.15734 0 0.118007
4050 -1.16568 0 0.22462
4100 -1.22022 0 0.194445
4150 -1.26096 0 0.153966
4200 -1.27952 0 0.0445624
4250 -1.19631 0 0.127245
4300 -1.20722 0 0.173855
4350 -1.23614 0 0.226096
4400 -1.28653 0 0.273043
4450 -1.17771 0 -0.00330792
4500 -1.15118 0 -0.0151631
4550 -1.22293 0 0.156038
4600 -1.14443 0 0.184907
4650 -1.32086 0 0.231355
4700 -1.27696 0 0.103291
4750 -1.12841 0 0.176704
4800 -1.08504 0 0.326601
4850 -1.00743 0 0.289373
4900 -1.14158 0 0.31559
4950 -1.15578 0 0.0788039
5000 -1.16295 0 0.191946
5050 -1.13921 0 0.180694
5100 -1.11495 0 0.186277
5150 -1.16253 0 0.0951064
5200 -1.14183 0 0.0488003
5250 -1.22305 0 0.204731
5300 -1.2748 0 0.106431
5350 -1.38737 0 0.159905
5400 -1.23119 0 0.0147264
5450 -1.20687 0 0.0848568
5500 -1.21834 0 0.0863281
5550 -1.16468 0 0.0577871
5600 -1.22621 0 0.076568
5650 -1.16059 0 0.163472
5700 -1.19197 0 0.317403
5750 -1.18223 0 0.334359
5800 -1.24886 0 0.353551
5850 -1.18043 0 0.0933483
5900 -1.06684 0 0.099138
5950 -0.846179 0 -1.13282
6000 -1.22824 0 0.038748
6050 -1.36686 0 0.132714
6100 -1.252 0 0.0914143
6150 -1.25993 0 0.195196
6200 -1.30246 0 0.240958
6250 -1.30512 0 0.295904
6300 -1.21424 0 0.204019
6350 -1.21704 0 0.288066
6400 -1.20049 0 0.273178
6450 -1.19511 0 0.250627
6500 -1.26574 0 0.263265
6550 -1.19143 0 0.218773
6600 -1.09867 0 0.29903
6650 -1.08446 0 0.322692
6700 -1.06185 0 0.36978
6750 -1.02086 0 0.0823084
6800 -0.840871 0 0.154032
6850 -0.885102 0 0.380645
6900 -0.755814 0 0.47988
6950 -0.739047 0 0.376192
7000 -0.808011 0 0.0848608
7050 -0.771362 0 0.175943
7100 -0.842855 0 0.254476
7150 -0.847394 0 0.2865
7200 -0.854389 0 0.295027
7250 -0.968356 0 0.210977
7300 -0.980176 0 0.099945
7350 -0.983609 0 0.178325
7400 -1.05423 0 0.223874
7450 -1.09513 0 0.274081
7500 -1.02228 0 0.0938432
7550 -0.976539 0 0.00436665
7600 -0.995303 0 0.117948
7650 -1.15429 0 0.152308
7700 -1.18623 0 0.161443
7750 -1.09669 0 0.0218077
7800 -1.045 0 0.0092923
7850 -1.12664 0 0.0769725
7900 -1.18201 0 0.125209
7950 -1.18836 0 0.233504
8000 -1.1347 0 0.107419
8050 -1.14216 0 0.104894
8100 -1.16607 0 0.195371
8150 -1.22358 0 0.205648
8200 -1.19268 0 0.292064
8250 -1.1176 0 0.0853411
8300 -1.07825 0 0.093619
8350 -1.10942 0 0.335831
8400 -1.13021 0 0.290663
8450 -1.14765 0 0.379204
8500 -1.01813 0 -0.0377736
8550 -0.904938 0 0.112152
8600 -1.1287 0 0.34083
8650 -1.11451 0 0.24437
8700 -1.23482 0 0.182667
8750 -1.17222 0 0.0111726
8800 -1.17463 0 0.0966437
8850 -1.18252 0 0.140167
8900 -1.26256 0 0.199309
8950 -1.21017 0 0.0562252
9000 -1.11906 0 0.0127016
9050 -1.18767 0 0.120803
9100 -1.17837 0 0.160647
9150 -1.20511 0 0.220412
9200 -1.06313 0 0.0459017
9250 -1.05394 0 0.133526
9300 -1.2096 0 0.0896876
9350 -1.18338 0 0.104396
9400 -1.24012 0 0.137618
9450 -1.11833 0 0.13064
9500 -1.08299 0 0.217858
9550 -1.07825 0 0.218382
9600 -1.08982 0 0.242987
9650 -1.01642 0 -0.0217138
9700 -0.84831 0 -0.0206469
9750 -0.748167 0 0.155056
9800 -0.631668 0 0.334085
9850 -0.549047 0 0.223347
9900 -0.346964 0 0.0995861
9950 -0.39073 0 -0.0370764
10000 -0.287572 0 -0.0484223
10050 -0.127863 0 -0.420775
10100 -0.232819 0 0.0781581
10150 0.0480484 0 -0.259726
10200 -0.0214568 0 -0.0956028
10250 -0.320473 0 0.214004
10300 -0.280034 0 -0.0608057
10350 -0.119131 0 0.0941856
10400 -0.157392 0 -0.205303
10450 -0.0654486 0 -0.289423
10500 -0.201927 0 -0.19242
10550 -0.106566 0 -0.1237
10600 -0.122096 0 -0.0791471
10650 -0.21019 0 0.15273
10700 -0.18381 0 0.340867
10750 -0.0275829 0 0.204197
10800 -0.230612 0 0.00590251
10850 -0.351394 0 -0.0472077
10900 -0.216669 0 0.0389275
10950 -0.299113 0 -0.357801
11000 -0.426268 0 0.513481
11050 -0.00424276 0 -0.522541
11100 -0.414144 0 0.10461
11150 -0.414671 0 0.0105765
11200 -0.578656 0 0.127415
11250 -0.665894 0 0.171722
11300 -0.78364 0 0.367942
11350 -0.8497 0 0.308324
11400 -1.01534 0 0.01974
11450 -0.868389 0 -0.0610829
11500 -0.820536 0 0.11122
11550 -0.964399 0 0.129168
11600 -1.00135 0 0.175
11650 -1.1281 0 0.0717472
11700 -1.1152 0 0.0515216
11750 -1.18065 0 0.148382
11800 -1.16199 0 0.145976
11850 -1.28326 0 0.210495
11900 -1.17406 0 0.0792303
11950 -1.10766 0 0.110266
12000 -1.20766 0 0.195566
12050 -1.26533 0 0.147877
12100 -1.25534 0 0.193221
12150 -1.09005 0 -0.0698392
12200 -0.915584 0 0.0148856
12250 -0.979981 0 0.0646854
12300 -0.976693 0 0.0990739
12350 -1.07082 0 -0.0565276
12400 -1.05765 0 0.050075
12450 -1.19235 0 0.141523
12500 -1.27622 0 0.182885
12550 -1.34791 0 0.318201
12600 -1.14724 0 0.0600856
12650 -1.12865 0 0.106509
12700 -1.15489 0 0.26971
12750 -1.16878 0 0.134659
12800 -1.27553 0 0.27626
12850 -1.22694 0 0.0455097
12900 -1.19111 0 0.144146
12950 -1.23115 0 0.0737941
13000 -1.25888 0 0.0709009
13050 -1.26374 0 0.0852748
13100 -1.08971 0 0.0848813
13150 -1.09459 0 0.119465
13200 -1.14768 0 0.168783
13250 -1.18908 0 0.20541
13300 -1.17604 0 0.0783982
13350 -1.15048 0 0.107668
13400 -1.2053 0 0.120645
13450 -1.24296 0 0.172086
13500 -1.29192 0 0.344012
13550 -1.18157 0 0.133853
13600 -1.17067 0 0.211451
13650 -1.13599 0 0.306988
13700 -1.12815 0 0.379705
13750 -1.12154 0 0.20545
13800 -1.14697 0 0.203441
13850 -1.18022 0 0.476024
13900 -1.25483 0 0.374641
13950 -1.33528 0 0.406186
14000 -1.22049 0 0.136267
14050 -1.1615 0 0.194933
14100 -1.15401 0 0.116173
14150 -1.19593 0 0.146963
14200 -0.707893 0 -1.12581
14250 -1.05676 0 -0.0539027
14300 -0.977063 0 0.0130606
14350 -1.01921 0 0.0922855
14400 -1.04921 0 0.12037
14450 -1.00973 0 0.0495497
14500 -1.00866 0 -0.0219271
14550 -1.15316 0 0.10361
14600 -1.2175 0 0.152565
14650 -1.3401 0 0.153415
14700 -1.20723 0 0.0209976
14750 -1.11564 0 0.0741358
14800 -1.15578 0 0.164305
14850 -1.14891 0 0.137562
14900 -1.20405 0 0.251721
14950 -1.09953 0 0.0809987
15000 -1.108 0 0.190226
15050 -1.16094 0 0.210201
15100 -1.14974 0 0.255661
15150 -1.13815 0 0.114092
15200 -1.13381 0 0.174838
15250 -1.24339 0 0.238679
15300 -1.26096 0 0.215566
15350 -1.29612 0 0.230985
15400 -1.18711 0 0.138505
15450 -1.14365 0 0.181094
15500 -1.18121 0 0.161522
15550 -1.18793 0 0.183748
15600 -1.27599 0 0.122717
15650 -1.17675 0 0.15711
15700 -1.20499 0 0.227206
15750 -1.18067 0 0.17715
15800 -1.27803 0 0.19817
15850 -1.21789 0 0.109816
15900 -1.16618 0 0.185947
15950 -1.23104 0 0.134698
16000 -1.22919 0 0.186174
16050 -1.24894 0 0.169366
16100 -1.15579 0 0.12595
16150 -1.21465 0 0.149989
16200 -1.2661 0 0.106461
16250 -1.32898 0 0.215216
16300 -1.2328 0 0.207868
16350 -1.19503 0 0.24065
16400 -1.22476 0 0.185982
16450 -1.2205 0 0.21054
16500 -1.23073 0 0.181811
16550 -1.1992 0 0.198686
16600 -1.25807 0 0.255714
16650 -1.26634 0 0.235405
16700 -1.27622 0 0.294065
16750 -1.18117 0 0.190482
16800 -1.19611 0 0.237023
16850 -1.2398 0 0.210319
16900 -1.22855 0 0.19975
16950 -1.21029 0 0.205059
17000 -1.18961 0 0.189725
17050 -1.27816 0 0.307277
17100 -1.26187 0 0.217373
17150 -1.27754 0 0.256262
17200 -1.18856 0 0.224476
17250 -1.20716 0 0.243471
17300 -1.26778 0 0.245868
17350 -1.26949 0 0.261834
17400 -1.29643 0 0.183331
17450 -1.20294 0 0.179458
17500 -1.28153 0 0.228465
17550 -1.24057 0 0.171048
17600 -1.2753 0 0.260633
17650 -1.20383 0 0.172684
17700 -1.15546 0 0.195268
17750 -1.17498 0 0.145856
17800 -1.1359 0 0.192061
17850 -1.13454 0 0.219487
17900 -1.05442 0 0.0838402
17950 -0.963413 0 0.0512625
18000 -1.04722 0 0.20286
18050 -1.01731 0 0.213215
18100 -0.91455 0 0.179494
18150 -0.88989 0 0.159723
18200 -0.792161 0 0.162512
18250 -0.677787 0 0.218498
18300 -0.530734 0 0.221188
18350 0.146427 0 -0.10843
18400 0.12941 0 -0.267755
18450 0.106072 0 -0.325685
18500 0.00679153 0 -0.258562
18550 -0.0111874 0 -0.219966
18600 -0.0151053 0 -0.184625
18650 -0.0355897 0 -0.159472
18700 -0.0280945 0 -0.143961
18750 -0.0157853 0 -0.134913
18800 -0.0125158 0 -0.135477
18850 -0.0108267 0 -0.129678
18900 -0.00400075 0 -0.124408
