200 -0.157209 0 -0.987565
250 -0.350002 0 -0.936749
300 -0.281063 0 -0.959689
350 -0.105421 0 -0.994428
400 -0.872709 0 0.48824
450 -0.841885 0 0.539657
500 -0.867099 0 0.498137
550 -0.937627 0 0.347644
600 -0.938614 0 0.34497
650 -0.975333 0 0.220738
700 -0.999319 0 0.0368957
750 -0.999997 0 0.00228331
800 -0.988706 0 0.149871
850 -0.987163 0 0.159718
900 -0.97576 0 0.218845
950 -0.993292 0 0.115635
1000 -0.993325 0 0.115346
1050 -0.988862 0 0.148835
1100 -0.999999 0 -0.00129781
1150 -0.981633 0 -0.190781
1200 -0.988772 0 -0.149429
1250 -0.999517 0 -0.0310771
1300 -0.997472 0 0.0710601
1350 -0.984936 0 0.172919
1400 -0.998895 0 0.0469901
1450 -0.998612 0 0.0526694
1500 -0.991613 0 0.129245
1550 -0.995166 0 0.0982042
1600 -0.977112 0 0.212727
1650 -0.997714 0 0.0675722
1700 -0.996918 0 0.0784487
1750 -0.999825 0 0.0187013
1800 -0.998715 0 0.0506778
1850 -0.998983 0 -0.0450824
1900 -0.992532 0 -0.121982
1950 -0.999993 0 -0.00385754
2000 -0.997033 0 0.0769811
2050 -0.977805 0 0.209519
2100 -0.999593 0 -0.0285166
2150 -0.999879 0 -0.0155773
2200 -0.994208 0 0.107474
2250 -0.995887 0 0.090605
2300 -0.98059 0 0.196071
2350 -0.999357 0 -0.03585
2400 -0.999912 0 0.0132571
2450 -0.999678 0 0.0253926
2500 -0.998749 0 0.0500127
2550 -0.987515 0 0.157527
2600 -0.996471 0 -0.0839366
2650 -0.998487 0 -0.0549902
2700 -0.99984 0 0.0179082
2750 -0.996214 0 0.0869387
2800 -0.998611 0 0.0526947
2850 -0.995811 0 0.091436
2900 -0.982919 0 0.184038
2950 -0.994818 0 0.101668
3000 -0.987767 0 0.155936
3050 -0.995941 0 0.090011
3100 -0.991067 0 0.133366
3150 -0.978809 0 0.204774
3200 -0.990894 0 0.134647
3250 -0.975883 0 0.218293
3300 -0.999995 0 -0.00311209
3350 -0.997542 0 0.0700659
3400 -0.994184 0 0.107697
3450 -0.989394 0 0.145255
3500 -0.991446 0 0.130521
3550 -0.999886 0 0.0150903
3600 -0.998993 0 0.0448595
3650 -0.995398 0 0.0958225
3700 -0.986036 0 0.16653
3750 -0.998313 0 0.0580612
3800 -0.995525 0 0.0944972
3850 -0.978503 0 0.206232
3900 -0.988849 0 0.148924
3950 -0.964537 0 0.263948
4000 -0.994842 0 0.101438
4050 -0.981936 0 0.189213
4100 -0.98754 0 0.157366
4150 -0.992628 0 0.121202
4200 -0.999394 0 0.0348063
4250 -0.994391 0 0.105768
4300 -0.989789 0 0.142542
4350 -0.983681 0 0.179921
4400 -0.978081 0 0.208223
4450 -0.99999 0 -0.00444032
4500 -0.999911 0 -0.013323
4550 -0.99198 0 0.126393
4600 -0.987198 0 0.159503
4650 -0.985005 0 0.172529
4700 -0.996745 0 0.0806245
4750 -0.98796 0 0.15471
4800 -0.958582 0 0.284818
4850 -0.961732 0 0.273991
4900 -0.964468 0 0.2642
4950 -0.997686 0 0.067994
5000 -0.986651 0 0.162847
5050 -0.987653 0 0.156655
5100 -0.986329 0 0.164788
5150 -0.99667 0 0.0815375
5200 -0.99911 0 0.0421877
5250 -0.986771 0 0.162122
5300 -0.996616 0 0.0822037
5350 -0.993424 0 0.114496
5400 -0.999928 0 0.0119603
5450 -0.997537 0 0.0701385
5500 -0.997499 0 0.0706801
5550 -0.998771 0 0.0495555
5600 -0.998134 0 0.0610547
5650 -0.990331 0 0.138727
5700 -0.966569 0 0.256405
5750 -0.962186 0 0.272394
5800 -0.962186 0 0.272393
5850 -0.996888 0 0.0788337
5900 -0.99571 0 0.0925281
5950 -0.598444 0 -0.801164
6000 -0.999503 0 0.031532
6050 -0.995319 0 0.0966393
6100 -0.997345 0 0.0728205
6150 -0.988211 0 0.1531
6200 -0.983314 0 0.181915
6250 -0.975248 0 0.221113
6300 -0.986176 0 0.165698
6350 -0.973112 0 0.230331
6400 -0.975321 0 0.220791
6450 -0.978841 0 0.204622
6500 -0.979121 0 0.203276
6550 -0.983543 0 0.180672
6600 -0.964899 0 0.26262
6650 -0.958468 0 0.2852
6700 -0.944375 0 0.328871
6750 -0.996765 0 0.0803661
6800 -0.983976 0 0.178303
6850 -0.917006 0 0.398874
6900 -0.844023 0 0.536307
6950 -0.890703 0 0.454585
7000 -0.99453 0 0.10445
7050 -0.97496 0 0.222382
7100 -0.957319 0 0.289035
7150 -0.947321 0 0.320285
7200 -0.946364 0 0.323102
7250 -0.975325 0 0.220773
7300 -0.99471 0 0.102727
7350 -0.983632 0 0.180189
7400 -0.978187 0 0.207725
7450 -0.97008 0 0.242785
7500 -0.995813 0 0.0914133
7550 -0.99999 0 0.00447151
7600 -0.99189 0 0.127099
7650 -0.990875 0 0.134786
7700 -0.990934 0 0.134349
7750 -0.999782 0 0.0208587
7800 -0.99996 0 0.00889179
7850 -0.997674 0 0.0681617
7900 -0.994436 0 0.105339
7950 -0.981237 0 0.192806
8000 -0.995549 0 0.0942457
8050 -0.995809 0 0.0914532
8100 -0.986253 0 0.165243
8150 -0.986168 0 0.165746
8200 -0.971301 0 0.237852
8250 -0.997097 0 0.0761394
8300 -0.996252 0 0.0864992
8350 -0.95711 0 0.289726
8400 -0.968931 0 0.24733
8450 -0.949841 0 0.312734
8500 -0.999368 0 -0.0355477
8550 -0.992371 0 0.123288
8600 -0.957307 0 0.289074
8650 -0.976795 0 0.214174
8700 -0.989235 0 0.146338
8750 -0.999955 0 0.00953067
8800 -0.996504 0 0.0835463
8850 -0.992922 0 0.118771
8900 -0.987706 0 0.156321
8950 -0.998918 0 0.0465055
9000 -0.999936 0 0.0113495
9050 -0.994867 0 0.101192
9100 -0.990835 0 0.135081
9150 -0.983682 0 0.179913
9200 -0.999049 0 0.0436101
9250 -0.992169 0 0.124901
9300 -0.997329 0 0.0730437
9350 -0.996134 0 0.0878438
9400 -0.993899 0 0.110294
9450 -0.993246 0 0.116028
9500 -0.980361 0 0.197212
9550 -0.9801 0 0.198503
9600 -0.976889 0 0.213747
9650 -0.999843 0 -0.017739
9700 -0.999728 0 -0.0233254
9750 -0.979052 0 0.20361
9800 -0.883977 0 0.46753
9850 -0.926292 0 0.376807
9900 -0.961191 0 0.275883
9950 -0.995528 0 -0.0944656
10000 -0.986118 0 -0.166046
10050 -0.290747 0 -0.9568
10100 -0.948007 0 0.318249
10150 0.18191 0 -0.983315
10200 -0.218989 0 -0.975727
10250 -0.831624 0 0.555339
10300 -0.977228 0 -0.212193
10350 -0.78445 0 0.620192
10400 -0.66195 0 -0.749548
10450 -0.245534 0 -0.969388
10500 -0.737855 0 -0.674959
10550 -0.650068 0 -0.759876
10600 -0.839118 0 -0.543949
10650 -0.808985 0 0.58783
10700 -0.474632 0 0.880185
10750 -0.133864 0 0.991
10800 -0.999331 0 0.0365861
10850 -0.989489 0 -0.14461
10900 -0.985404 0 0.170232
10950 -0.646645 0 -0.762791
11000 -0.63874 0 0.769423
11050 -0.0081192 0 -0.999967
11100 -0.969548 0 0.244901
11150 -0.999675 0 0.0254974
11200 -0.975207 0 0.221296
11250 -0.969524 0 0.244998
11300 -0.906627 0 0.421933
11350 -0.940072 0 0.340977
11400 -0.999811 0 0.0194382
11450 -0.997535 0 -0.0701672
11500 -0.990938 0 0.134317
11550 -0.991149 0 0.132751
11600 -0.985297 0 0.170848
11650 -0.998234 0 0.0594033
11700 -0.998957 0 0.0456598
11750 -0.992246 0 0.124293
11800 -0.992201 0 0.124646
11850 -0.986812 0 0.161868
11900 -0.997731 0 0.067331
11950 -0.995082 0 0.0990594
12000 -0.98714 0 0.159856
12050 -0.99324 0 0.116078
12100 -0.988361 0 0.152127
12150 -0.997954 0 -0.0639387
12200 -0.999868 0 0.0162559
12250 -0.997829 0 0.0658635
12300 -0.994895 0 0.10092
12350 -0.99861 0 -0.0527156
12400 -0.998711 0 0.0507663
12450 -0.993282 0 0.115721
12500 -0.989866 0 0.142001
12550 -0.973303 0 0.229523
12600 -0.998631 0 0.0523026
12650 -0.995577 0 0.0939516
12700 -0.973797 0 0.227418
12750 -0.993428 0 0.114457
12800 -0.977687 0 0.210068
12850 -0.999467 0 0.03265
12900 -0.992996 0 0.118152
12950 -0.998239 0 0.0593257
13000 -0.998418 0 0.0562314
13050 -0.997731 0 0.0673253
13100 -0.99698 0 0.0776583
13150 -0.994097 0 0.108498
13200 -0.989551 0 0.144181
13250 -0.986153 0 0.165839
13300 -0.997818 0 0.0660267
13350 -0.995637 0 0.0933087
13400 -0.995028 0 0.0995977
13450 -0.990552 0 0.137141
13500 -0.966328 0 0.257314
13550 -0.993645 0 0.112564
13600 -0.984128 0 0.177459
13650 -0.96549 0 0.26044
13700 -0.947932 0 0.318472
13750 -0.983642 0 0.180134
13800 -0.984631 0 0.174647
13850 -0.927406 0 0.374056
13900 -0.958206 0 0.28608
13950 -0.956715 0 0.291028
14000 -0.993825 0 0.11096
14050 -0.986207 0 0.165514
14100 -0.994971 0 0.100163
14150 -0.992534 0 0.121969
14200 -0.532301 0 -0.846555
14250 -0.998702 0 -0.0509414
14300 -0.999911 0 0.013366
14350 -0.995926 0 0.0901771
14400 -0.993583 0 0.113107
14450 -0.998737 0 0.0502371
14500 -0.999775 0 -0.0211886
14550 -0.995978 0 0.0896024
14600 -0.99224 0 0.124337
14650 -0.993511 0 0.113738
14700 -0.999849 0 0.0173906
14750 -0.997799 0 0.0663048
14800 -0.991342 0 0.131306
14850 -0.993242 0 0.11606
14900 -0.979255 0 0.202629
14950 -0.997279 0 0.0737233
15000 -0.98558 0 0.169208
15050 -0.984001 0 0.178164
15100 -0.976158 0 0.217063
15150 -0.995013 0 0.0997441
15200 -0.988274 0 0.15269
15250 -0.983087 0 0.183141
15300 -0.985874 0 0.167489
15350 -0.984579 0 0.174943
15400 -0.993262 0 0.115888
15450 -0.987694 0 0.156398
15500 -0.99078 0 0.135482
15550 -0.988248 0 0.152861
15600 -0.995317 0 0.0966628
15650 -0.991221 0 0.132214
15700 -0.982785 0 0.184753
15750 -0.988872 0 0.148771
15800 -0.988191 0 0.153227
15850 -0.995959 0 0.089805
15900 -0.987525 0 0.15746
15950 -0.994067 0 0.108769
16000 -0.988723 0 0.149753
16050 -0.99093 0 0.134378
16100 -0.994115 0 0.108333
16150 -0.992462 0 0.122552
16200 -0.996483 0 0.0837905
16250 -0.98714 0 0.159859
16300 -0.986081 0 0.166268
16350 -0.98032 0 0.197413
16400 -0.988751 0 0.14957
16450 -0.985684 0 0.168605
16500 -0.989273 0 0.146078
16550 -0.986488 0 0.163835
16600 -0.979962 0 0.199185
16650 -0.983157 0 0.182763
16700 -0.974466 0 0.224534
16750 -0.987245 0 0.159208
16800 -0.980935 0 0.194336
16850 -0.985965 0 0.166954
16900 -0.987092 0 0.160157
16950 -0.985965 0 0.166951
17000 -0.98752 0 0.157495
17050 -0.972298 0 0.233745
17100 -0.985485 0 0.169763
17150 -0.980469 0 0.196673
17200 -0.982516 0 0.186179
17250 -0.980129 0 0.198361
17300 -0.981681 0 0.190534
17350 -0.979382 0 0.202019
17400 -0.990149 0 0.140018
17450 -0.989055 0 0.14755
17500 -0.984478 0 0.175509
17550 -0.990628 0 0.136586
17600 -0.979721 0 0.200367
17650 -0.989868 0 0.141991
17700 -0.986006 0 0.166713
17750 -0.992381 0 0.123209
17800 -0.986005 0 0.166715
17850 -0.981796 0 0.189938
17900 -0.996854 0 0.0792632
17950 -0.998587 0 0.053134
18000 -0.98175 0 0.190178
18050 -0.978735 0 0.20513
18100 -0.981279 0 0.192591
18150 -0.984271 0 0.176663
18200 -0.979598 0 0.200965
18250 -0.951767 0 0.306822
18300 -0.923047 0 0.384687
18350 0.803647 0 -0.595107
18400 0.523796 0 -0.851844
18450 0.390072 0 -0.920784
18500 0.119491 0 -0.992835
18550 -0.0117726 0 -0.999931
18600 -0.0815437 0 -0.99667
18650 -0.217814 0 -0.97599
18700 -0.191541 0 -0.981485
18750 -0.116211 0 -0.993225
18800 -0.0953548 0 -0.995443
18850 -0.0804354 0 -0.99676
18900 -0.0281748 0 -0.999603
