200 -0.0178564 0 -0.112171
250 -0.0532973 0 -0.142645
300 -0.0550136 0 -0.187844
350 -0.0139309 0 -0.131409
400 -0.242998 0 0.135946
450 -0.418228 0 0.268089
500 -0.614577 0 0.353066
550 -0.784098 0 0.29072
600 -0.806687 0 0.296483
650 -0.840269 0 0.19017
700 -0.723232 0 0.0267023
750 -0.907876 0 0.00207297
800 -0.860306 0 0.130408
850 -0.957855 0 0.154976
900 -0.862783 0 0.193506
950 -0.857187 0 0.0997901
1000 -0.881682 0 0.102382
1050 -0.846155 0 0.127356
1100 -0.944769 0 -0.00122613
1150 -1.06948 0 -0.207855
1200 -1.06346 0 -0.142883
1250 -1.18091 0 -0.0268267
1300 -1.21662 0 0.0919785
1350 -1.21941 0 0.212953
1400 -1.13328 0 0.0533118
1450 -1.0631 0 0.0560709
1500 -1.12845 0 0.14708
1550 -1.15781 0 0.114254
1600 -1.24261 0 0.267237
1650 -1.20678 0 0.0824195
1700 -1.10588 0 0.0871329
1750 -1.14976 0 0.023993
1800 -1.13658 0 0.0576733
1850 -1.18001 0 -0.0532519
1900 -1.08341 0 -0.133151
1950 -1.00156 0 -0.00386359
2000 -1.05411 0 0.0813883
2050 -1.07471 0 0.230284
2100 -1.05099 0 -0.0299828
2150 -1.02239 0 -0.015928
2200 -1.14239 0 0.123492
2250 -1.213 0 0.110358
2300 -1.23679 0 0.247299
2350 -1.13247 0 -0.0406253
2400 -1.06622 0 0.0097747
2450 -1.1286 0 0.0297119
2500 -1.14799 0 0.0615591
2550 -1.19742 0 0.192858
2600 -1.06904 0 -0.0900498
2650 -0.98623 0 -0.0543152
2700 -1.15126 0 0.0206204
2750 -1.06363 0 0.0928219
2800 -1.15998 0 0.0707526
2850 -1.10587 0 0.102404
2900 -1.20923 0 0.225698
2950 -1.34227 0 0.139007
3000 -1.34097 0 0.211695
3050 -1.21352 0 0.109675
3100 -1.20028 0 0.161519
3150 -1.25098 0 0.261715
3200 -1.28092 0 0.177714
3250 -1.30779 0 0.292804
3300 -1.23813 0 -0.00572017
3350 -1.13691 0 0.0790104
3400 -1.15189 0 0.124781
3450 -1.14309 0 0.16782
3500 -1.19594 0 0.157442
3550 -1.15992 0 0.0175056
3600 -1.23959 0 0.0540614
3650 -1.23318 0 0.120255
3700 -1.23337 0 0.210782
3750 -1.0896 0 0.0653104
3800 -1.08439 0 0.102933
3850 -1.14305 0 0.240912
3900 -1.15534 0 0.173998
3950 -1.22915 0 0.336359
4000 -1.15734 0 0.118007
4050 -1.16568 0 0.22462
4100 -1.22022 0 0.194445
4150 -1.26096 0 0.153966
4200 -1.27952 0 0.0445624
4250 -1.19631 0 0.127245
4300 -1.20722 0 0.173855
4350 -1.23614 0 0.226096
4400 -1.2733 0 0.271663
4450 -1.17245 0 -0.00963064
4500 -1.1501 0 -0.0156685
4550 -1.22273 0 0.155375
4600 -1.14443 0 0.184907
4650 -1.32086 0 0.231355
4700 -1.27696 0 0.103291
4750 -1.12841 0 0.176704
4800 -1.07809 0 0.323161
4850 -1.01488 0 0.29048
4900 -1.14029 0 0.309648
4950 -1.15563 0 0.078552
5000 -1.16295 0 0.191946
5050 -1.13921 0 0.180694
5100 -1.11495 0 0.186277
5150 -1.16253 0 0.0951064
5200 -1.11752 0 0.0545371
5250 -1.21385 0 0.20005
5300 -1.27273 0 0.10209
5350 -1.38586 0 0.160342
5400 -1.23119 0 0.0147264
5450 -1.20687 0 0.0848568
5500 -1.21834 0 0.0863281
5550 -1.16468 0 0.0577871
5600 -1.23311 0 0.07247
5650 -1.16529 0 0.162069
5700 -1.19432 0 0.315573
5750 -1.18289 0 0.335789
5800 -1.24886 0 0.353551
5850 -1.18043 0 0.0933483
5900 -1.06684 0 0.099138
5950 -0.846179 0 -1.13282
6000 -1.22824 0 0.038748
6050 -1.36686 0 0.132714
6100 -1.252 0 0.0914143
6150 -1.25993 0 0.195196
6200 -1.30246 0 0.240958
6250 -1.30512 0 0.295904
6300 -1.21424 0 0.204019
6350 -1.21704 0 0.288066
6400 -1.2045 0 0.275889
6450 -1.19842 0 0.250465
6500 -1.26716 0 0.262521
6550 -1.19106 0 0.2195
6600 -1.09867 0 0.29903
6650 -1.08446 0 0.322692
6700 -1.06185 0 0.36978
6750 -1.02086 0 0.0823084
6800 -0.808381 0 0.137983
6850 -0.881661 0 0.421566
6900 -0.762272 0 0.488777
6950 -0.739698 0 0.381231
7000 -0.808011 0 0.0848608
7050 -0.771362 0 0.175943
7100 -0.842855 0 0.254476
7150 -0.847394 0 0.2865
7200 -0.833361 0 0.281002
7250 -0.9553 0 0.234543
7300 -0.975383 0 0.104979
7350 -0.98078 0 0.186181
7400 -1.05423 0 0.223874
7450 -1.09513 0 0.274081
7500 -1.02228 0 0.0938432
7550 -0.976539 0 0.00436665
7600 -0.986576 0 0.133322
7650 -1.15933 0 0.163016
7700 -1.19757 0 0.164676
7750 -1.0997 0 0.026278
7800 -1.045 0 0.0092923
7850 -1.12664 0 0.0769725
7900 -1.18201 0 0.125209
7950 -1.18836 0 0.233504
8000 -1.1347 0 0.107419
8050 -1.14216 0 0.104894
8100 -1.16607 0 0.195371
8150 -1.22358 0 0.205648
8200 -1.19268 0 0.292064
8250 -1.1176 0 0.0853411
8300 -1.07825 0 0.093619
8350 -1.10942 0 0.335831
8400 -1.14213 0 0.28993
8450 -1.15845 0 0.382007
8500 -1.01842 0 -0.0342619
8550 -0.9036 0 0.112407
8600 -1.1287 0 0.34083
8650 -1.11451 0 0.24437
8700 -1.23482 0 0.182667
8750 -1.17222 0 0.0111726
8800 -1.17673 0 0.0977153
8850 -1.18322 0 0.147311
8900 -1.26408 0 0.201341
8950 -1.21087 0 0.0568332
9000 -1.11906 0 0.0127016
9050 -1.18767 0 0.120803
9100 -1.17837 0 0.160647
9150 -1.20511 0 0.220412
9200 -1.07805 0 0.0547644
9250 -1.06138 0 0.132973
9300 -1.20904 0 0.0872272
9350 -1.18423 0 0.104941
9400 -1.24012 0 0.137618
9450 -1.11833 0 0.13064
9500 -1.08299 0 0.217858
9550 -1.07825 0 0.218382
9600 -1.11326 0 0.233534
9650 -1.02038 0 -0.00853711
9700 -0.846202 0 -0.0176205
9750 -0.748747 0 0.15799
9800 -0.631668 0 0.334085
9850 -0.549047 0 0.223347
9900 -0.346964 0 0.0995861
9950 -0.39073 0 -0.0370764
10000 -0.287572 0 -0.0484223
10050 -0.127863 0 -0.420775
10100 -0.232819 0 0.0781581
10150 0.0480484 0 -0.259726
10200 -0.0214568 0 -0.0956028
10250 -0.320473 0 0.214004
10300 -0.280034 0 -0.0608057
10350 -0.119131 0 0.0941856
10400 -0.190726 0 -0.241291
10450 -0.0824024 0 -0.294801
10500 -0.209426 0 -0.195455
10550 -0.10648 0 -0.124521
10600 -0.122096 0 -0.0791471
10650 -0.21019 0 0.15273
10700 -0.18381 0 0.340867
10750 -0.0275829 0 0.204197
10800 -0.196157 0 -0.0252606
10850 -0.332788 0 -0.0563569
10900 -0.213802 0 0.0354654
10950 -0.294925 0 -0.35442
11000 -0.426268 0 0.513481
11050 -0.00424276 0 -0.522541
11100 -0.414144 0 0.10461
11150 -0.414671 0 0.0105765
11200 -0.650567 0 0.159307
11250 -0.729519 0 0.176764
11300 -0.801178 0 0.367501
11350 -0.848288 0 0.307592
11400 -1.01534 0 0.01974
11450 -0.868389 0 -0.0610829
11500 -0.820536 0 0.11122
11550 -0.964399 0 0.129168
11600 -0.985281 0 0.166871
11650 -1.12006 0 0.0666864
11700 -1.1124 0 0.0525729
11750 -1.18121 0 0.151355
11800 -1.16199 0 0.145976
11850 -1.28326 0 0.210495
11900 -1.17406 0 0.0792303
11950 -1.10766 0 0.110266
12000 -1.20766 0 0.195566
12050 -1.26533 0 0.147877
12100 -1.25534 0 0.193221
12150 -1.09005 0 -0.0698392
12200 -0.915584 0 0.0148856
12250 -0.979981 0 0.0646854
12300 -0.976693 0 0.0990739
12350 -1.07082 0 -0.0565276
12400 -1.08544 0 0.0754438
12450 -1.2147 0 0.13246
12500 -1.27657 0 0.183873
12550 -1.3489 0 0.31644
12600 -1.14724 0 0.0600856
12650 -1.12865 0 0.106509
12700 -1.15489 0 0.26971
12750 -1.16878 0 0.134659
12800 -1.28606 0 0.276343
12850 -1.23019 0 0.0394774
12900 -1.19422 0 0.143338
12950 -1.23156 0 0.0743495
13000 -1.25888 0 0.0709009
13050 -1.26374 0 0.0852748
13100 -1.08971 0 0.0848813
13150 -1.09459 0 0.119465
13200 -1.14385 0 0.167661
13250 -1.19083 0 0.198876
13300 -1.1758 0 0.0750245
13350 -1.1506 0 0.107542
13400 -1.2053 0 0.120645
13450 -1.24296 0 0.172086
13500 -1.29192 0 0.344012
13550 -1.18157 0 0.133853
13600 -1.16948 0 0.212633
13650 -1.13499 0 0.305578
13700 -1.12934 0 0.379
13750 -1.12166 0 0.205572
13800 -1.14697 0 0.203441
13850 -1.18022 0 0.476024
13900 -1.25483 0 0.374641
13950 -1.33528 0 0.406186
14000 -1.22049 0 0.136267
14050 -1.1615 0 0.194933
14100 -1.15401 0 0.116173
14150 -1.19593 0 0.146963
14200 -0.707893 0 -1.12581
14250 -1.05676 0 -0.0539027
14300 -0.977063 0 0.0130606
14350 -1.01921 0 0.0922855
14400 -1.06852 0 0.161112
14450 -1.05701 0 0.0536008
14500 -1.01702 0 -0.0211569
14550 -1.15317 0 0.101899
14600 -1.2175 0 0.152565
14650 -1.3401 0 0.153415
14700 -1.20723 0 0.0209976
14750 -1.11564 0 0.0741358
14800 -1.1856 0 0.147095
14850 -1.168 0 0.135344
14900 -1.21087 0 0.247372
14950 -1.09928 0 0.0828544
15000 -1.108 0 0.190226
15050 -1.16094 0 0.210201
15100 -1.14974 0 0.255661
15150 -1.13815 0 0.114092
15200 -1.1286 0 0.181863
15250 -1.23733 0 0.2257
15300 -1.26075 0 0.211176
15350 -1.29496 0 0.230842
15400 -1.18711 0 0.138505
15450 -1.14365 0 0.181094
15500 -1.18121 0 0.161522
15550 -1.18793 0 0.183748
15600 -1.2837 0 0.131657
15650 -1.18147 0 0.159768
15700 -1.20505 0 0.228776
15750 -1.18103 0 0.180542
15800 -1.27803 0 0.19817
15850 -1.21789 0 0.109816
15900 -1.16618 0 0.185947
15950 -1.23104 0 0.134698
16000 -1.22919 0 0.186174
16050 -1.24894 0 0.169366
16100 -1.15579 0 0.12595
16150 -1.21465 0 0.149989
16200 -1.2661 0 0.106461
16250 -1.32898 0 0.215216
16300 -1.2328 0 0.207868
16350 -1.19503 0 0.24065
16400 -1.23255 0 0.186393
16450 -1.22555 0 0.206206
16500 -1.23092 0 0.182453
16550 -1.19968 0 0.200995
16600 -1.25807 0 0.255714
16650 -1.26634 0 0.235405
16700 -1.27622 0 0.294065
16750 -1.18117 0 0.190482
16800 -1.19224 0 0.236383
16850 -1.23762 0 0.209092
16900 -1.22845 0 0.200113
16950 -1.20992 0 0.204651
17000 -1.18961 0 0.189725
17050 -1.27816 0 0.307277
17100 -1.26187 0 0.217373
17150 -1.27754 0 0.256262
17200 -1.19023 0 0.231515
17250 -1.20753 0 0.248405
17300 -1.26954 0 0.247511
17350 -1.26957 0 0.261767
17400 -1.29643 0 0.183331
17450 -1.20294 0 0.179458
17500 -1.28153 0 0.228465
17550 -1.24057 0 0.171048
17600 -1.27499 0 0.260181
17650 -1.20331 0 0.173011
17700 -1.15565 0 0.195787
17750 -1.17556 0 0.146322
17800 -1.1359 0 0.192061
17850 -1.13454 0 0.219487
17900 -1.05442 0 0.0838402
17950 -0.963413 0 0.0512625
18000 -1.04722 0 0.20286
18050 -1.01731 0 0.213215
18100 -0.91455 0 0.179494
18150 -0.88989 0 0.159723
18200 -0.792161 0 0.162512
18250 -0.677787 0 0.218498
18300 -0.530734 0 0.221188
18350 0.146427 0 -0.10843
18400 0.179265 0 -0.26785
18450 0.182022 0 -0.343285
18500 0.0661019 0 -0.247796
18550 0.0134892 0 -0.205141
18600 -0.0151053 0 -0.184625
18650 -0.0355897 0 -0.159472
18700 -0.0280945 0 -0.143961
18750 -0.0157853 0 -0.134913
18800 -0.021268 0 -0.117497
18850 -0.0140687 0 -0.123037
18900 -0.00460281 0 -0.12258
