# Created at Thu Sep 28 15:16:54 CDT 2017
1917449074987145 1
1917449786016197 2
1917451050145836 3
1917451701940270 4
1917452235295982 5
1917452808110924 6
1917453361150475 7
1917453993261070 8
1917454526555748 9
1917455158635826 10
1917455731406728 11
1917456363486806 12
1917456916556875 13
1917457528861562 14
1917458101676503 15
1917458733756582 16
1917459286796132 17
1917459899161855 18
1917460432426015 19
1917461025016347 20
1917461558341543 21
1917462190360585 22
1917462743461171 23
1917463336082021 24
1917463908866445 25
1917464481681386 26
1917465034720937 27
1917465647025625 28
1917466200116343 29
1917466812421031 30
1917467385235972 31
1917467997540660 32
1917468570355601 33
1917469182751842 34
1917469755536265 35
1917470348096080 36
1917470901166148 37
1917471474011607 38
1917472046765513 39
1917472619610972 40
1917472915906138 41
1917473172650523 42
1917473725751109 43
1917474298627086 44
1917474891095347 45
1917475424420543 46
1917475977505024 47
1917476491085346 48
1917477044124897 49
1917477557674702 50
1917478170040424 51
1917478782314594 52
1917479394710835 53
1917479967495258 54
1917480737850483 55
1917481310634907 56
1917481962459858 57
1917482555019673 58
1917483206875141 59
1917483720455464 60
1917484392055805 61
1917484964809712 62
1917485616630990 63
1917486169670541 64
1917486742516000 65
1917487394340951 66
1917488006737191 67
1917488540001352 68
1917489152306039 69
1917489705345590 70
1917490297966440 71
1917490870750863 72
1917491443596322 73
1917491937401254 74
1917492608971078 75
1917493122520883 76
1917501951881693 77
1917502583961771 78
1917503137001322 79
1917503769081400 80
1917504302406595 81
1917504914772318 82
1917505428322123 83
1917506080185136 84
1917506652939043 85
1917507206039629 86
1917507818344316 87
1917508410934648 88
1917508963974199 89
1917509576278886 90
1917510089920244 91
1917510702194414 92
1917511235550127 93
1917511828079424 94
1917512381118974 95
1917512934219560 96
1917513487289629 97
1917514079910478 98
1917514632919511 99
1917515245285234 100
1917515778590380 101
1917516311915575 102
1917516983515917 103
1917517655085741 104
1917518188410936 105
1917518780940233 106
1917519314295946 107
1917519906855761 108
1917520459925829 109
1917521072230517 110
1917521605586229 111
1917522158625780 112
1917522711726366 113
1917523284510790 114
1917523837580858 115
1917524430140673 116
1917524963496386 117
1917525556070624 118
1917526069589911 119
1917526642404852 120
1917527175730048 121
1917527728800116 122
1917528281839667 123
1917528874460516 124
1917529407816229 125
1917529980570135 126
1917530513925848 127
1917531086771307 128
1917531620035467 129
1917532212656317 130
1917532765695868 131
1917533397775946 132
1917533911325751 133
1917534622446356 134
1917534918741522 135
1917535195261298 136
1917535452066717 137
