# Created at Mon Oct 16 13:56:57 CDT 2017
3467860989028453 1
3467861502608776 2
3467862035933971 3
3467862529677868 4
3467863023482799 5
3467863537091617 6
3467864030804995 7
3467864564130191 8
3467865057935122 9
3467865571484927 10
3467865966534976 11
3467873665039005 12
3467874158813419 13
3467874672363224 14
3467875205688419 15
3467875699523868 16
3467876213104191 17
3467876726653995 18
3467877259979191 19
3467877733978214 20
3467878247528019 21
3467878583343448 22
3467885358467853 23
3467885891732013 24
3467886405342853 25
3467886899147785 26
3467887412728107 27
3467887945992267 28
3467888459633625 29
3467888953408039 30
3467889466988361 31
3467889960762775 32
3467890474312580 33
3467891007668293 34
3467891501473224 35
3467891995247638 36
3467892508888996 37
3467893022377765 38
3467893516211635 39
3467894029761439 40
3467894543372279 41
3467894819892054 42
3467902434485560 43
3467902967810756 44
3467903461652523 45
3467903975202328 46
3467904488782650 47
3467904982557064 48
3467905496137386 49
3467906009687191 50
3467906543073421 51
3467907036847835 52
3467907570234066 53
3467908123212581 54
3467908636792904 55
3467909150373226 56
3467909683667904 57
3467910197248226 58
3467910730603939 59
3467911244153744 60
3467911777509456 61
3467912271283871 62
3467912804609066 63
3467913318189388 64
3467913851481718 65
3467914404582304 66
3467923342641105 67
3467923836476554 68
3467924330281486 69
3467924824177970 70
3467925317921867 71
3467925811787834 72
3467926305562248 73
3467926799397697 74
3467927293233146 75
3467927806813468 76
3467928300587883 77
3467928833943595 78
3467929347462883 79
3467929861043205 80
3467930414143791 81
3467930927693595 82
3467931461079826 83
3467931994343986 84
3467932527669181 85
3467933100575675 86
3467933653600688 87
3467934206670757 88
3467934779516216 89
3467935174535747 90
3467944680621114 91
3467945213915792 92
3467945727526631 93
3467946260851827 94
3467946774401631 95
3467947287981954 96
3467947801562276 97
3467948315112081 98
3467948828692403 99
3467949362017598 100
3467949875597921 101
3467950408923116 102
3467950922533956 103
3467951455828633 104
3467952008898702 105
3467952562029805 106
3467953115130391 107
3467953510136287 108
3467953766911189 109
