# Created at Thu Mar 08 13:31:54 CST 2018
2236014700666996 1
2236015174727054 2
2236015846296878 3
2236016182081790 4
2236016833967777 5
2236017268568607 6
2236017861128421 7
2236018275892826 8
2236018947523685 9
2236019322798343 10
2236019954908939 11
2236020310469242 12
2236021021589847 13
2236021357374759 14
2236022088301273 15
2236022424116703 16
2236022957411380 17
2236023451189065 18
2236024142564798 19
2236024478349710 20
2236025189500833 21
2236025505540872 22
2236026236436868 23
2236026552446390 24
2236027263536477 25
2236027599351907 26
2236028251268411 27
2236028745073343 28
2236029456193948 29
2236029851213479 30
2236030384599710 31
2236030878404642 32
2236031550004983 33
2236031885789895 34
2236032597002054 35
2236032932756448 36
2236033643848720 37
2236033999378505 38
2236035105579677 39
2236036211780849 40
2236038048847499 41
2236038404438320 42
2236038918018642 43
2236039392078701 44
2236039964924159 45
2236040478504482 46
2236041071125331 47
2236041525440517 48
2236042098316493 49
2236042631611171 50
2236043125462983 51
2236043974858735 52
2236044350224946 53
2236045456365083 54
2236045950231050 55
2236046503331636 56
2236047056432222 57
2236047668797944 58
2236048340428804 59
2236048834203218 60
2236049288548921 61
2236049960179780 62
2236050375035737 63
2236050908391450 64
2236051461431001 65
2236052093572114 66
2236052528142427 67
2236053120753038 68
2236053575037706 69
2236054108454454 70
2236054641779650 71
2236055155329454 72
2236055708430040 73
2236056301081408 74
2236056735651720 75
2236057308466661 76
2236057841822374 77
2236058513483751 78
2236058869044054 79
2236059619654406 80
2236060014704454 81
2236060607325304 82
2236061101191271 83
2236061733271349 84
2236062167841661 85
2236062760493029 86
2236063234537712 87
2236063886393181 88
2236064340769402 89
2236065051890007 90
2236065466684929 91
2236066197580925 92
2236066572916618 93
2236067303843132 94
2236067698893181 95
2236068172983757 96
2236068745829216 97
2236069496439568 98
2236069832285515 99
2236070503885857 100
2236070938456169 101
2236071689097038 102
2236072064432732 103
2236072755808464 104
2236073131107777 105
2236073782993763 106
2236074237339466 107
2236074948490589 108
2236075383091420 109
2236076094181507 110
2236076469517201 111
2236077160923451 112
2236077615208119 113
2236078227665394 114
2236078741215199 115
2236079333805531 116
2236079985661000 117
2236080361027211 118
2236083087058597 119
2236083620414310 120
2236084173514896 121
2236084667380863 122
2236085180930667 123
2236085674766117 124
2236086247672611 125
2236086761252933 126
2236087314353519 127
2236087788474613 128
2236088381125980 129
2236088894706302 130
2236089566276126 131
2236089961387210 132
2236090633018070 133
2236091047843509 134
2236091699698978 135
2236092094779544 136
2236092805930667 137
2236093280030387 138
2236093951691764 139
2236094287507193 140
2236095057862418 141
2236095413422721 142
2236096144318717 143
2236096559205191 144
2236097033295767 145
2236097783967154 146
2236098218506949 147
2236098751893180 148
2236099304963248 149
2236099798859732 150
2236100332184928 151
2236100885316031 152
2236101596406119 153
2236101932252066 154
2236102682862418 155
2236103137265670 156
2236103650876510 157
2236104164426315 158
2236104836087692 159
2236105270688522 160
2236105942288864 161
2236106317624557 162
2236107048490035 163
2236107384335983 164
2236107957181442 165
2236108490537155 166
2236109004147994 167
2236109517758834 168
2236110031400192 169
2236110564755905 170
2236111137570846 171
2236111631467330 172
2236112342557418 173
2236112737668502 174
2236113409278127 175
2236113863654347 176
2236114535254689 177
2236114930335255 178
2236115641455861 179
2236116016822072 180
2236116747687550 181
2236117123023244 182
2236117636634084 183
2236118229285451 184
2236118762641164 185
2236119276190968 186
2236119789862843 187
2236120303412648 188
2236120955298634 189
2236121350409718 190
2236122022010060 191
2236122515906545 192
2236123108490629 193
2236123523316068 194
2236124175232572 195
2236124570282621 196
2236125123413724 197
2236125597534818 198
2236126308655423 199
2236126664276761 200
2236127237122220 201
2236127750702543 202
2236128422394437 203
2236128758148832 204
2236129469360990 205
2236129844635648 206
2236130377991361 207
2236130891632718 208
2236131563263578 209
2236131918854398 210
2236132452179593 211
2236132946089933 212
2236133578200528 213
2236133953536222 214
2236134625136564 215
2236135000502775 216
2236135672133634 217
2236136047469327 218
2236136758620450 219
2236137232680509 220
2236137825331876 221
2236138200667570 222
2236138734084318 223
2236139247634122 224
2236139741469571 225
2236140255110929 226
2236140926741788 227
2236141361312101 228
2236141874922941 229
2236142428084562 230
2236143020702509 231
2236143534313349 232
2236144245433955 233
2236144660289912 234
2236145391185908 235
2236145766521601 236
2236146477642207 237
2236146912243037 238
2236147544384150 239
