200 -0.0160965 0 0.0389422
250 -0.0104299 0 0.0204349
300 -0.00361755 0 0.0187924
350 0.00156381 0 0.0240021
400 -0.017224 0 0.0282501
450 -0.021646 0 0.0216364
500 -0.0248769 0 0.0311775
550 -0.0261605 0 0.0102393
600 -0.00903608 0 0.0120609
650 -0.0230965 0 0.0292931
700 0.00928342 0 -0.0710714
750 0.0438909 0 -0.437778
800 0.208546 0 -0.595433
850 0.255278 0 -0.64046
900 0.0850148 0 -0.82767
950 0.0191938 0 -0.785594
1000 -0.107253 0 -0.630679
1050 -0.0753039 0 -0.714952
1100 -0.0287216 0 -0.620634
1150 -0.0545831 0 -0.777862
1200 -0.219844 0 -0.803817
1250 -0.0852396 0 -0.898691
1300 -0.0411163 0 -0.77948
1350 -0.0594131 0 -0.744316
1400 -0.127217 0 -0.919405
1450 -0.110862 0 -0.890254
1500 -0.0394592 0 -1.14099
1550 -0.103157 0 -1.03234
1600 -0.158705 0 -1.09241
1650 -0.101149 0 -0.918167
1700 0.0467179 0 -0.946432
1750 -0.300915 0 -0.677105
1800 -0.294318 0 -0.728176
1850 -0.155905 0 -0.6372
1900 0.0111029 0 -0.559225
1950 0.233719 0 -0.474163
2000 0.256114 0 -0.416698
2050 0.139021 0 -0.492822
2100 0.232164 0 -0.4332
2150 0.459823 0 -0.453715
2200 0.474617 0 -0.364235
2250 0.439155 0 -0.517968
2300 0.532649 0 -0.48543
2350 0.279579 0 -0.526157
2400 0.170661 0 -0.525305
2450 0.105336 0 -0.547197
2500 -0.0885735 0 -0.562814
2550 0.0241866 0 -0.687099
2600 -0.0301654 0 -0.78714
2650 -0.146265 0 -0.75885
2700 -0.183928 0 -0.74788
2750 -0.0938356 0 -0.563084
2800 -0.0852274 0 -0.743
2850 -0.312935 0 -0.71256
2900 -0.264713 0 -0.928672
2950 -0.132418 0 -0.871486
3000 -0.140152 0 -0.928045
3050 -0.508358 0 -0.0379336
3100 -0.198435 0 -0.956972
3150 -0.275496 0 -0.998028
3200 -0.0324897 0 -0.949591
3250 -0.0350724 0 -0.854391
3300 -0.0470547 0 -0.72899
3350 -0.0579972 0 -1.04728
3400 -0.0893244 0 -0.988871
3450 -0.0626313 0 -1.13577
3500 -0.0680738 0 -0.965748
3550 0.00303859 0 -1.13914
3600 -0.0306757 0 -1.06901
3650 -0.0876873 0 -1.21485
3700 -0.091408 0 -0.95181
3750 -0.169472 0 -1.06463
3800 -0.133571 0 -1.00816
3850 -0.346015 0 -0.906287
3900 -0.343833 0 -0.97354
3950 -0.37611 0 -0.91378
4000 -0.195026 0 -1.00612
4050 -0.177471 0 -0.908121
4100 -0.164812 0 -0.91259
4150 -0.122781 0 -0.81715
4200 -0.152026 0 -0.937292
4250 -0.0768108 0 -0.835316
4300 0.0413342 0 -0.837699
4350 0.16303 0 -0.652723
4400 0.192598 0 -0.63441
4450 0.0926299 0 -0.533425
4500 0.0691632 0 -0.678303
4550 -0.0883883 0 -0.520968
4600 -0.695626 0 -0.489216
4650 -0.523517 0 -0.51279
4700 -0.554951 0 -0.619837
4750 -0.618238 0 -0.879122
4800 -0.63888 0 -0.856169
4850 -0.383626 0 -0.926728
4900 -0.344642 0 -0.983491
4950 -0.57842 0 -0.91323
5000 -0.873363 0 -0.768649
5050 -0.686415 0 -0.906189
5100 -0.581305 0 -0.88148
5150 -0.461989 0 -1.12285
5200 -0.304524 0 -1.01495
5250 -0.213951 0 -1.03999
5300 -0.301728 0 -0.906016
5350 -0.161871 0 -1.21387
5400 -0.0950216 0 -1.1051
5450 -0.104521 0 -1.13982
5500 -0.0356763 0 -0.974624
5550 -0.133664 0 -1.17266
5600 -0.0386895 0 -1.11731
5650 -0.131148 0 -1.0583
5700 -0.00487467 0 -1.03878
5750 -0.184974 0 -1.17003
5800 -0.0275723 0 -1.30043
5850 -0.193831 0 -1.23249
5900 -0.103076 0 -1.2932
5950 -0.0661873 0 -1.23014
6000 0.072716 0 -1.15532
6050 -0.0896836 0 -1.1538
6100 -0.0687677 0 -1.23504
6150 -0.0237495 0 -1.37489
6200 0.129992 0 -1.19393
6250 0.00874845 0 -1.11558
6300 -0.0640199 0 -1.24954
6350 -0.191221 0 -1.2193
6400 -0.11331 0 -1.27938
6450 -0.29039 0 -1.05574
6500 -0.115601 0 -1.19617
6550 -0.466845 0 -0.836428
6600 -0.455792 0 -0.968986
6650 -0.435759 0 -1.05626
6700 -0.103248 0 -1.11405
6750 -0.0415103 0 -1.38781
6800 0.164544 0 -1.19495
6850 0.0632368 0 -1.43595
6900 0.137113 0 -1.3069
6950 0.121049 0 -1.34671
7000 -0.0552449 0 -1.28372
7050 -0.15782 0 -1.18531
7100 0.118678 0 -0.995296
7150 -0.0617043 0 -1.25447
7200 -0.0917489 0 -1.16222
7250 -0.165616 0 -1.26148
7300 -0.0546703 0 -1.07548
7350 -0.00173852 0 -1.28249
7400 -0.0315598 0 -1.15149
7450 -0.0469636 0 -1.16302
7500 -0.121348 0 -1.19459
7550 0.0347556 0 -1.13675
7600 0.0949398 0 -1.03549
7650 0.0731758 0 -1.17094
7700 -0.0157442 0 -1.15423
7750 -0.0959821 0 -1.04441
7800 -0.168668 0 -0.894601
7850 -0.11517 0 -0.882398
7900 -0.0807864 0 -0.781491
7950 -0.0751821 0 -0.942735
8000 -0.120601 0 -0.82254
8050 -0.0218692 0 -1.05729
8100 -0.0796758 0 -0.938827
8150 -0.057111 0 -1.10795
8200 0.0863858 0 -1.01165
8250 -0.0185657 0 -0.961339
8300 0.0642923 0 -1.06893
8350 0.0987546 0 -1.02258
8400 0.0848868 0 -0.974695
8450 -0.215193 0 -1.04634
8500 -0.27748 0 -0.963533
8550 -0.123778 0 -0.888058
8600 -0.175504 0 -1.06453
8650 -0.361381 0 -0.900843
8700 -0.442176 0 -1.04976
8750 -0.201647 0 -0.856315
8800 -0.164457 0 -0.937603
8850 0.169127 0 -0.745561
8900 0.290297 0 -0.705918
8950 0.380123 0 -0.697975
9000 0.262346 0 -0.750881
9050 0.519551 0 -0.765163
9100 0.356607 0 -0.85563
9150 0.395675 0 -0.813169
9200 0.463268 0 -0.707516
9250 0.397564 0 -0.622363
9300 0.418892 0 -0.739854
9350 0.430184 0 -0.663244
9400 0.18548 0 -0.626722
9450 -0.1136 0 -0.822116
9500 -0.158344 0 -0.720222
9550 -0.45527 0 -0.890103
9600 -0.38383 0 -0.950518
9650 -0.135299 0 -0.949989
9700 -0.149279 0 -0.904804
9750 -0.154197 0 -1.04864
9800 0.00932787 0 -0.854186
9850 -0.109028 0 -1.03037
9900 -0.18159 0 -0.874889
9950 -0.467924 0 -0.862106
10000 -0.266879 0 -0.931708
10050 -0.360691 0 -0.904935
10100 -0.158368 0 -0.958467
10150 -0.222597 0 -1.0534
10200 -0.2522 0 -1.12171
10250 -0.303444 0 -1.2278
10300 -0.105267 0 -1.30001
10350 -0.035683 0 -1.12749
10400 -0.0664892 0 -0.984341
10450 -0.144238 0 -1.06115
10500 -0.197851 0 -1.0231
10550 -0.146714 0 -1.09324
10600 -0.190951 0 -1.11547
10650 -0.0246768 0 -1.1657
10700 -0.0380543 0 -1.12983
10750 -0.065283 0 -1.03212
10800 -0.192576 0 -1.124
10850 -0.158176 0 -1.039
10900 -0.07597 0 -1.1704
10950 -0.0768171 0 -1.03179
11000 -0.357951 0 -1.0112
11050 -0.248582 0 -0.847368
11100 -0.210047 0 -1.0371
11150 -0.190511 0 -0.935116
11200 -0.215633 0 -1.01071
11250 -0.0819486 0 -0.927403
11300 -0.113779 0 -0.908563
11350 -0.117181 0 -0.712845
11400 -0.297358 0 -0.884128
11450 -0.287851 0 -0.82733
11500 -0.149844 0 -0.94507
11550 -0.112099 0 -1.12011
11600 -0.0810696 0 -0.91177
11650 -0.124677 0 -1.09047
11700 -0.168291 0 -1.0107
11750 0.0878076 0 -1.13308
11800 0.0338384 0 -0.864263
11850 -0.147736 0 -1.05475
11900 -0.214801 0 -0.832993
11950 -0.193201 0 -0.949244
12000 -0.256629 0 -0.887609
12050 -0.327731 0 -0.88664
12100 -0.335589 0 -1.09928
12150 -0.202359 0 -1.115
12200 -0.240295 0 -1.20703
12250 -0.213242 0 -1.13892
12300 -0.540665 0 -1.0625
12350 -0.285793 0 -1.00987
12400 -0.394766 0 -1.11801
12450 -0.360768 0 -1.04587
12500 -0.594181 0 -1.11731
12550 -0.413699 0 -0.981252
12600 -0.471329 0 -1.15127
12650 -0.504289 0 -0.964642
12700 -0.315943 0 -0.913603
12750 -0.249906 0 -1.07454
12800 -0.238465 0 -0.995654
12850 -0.309439 0 -0.953019
12900 -0.0735592 0 -0.857717
12950 -0.152813 0 -0.946621
13000 -0.218053 0 -0.710953
13050 -0.234314 0 -0.761051
13100 -0.268629 0 -0.64038
13150 -0.128459 0 -0.695174
13200 -0.223695 0 -0.643642
