# Created at Wed Mar 07 14:26:14 CST 2018
2152874283777592 1
2152874757776616 2
2152875291071293 3
2152875784876225 4
2152876337946293 5
2152876851526616 6
2152877404535649 7
2152877918146489 8
2152878431652123 9
2152878905712181 10
2152879498241478 11
2152879972332054 12
2152880505626732 13
2152880979625756 14
2152881631450707 15
2152882085796410 16
2152882638805443 17
2152883112896019 18
2152883646160179 19
2152884139965111 20
2152884653545433 21
2152885147350365 22
2152885680645043 23
2152886194194847 24
2152886767009789 25
2152887241069847 26
2152887873119408 27
2152888268118675 28
2152888979208763 29
2152889433523949 30
2152889690298851 31
2152891942038353 32
2152892416098411 33
2152893048178490 34
2152893522177513 35
2152894114767845 36
2152894608542259 37
2152895161581810 38
2152895655417259 39
2152896228201683 40
2152896702322777 41
2152897255362328 42
2152897768881615 43
2152898302217417 44
2152898815797740 45
2152899349061900 46
2152899842897349 47
2152900435487681 48
2152900929292613 49
2152901482332163 50
2152901995881968 51
2152902430421763 52
2152906854951792 53
2152907329011851 54
2152907862276011 55
2152908336328492 56
2152908869653687 57
2152909343713746 58
2152909876977906 59
2152910370813355 60
2152910686853394 61
2152911437463746 62
2152911990503296 63
2152912425073609 64
2152913136163697 65
2152913511407837 66
2152914261987671 67
2152914676843628 68
2152915466913208 69
2152915861932740 70
2152916592737183 71
2152917126062378 72
2152917738397583 73
2152918212512133 74
2152918785296556 75
2152919298876879 76
2152919832202074 77
2152920345721361 78
2152920918536303 79
2152921432116625 80
2152922044451830 81
2152922538256762 82
2152923130816576 83
2152923644305346 84
2152924157885668 85
2152924671496508 86
2152924967761156 87
2152925718310473 88
2152926271411058 89
2152926765215990 90
2152927338030931 91
2152927831835863 92
2152928365174174 93
2152928898407816 94
2152929451477885 95
2152929945282816 96
2152930518097758 97
2152931011933207 98
2152931584748148 99
2152932058808207 100
2152932572358011 101
2152933026673197 102
2152933559998392 103
2152934093293070 104
2152934685852885 105
2152935159912943 106
2152935732697367 107
2152936226532816 108
2152936799378275 109
2152937312897562 110
2152937925250846 111
2152938419086296 112
2152939011646110 113
2152939505420524 114
2152940038745719 115
2152940512805778 116
2152941085620719 117
2152941579456169 118
2152942172015983 119
2152942665820915 120
2152943218921501 121
2152943673236686 122
2152949026112630 123
2152949598927571 124
2152950112507894 125
2152950626027181 126
2152951139638021 127
2152951712422445 128
2152952225972249 129
2152952798817708 130
2152953292683675 131
2152953904927327 132
2152954398732259 133
2152954971608236 134
2152955465382650 135
2152955998707845 136
2152956472798421 137
2152957006062581 138
2152957480153157 139
2152958033215392 140
2152958527081359 141
2152959080151427 142
2152959554180968 143
2152960067761291 144
2152960581280578 145
2152960956616271 146
2152961628186095 147
2152962220745910 148
2152962734326232 149
2152963346661437 150
2152963840527404 151
2152964413281310 152
2152964907116759 153
2152965499676574 154
2152965973736632 155
2152966586041320 156
2152967099621642 157
2152967553936828 158
2152968008185975 159
2152968581000916 160
2152969074866883 161
2152969588386170 162
2152970062446229 163
2152970615546815 164
2152971129096619 165
2152971543891541 166
2152973361121766 167
2152981578247695 168
2152982072083145 169
2152982644867569 170
2152983118958145 171
2152983671997695 172
2152984146088272 173
2152984699158340 174
2152985173218399 175
2152985706513076 176
2152986200318008 177
2152986733643203 178
2152987227448135 179
2152987741066521 180
2152988195351189 181
2152988768166130 182
2152989044777458 183
2152989459541863 184
2152990032356804 185
2152990506416863 186
2152991039742058 187
2152991513802116 188
2152992027382439 189
2152992501411980 190
2152993014961784 191
2152993508797234 192
2152994002663200 193
2152994496407097 194
2152995010017937 195
2152995503792351 196
2152996037117546 197
2152996511177605 198
2152996965523308 199
2152997439552849 200
2152997874158672 201
2152998644452861 202
2152999335828593 203
2152999750592998 204
2153000501203349 205
2153000975293925 206
