200 -0.00995633 0 0.0458093
250 -0.00311172 0 0.0244988
300 -0.00910485 0 0.0169653
350 -0.00651069 0 0.00319857
400 -0.0108626 0 0.00315643
450 -0.014535 0 0.0132998
500 -0.0110286 0 0.015958
550 -0.0109237 0 0.0149961
600 -0.0102253 0 0.0145926
650 -0.0064746 0 0.0218365
700 -0.00928852 0 0.0122451
750 -0.0214647 0 -0.133704
800 -0.333649 0 -0.151459
850 0.0183243 0 -0.390105
900 0.348725 0 -0.75762
950 0.650691 0 -1.09954
1000 0.368904 0 -1.0893
1050 0.147368 0 -0.972198
1100 0.316039 0 -0.874045
1150 0.643041 0 -1.05821
1200 0.556826 0 -1.10772
1250 0.257148 0 -1.13057
1300 0.358003 0 -1.01736
1350 0.468226 0 -1.0593
1400 0.49117 0 -1.10494
1450 0.370581 0 -1.11605
1500 0.16694 0 -1.05831
1550 0.404211 0 -0.960713
1600 0.658166 0 -1.12272
1650 0.436299 0 -1.11204
1700 0.287519 0 -1.12478
1750 0.342449 0 -1.01251
1800 0.517342 0 -1.09004
1850 0.455685 0 -1.12178
1900 0.255128 0 -1.18296
1950 0.186469 0 -0.984331
2000 0.505837 0 -1.02455
2050 0.629969 0 -1.13526
2100 0.390112 0 -1.14054
2150 0.156788 0 -1.07496
2200 0.423309 0 -0.954687
2250 0.803794 0 -1.14629
2300 0.510491 0 -1.22087
2350 0.178108 0 -1.22805
2400 0.387392 0 -1.0234
2450 0.724935 0 -1.1711
2500 0.534246 0 -1.19261
2550 0.214828 0 -1.23819
2600 0.333222 0 -1.07158
2650 0.718931 0 -1.19153
2700 0.599108 0 -1.20955
2750 0.223615 0 -1.22805
2800 0.21025 0 -1.02784
2850 0.642957 0 -1.15311
2900 0.693225 0 -1.27176
2950 0.263301 0 -1.22912
3000 0.195835 0 -1.02591
3050 0.556773 0 -1.05943
3100 0.7137 0 -1.23203
3150 0.316474 0 -1.19486
3200 0.203974 0 -1.07368
3250 0.463004 0 -1.04859
3300 0.655478 0 -1.23193
3350 0.410851 0 -1.21692
3400 0.290513 0 -1.12388
3450 0.431648 0 -1.04761
3500 0.620018 0 -1.13314
3550 0.440075 0 -1.15437
3600 0.255671 0 -1.20833
3650 0.406987 0 -1.05746
3700 0.658168 0 -1.16448
3750 0.488451 0 -1.14881
3800 0.261117 0 -1.15044
3850 0.279641 0 -0.959911
3900 0.707528 0 -1.15987
3950 0.685159 0 -1.30313
4000 0.206853 0 -1.26239
4050 0.185546 0 -0.972778
4100 0.450063 0 -0.982934
4150 0.617907 0 -1.20479
4200 0.318871 0 -1.19556
4250 0.126683 0 -1.05673
4300 0.435385 0 -0.966772
4350 0.747732 0 -1.18427
4400 0.432555 0 -1.17191
4450 0.15876 0 -1.19511
4500 0.356015 0 -0.992404
4550 0.692003 0 -1.11821
4600 0.525986 0 -1.13806
4650 0.18969 0 -1.23632
4700 0.191677 0 -0.972049
4750 0.617941 0 -1.05596
4800 0.671987 0 -1.18007
4850 0.301041 0 -1.24463
4900 0.17302 0 -1.0904
4950 0.529414 0 -1.0311
5000 0.768574 0 -1.20715
5050 0.388584 0 -1.26317
5100 0.087866 0 -1.18035
5150 0.356549 0 -0.954196
5200 0.713355 0 -1.18997
5250 0.495932 0 -1.1811
5300 0.171975 0 -1.13418
5350 0.303206 0 -1.01078
5400 0.668559 0 -1.1781
5450 0.566376 0 -1.22889
5500 0.206206 0 -1.20189
5550 0.167843 0 -0.965079
5600 0.644278 0 -1.14104
5650 0.642151 0 -1.22515
5700 0.260737 0 -1.16383
5750 0.0935906 0 -1.00769
5800 0.559427 0 -1.06372
5850 0.753073 0 -1.23237
5900 0.32006 0 -1.16294
5950 0.151407 0 -1.06229
6000 0.398792 0 -0.958562
6050 0.670945 0 -1.16783
6100 0.396187 0 -1.09367
6150 0.275858 0 -0.944372
6200 0.274338 0 -0.806789
6250 0.209713 0 -0.533732
6300 0.0709088 0 -0.19248
6350 0.0352112 0 -0.121317
6400 0.0231001 0 -0.128309
6450 -0.0053233 0 -0.093723
6500 -0.00457925 0 -0.0596177
6550 -0.00123731 0 -0.027146
6600 0.0012475 0 -0.00600928
6650 -0.00497936 0 0.00836114
6700 -0.0120326 0 0.0147569
6750 -0.0129727 0 0.0125209
6800 -0.0143533 0 0.022797
6850 -0.0139681 0 0.0231719
6900 -0.0134792 0 0.0212529
6950 -0.0131935 0 0.0253238
7000 -0.00898258 0 0.0228279
7050 -0.0143049 0 0.0277833
7100 -0.0160813 0 0.0263802
7150 -0.0144144 0 0.0263107
7200 -0.0144349 0 0.0373353
7250 -0.0135342 0 0.0249896
7300 -0.0126906 0 0.0257173
7350 -0.0102931 0 0.0215104
7400 -0.00653313 0 0.0143423
7450 -0.00597499 0 0.0157689
7500 -0.0355494 0 -0.0566948
7550 -0.0954088 0 -0.11708
7600 0.0665614 0 -0.479985
7650 0.439027 0 -0.866154
7700 0.47818 0 -1.07499
7750 0.249135 0 -1.08861
7800 0.266967 0 -0.966263
7850 0.407275 0 -0.920274
7900 0.602856 0 -1.066
7950 0.400256 0 -1.02581
8000 0.18202 0 -1.09683
8050 0.282979 0 -0.882754
8100 0.699307 0 -1.09993
8150 0.608744 0 -1.1947
8200 0.28091 0 -1.11496
8250 0.266505 0 -0.953361
8300 0.468911 0 -0.991812
8350 0.600573 0 -1.14158
8400 0.350418 0 -1.14733
8450 0.268439 0 -1.03015
8500 0.404907 0 -0.97339
8550 0.643978 0 -1.13875
8600 0.48962 0 -1.13744
8650 0.189169 0 -1.11914
8700 0.27691 0 -0.94966
8750 0.649931 0 -1.10159
8800 0.603942 0 -1.20046
8850 0.204769 0 -1.24726
8900 0.159228 0 -0.979805
8950 0.519011 0 -1.00502
9000 0.65988 0 -1.18532
9050 0.298217 0 -1.10566
9100 0.209783 0 -1.12196
9150 0.462162 0 -1.04593
9200 0.674017 0 -1.19802
9250 0.41326 0 -1.17684
9300 0.185822 0 -1.14223
9350 0.367664 0 -1.02244
9400 0.646186 0 -1.18239
9450 0.451431 0 -1.17924
9500 0.145601 0 -1.19392
9550 0.278322 0 -0.944993
9600 0.79635 0 -1.24751
9650 0.57142 0 -1.3528
9700 0.167937 0 -1.30905
9750 0.243939 0 -0.952928
9800 0.633304 0 -1.12502
9850 0.618152 0 -1.27061
9900 0.276873 0 -1.18242
9950 0.208025 0 -1.06142
10000 0.535978 0 -1.06817
10050 0.760249 0 -1.27348
10100 0.336763 0 -1.28946
10150 0.169181 0 -1.08602
10200 0.533786 0 -1.03475
10250 0.74846 0 -1.28456
10300 0.369177 0 -1.32701
10350 0.201233 0 -1.15265
10400 0.452407 0 -1.05759
10450 0.700839 0 -1.16233
10500 0.441356 0 -1.13913
10550 0.267758 0 -1.10323
10600 0.36501 0 -0.991879
10650 0.536802 0 -1.07533
10700 0.515008 0 -1.13893
10750 0.227589 0 -1.1788
10800 0.24142 0 -0.918938
10850 0.579706 0 -1.05477
10900 0.613276 0 -1.16881
10950 0.238034 0 -1.19298
11000 0.140379 0 -1.02419
11050 0.539672 0 -1.04486
11100 0.71767 0 -1.21527
11150 0.350219 0 -1.20278
11200 0.155341 0 -1.09023
11250 0.455344 0 -1.04148
11300 0.716203 0 -1.20939
11350 0.385933 0 -1.1711
11400 0.161632 0 -1.12562
11450 0.338962 0 -0.898235
11500 0.801107 0 -1.21029
11550 0.601208 0 -1.22695
11600 0.193385 0 -1.24624
11650 0.254533 0 -0.951661
11700 0.66405 0 -1.09002
11750 0.651962 0 -1.22085
11800 0.24003 0 -1.2132
11850 0.213047 0 -1.01152
11900 0.464625 0 -1.03071
11950 0.536611 0 -1.12081
12000 0.31886 0 -1.11902
12050 0.154598 0 -0.962484
12100 0.426749 0 -0.970779
12150 0.689945 0 -1.21286
12200 0.341205 0 -1.20395
12250 0.187643 0 -1.05305
12300 0.390349 0 -0.93575
12350 0.631309 0 -1.10552
12400 0.446178 0 -1.16185
12450 0.144443 0 -1.15212
12500 0.391084 0 -1.0139
12550 0.82017 0 -1.24174
12600 0.565732 0 -1.29362
12650 0.205119 0 -1.17672
12700 0.273062 0 -0.959722
12750 0.680047 0 -1.10207
12800 0.578024 0 -1.18723
12850 0.226303 0 -1.17183
12900 0.149908 0 -0.893571
12950 0.437682 0 -0.89156
13000 0.501878 0 -0.7752
13050 0.363239 0 -0.587557
13100 0.118075 0 -0.374948
13150 -0.0181919 0 -0.200448
13200 -0.0350261 0 0.0228268
13250 0.0137458 0 -0.0697286
13300 0.0616551 0 -0.110553
13350 0.0338959 0 -0.0751734
13400 -0.0121863 0 -0.0780513
13450 0.0111049 0 -0.0742249
13500 -0.0147319 0 -0.0322738
13550 -0.015834 0 -0.174759
13600 0.0204484 0 -0.0186561
13650 -0.010286 0 -0.0842684
13700 -0.38005 0 0.187392
13750 -0.57659 0 0.101186
13800 0.156814 0 -0.204273
13850 0.107282 0 -0.177683
13900 0.0418711 0 -0.114865
13950 -0.00692103 0 -0.0959803
14000 0.00691434 0 -0.00924506
14050 -0.0163891 0 0.00689791
14100 -0.0126229 0 0.0119354
14150 -0.00672439 0 0.00583527
14200 -0.00464366 0 0.0108709
14250 -0.0110642 0 0.0131184
14300 -0.00367712 0 0.00128714
14350 -0.0140404 0 -0.000580524
14400 -0.0202723 0 0.0195252
14450 -0.0183602 0 0.0403068
14500 -0.00757175 0 0.0295281
14550 -0.00155562 0 0.0395877
14600 -0.0200945 0 0.0717482
14650 -0.0117784 0 0.0985899
