200 -0.00937429 0 0.0138196
250 -0.0236805 0 0.0248937
300 -0.0139828 0 0.036239
350 -0.0244123 0 0.0298848
400 -0.00735304 0 0.0130042
450 -0.00662802 0 0.0237717
500 -0.108399 0 0.0898151
550 -0.0213975 0 0.0427123
600 -0.0404986 0 0.0864347
650 -0.0401381 0 0.0681853
700 -0.066241 0 0.0521019
750 -0.117087 0 -0.00813784
800 -0.197859 0 -0.0467086
850 0.043167 0 -0.182215
900 0.0853454 0 -0.440148
950 0.215378 0 -0.895258
1000 0.490456 0 -1.01351
1050 0.188477 0 -1.07593
1100 0.066939 0 -0.862171
1150 0.369189 0 -0.798641
1200 0.65654 0 -1.07598
1250 0.501731 0 -1.15993
1300 0.132957 0 -1.29372
1350 0.243854 0 -1.01886
1400 0.579609 0 -1.069
1450 0.676404 0 -1.1657
1500 0.327369 0 -1.2061
1550 0.195735 0 -1.11579
1600 0.442499 0 -1.01622
1650 0.673383 0 -1.21974
1700 0.454192 0 -1.2143
1750 0.196817 0 -1.25378
1800 0.260767 0 -0.996944
1850 0.627717 0 -1.10614
1900 0.587157 0 -1.27196
1950 0.260824 0 -1.32512
2000 0.1878 0 -1.2279
2050 0.447017 0 -1.04512
2100 0.612758 0 -1.26897
2150 0.397783 0 -1.25625
2200 0.160679 0 -1.22165
2250 0.319686 0 -0.964864
2300 0.651321 0 -1.10761
2350 0.642832 0 -1.22054
2400 0.283106 0 -1.21796
2450 0.166445 0 -1.12417
2500 0.414083 0 -1.01466
2550 0.61683 0 -1.23504
2600 0.420652 0 -1.21789
2650 0.190529 0 -1.24563
2700 0.321439 0 -1.00707
2750 0.688076 0 -1.19159
2800 0.640067 0 -1.31302
2850 0.251964 0 -1.32719
2900 0.129834 0 -1.17437
2950 0.48085 0 -1.03247
3000 0.633367 0 -1.25326
3050 0.399005 0 -1.24222
3100 0.16509 0 -1.28059
3150 0.367291 0 -1.03
3200 0.699849 0 -1.25432
3250 0.523029 0 -1.27482
3300 0.187413 0 -1.345
3350 0.245177 0 -1.10523
3400 0.629537 0 -1.14401
3450 0.67641 0 -1.27127
3500 0.345303 0 -1.30283
3550 0.161763 0 -1.24548
3600 0.438622 0 -1.00421
3650 0.685523 0 -1.19052
3700 0.460751 0 -1.23453
3750 0.190393 0 -1.28936
3800 0.224651 0 -1.02385
3850 0.59612 0 -1.02136
3900 0.672276 0 -1.2559
3950 0.286494 0 -1.2842
4000 0.116443 0 -1.21617
4050 0.396434 0 -0.995198
4100 0.636481 0 -1.27461
4150 0.441498 0 -1.24102
4200 0.198182 0 -1.29896
4250 0.288936 0 -1.06981
4300 0.633721 0 -1.13377
4350 0.642778 0 -1.31088
4400 0.261444 0 -1.26705
4450 0.159949 0 -1.13675
4500 0.457342 0 -1.01568
4550 0.672603 0 -1.26248
4600 0.476779 0 -1.20331
4650 0.168224 0 -1.22332
4700 0.236502 0 -0.974028
4750 0.616875 0 -1.11684
4800 0.630468 0 -1.25862
4850 0.243311 0 -1.3001
4900 0.149772 0 -1.18109
4950 0.48448 0 -1.02845
5000 0.641761 0 -1.25907
5050 0.378077 0 -1.28891
5100 0.184602 0 -1.33537
5150 0.383702 0 -1.08281
5200 0.705685 0 -1.29343
5250 0.552246 0 -1.30046
5300 0.240528 0 -1.3329
5350 0.251468 0 -1.09656
5400 0.66776 0 -1.11911
5450 0.769748 0 -1.29497
5500 0.346708 0 -1.29647
5550 0.172677 0 -1.17769
5600 0.38284 0 -0.95442
5650 0.732615 0 -1.20763
5700 0.534502 0 -1.20344
5750 0.245025 0 -1.17526
5800 0.240895 0 -0.996713
5850 0.514551 0 -0.989407
5900 0.663236 0 -1.17595
5950 0.306179 0 -1.20952
6000 0.0896925 0 -1.19595
6050 0.313549 0 -0.915129
6100 0.667445 0 -1.17368
6150 0.547597 0 -1.19991
6200 0.209657 0 -1.27157
6250 0.180691 0 -1.05494
6300 0.517143 0 -0.989109
6350 0.671104 0 -1.22337
6400 0.332099 0 -1.20629
6450 0.105919 0 -1.19211
6500 0.298212 0 -0.939297
6550 0.686739 0 -1.18335
6600 0.56613 0 -1.2678
6650 0.233127 0 -1.22795
6700 0.218501 0 -1.01994
6750 0.533301 0 -1.03101
6800 0.608626 0 -1.17379
6850 0.308299 0 -1.2043
6900 0.224195 0 -1.25135
6950 0.389368 0 -1.03819
7000 0.70942 0 -1.23666
7050 0.53504 0 -1.26441
7100 0.18516 0 -1.24622
7150 0.1915 0 -1.01643
7200 0.566948 0 -1.07645
7250 0.633781 0 -1.24749
7300 0.336559 0 -1.2742
7350 0.174065 0 -1.19644
7400 0.406162 0 -0.994858
7450 0.652749 0 -1.22107
7500 0.476156 0 -1.28097
7550 0.195217 0 -1.29836
7600 0.213169 0 -1.0409
7650 0.568716 0 -1.0164
7700 0.698609 0 -1.3042
7750 0.333344 0 -1.19882
7800 0.139794 0 -1.13219
7850 0.418852 0 -1.00591
7900 0.696015 0 -1.20925
7950 0.468984 0 -1.21117
8000 0.174661 0 -1.21929
8050 0.227165 0 -0.996085
8100 0.557933 0 -1.01876
8150 0.693723 0 -1.24385
8200 0.324845 0 -1.26242
8250 0.168916 0 -1.2486
8300 0.413383 0 -0.980229
8350 0.671129 0 -1.16892
8400 0.507051 0 -1.16171
8450 0.192068 0 -1.21431
8500 0.182664 0 -0.979876
8550 0.437766 0 -0.887525
8600 0.648553 0 -1.13814
8650 0.44971 0 -1.1111
8700 0.161735 0 -1.08492
8750 0.275559 0 -0.887709
8800 0.371756 0 -0.776558
8850 0.276932 0 -0.562916
8900 0.129304 0 -0.278348
8950 0.00380757 0 -0.0775249
9000 0.0228178 0 -0.0592973
9050 -0.0100585 0 -0.0434376
9100 -0.0813993 0 -0.170298
9150 0.168551 0 -0.443371
9200 0.246783 0 -0.959286
9250 0.702517 0 -0.958194
9300 0.404719 0 -1.00157
9350 0.205137 0 -1.03193
9400 0.254509 0 -0.829381
9450 0.605363 0 -1.01184
9500 0.649179 0 -1.07406
9550 0.357407 0 -1.06691
9600 0.248844 0 -1.01101
9650 0.388474 0 -0.930976
9700 0.583406 0 -1.10323
9750 0.45073 0 -1.09227
9800 0.238834 0 -1.21449
9850 0.320323 0 -0.962853
9900 0.593532 0 -1.06585
9950 0.56917 0 -1.22756
10000 0.252683 0 -1.31341
10050 0.263058 0 -1.16763
10100 0.636498 0 -1.16844
10150 0.716797 0 -1.32872
10200 0.31367 0 -1.33981
10250 0.18618 0 -1.25086
10300 0.398449 0 -1.02518
10350 0.539814 0 -1.16372
10400 0.411906 0 -1.20371
10450 0.209724 0 -1.28042
10500 0.224034 0 -1.04
10550 0.504995 0 -1.00128
10600 0.584844 0 -1.1667
10650 0.314663 0 -1.21993
10700 0.121388 0 -1.20817
10750 0.387141 0 -0.987959
10800 0.664516 0 -1.20893
10850 0.467959 0 -1.16697
10900 0.194504 0 -1.24011
10950 0.233768 0 -1.00691
11000 0.580637 0 -1.06201
11050 0.579246 0 -1.23475
11100 0.26776 0 -1.22177
11150 0.12773 0 -1.09276
11200 0.392894 0 -0.943787
11250 0.692608 0 -1.24881
11300 0.43746 0 -1.27893
11350 0.0923964 0 -1.26213
11400 0.243852 0 -1.03005
11450 0.621914 0 -1.1463
11500 0.625707 0 -1.31295
11550 0.288363 0 -1.31303
11600 0.186474 0 -1.17127
11650 0.449587 0 -1.06073
11700 0.658138 0 -1.26436
11750 0.388393 0 -1.25537
11800 0.0951358 0 -1.20878
11850 0.326823 0 -0.94247
11900 0.735571 0 -1.26866
11950 0.480366 0 -1.20991
12000 0.199243 0 -1.22439
12050 0.189731 0 -0.999662
12100 0.483183 0 -1.01965
12150 0.625016 0 -1.3068
12200 0.240578 0 -1.3204
12250 0.116029 0 -1.2199
12300 0.375408 0 -1.00498
12350 0.641223 0 -1.24567
12400 0.431606 0 -1.20488
12450 0.152316 0 -1.24003
12500 0.239578 0 -1.0143
12550 0.582529 0 -1.13108
12600 0.587779 0 -1.27837
12650 0.281448 0 -1.23925
12700 0.233719 0 -1.14379
12750 0.477319 0 -1.03287
12800 0.677486 0 -1.24422
12850 0.382503 0 -1.3278
12900 0.0689165 0 -1.2976
12950 0.241484 0 -0.959658
13000 0.689714 0 -1.19124
13050 0.581743 0 -1.32218
13100 0.131135 0 -1.37005
13150 0.188974 0 -1.07818
13200 0.604755 0 -1.07448
13250 0.695003 0 -1.31128
13300 0.290232 0 -1.31612
13350 0.123762 0 -1.21844
13400 0.44594 0 -1.03612
13450 0.701842 0 -1.28496
13500 0.474437 0 -1.2874
13550 0.138559 0 -1.21962
13600 0.244223 0 -0.968746
13650 0.579133 0 -1.10001
13700 0.561724 0 -1.19976
13750 0.234917 0 -1.22203
13800 0.216016 0 -1.1127
13850 0.432883 0 -0.997906
13900 0.667625 0 -1.2042
13950 0.433593 0 -1.15981
14000 0.163793 0 -1.28286
14050 0.215683 0 -0.965038
14100 0.609352 0 -1.09174
14150 0.653115 0 -1.28561
14200 0.26421 0 -1.34708
14250 0.215618 0 -1.16599
14300 0.409557 0 -1.02912
14350 0.636428 0 -1.24834
14400 0.420964 0 -1.2041
14450 0.141122 0 -1.29393
14500 0.353091 0 -1.05207
14550 0.739441 0 -1.22152
14600 0.569511 0 -1.32778
14650 0.209091 0 -1.32096
14700 0.230298 0 -1.11017
14750 0.528227 0 -1.05405
14800 0.694451 0 -1.24174
14850 0.367517 0 -1.20597
14900 0.12951 0 -1.14307
14950 0.318445 0 -0.895984
15000 0.604009 0 -1.08448
15050 0.57021 0 -1.14387
15100 0.206997 0 -1.14006
15150 0.155364 0 -1.06213
15200 0.459645 0 -0.91586
15250 0.745644 0 -1.30648
15300 0.399168 0 -1.3448
15350 0.0974716 0 -1.32261
15400 0.30821 0 -1.0215
15450 0.640321 0 -1.22317
15500 0.473484 0 -1.27255
15550 0.174012 0 -1.38316
15600 0.182586 0 -1.09992
15650 0.58998 0 -1.08378
15700 0.681681 0 -1.28961
15750 0.31217 0 -1.29111
15800 0.095793 0 -1.13145
15850 0.306803 0 -0.905181
15900 0.66784 0 -1.24717
15950 0.447204 0 -1.26184
16000 0.075967 0 -1.22418
16050 0.197065 0 -0.890435
16100 0.670881 0 -1.16318
16150 0.60904 0 -1.36028
16200 0.165871 0 -1.33872
16250 0.174965 0 -1.11665
16300 0.52589 0 -1.03733
16350 0.681282 0 -1.25408
16400 0.338877 0 -1.2134
16450 0.0693683 0 -1.1608
16500 0.233688 0 -0.906179
16550 0.646954 0 -1.20716
16600 0.517122 0 -1.29835
16650 0.247743 0 -1.22049
16700 0.20969 0 -1.0944
16750 0.465008 0 -0.965179
16800 0.678096 0 -1.20494
16850 0.349661 0 -1.19828
16900 0.0705737 0 -1.22562
16950 0.235405 0 -0.958814
17000 0.673592 0 -1.13999
17050 0.629882 0 -1.29186
17100 0.225743 0 -1.29604
17150 0.121445 0 -1.14482
17200 0.467913 0 -0.987977
17250 0.677422 0 -1.28425
17300 0.367211 0 -1.30753
17350 0.132 0 -1.2892
17400 0.329992 0 -1.03416
17450 0.690728 0 -1.24084
17500 0.536459 0 -1.38948
17550 0.158279 0 -1.42064
17600 0.172454 0 -1.15763
17650 0.563522 0 -1.08212
17700 0.707249 0 -1.31779
17750 0.304588 0 -1.35857
17800 0.126232 0 -1.29138
17850 0.430869 0 -1.02501
17900 0.713547 0 -1.28006
17950 0.431135 0 -1.33029
18000 0.113077 0 -1.3454
18050 0.230883 0 -1.037
18100 0.589135 0 -1.07752
18150 0.603041 0 -1.27079
18200 0.288145 0 -1.26699
18250 0.110461 0 -1.17101
18300 0.331452 0 -0.951128
18350 0.631491 0 -1.23121
18400 0.459084 0 -1.21783
18450 0.128681 0 -1.17805
18500 0.152457 0 -0.945104
18550 0.448654 0 -0.932763
18600 0.554157 0 -1.18617
18650 0.236542 0 -1.14353
18700 -0.00537378 0 -1.0853
18750 0.178955 0 -0.79518
18800 0.494459 0 -1.0719
18850 0.424921 0 -1.13033
18900 0.16255 0 -1.23513
18950 0.0951548 0 -0.965231
19000 0.394018 0 -0.897437
19050 0.590217 0 -1.21853
19100 0.31136 0 -1.29371
19150 0.179745 0 -1.29012
19200 0.345773 0 -1.00684
19250 0.672417 0 -1.1712
19300 0.525779 0 -1.22536
19350 0.1576 0 -1.24858
19400 0.174676 0 -1.10166
19450 0.524678 0 -1.03652
19500 0.687487 0 -1.29588
19550 0.32873 0 -1.31121
19600 0.0994779 0 -1.24277
19650 0.412679 0 -1.04484
19700 0.793803 0 -1.29184
19750 0.501175 0 -1.39013
19800 0.142425 0 -1.42193
19850 0.290121 0 -1.10294
19900 0.680919 0 -1.22958
19950 0.617336 0 -1.29634
20000 0.225927 0 -1.33395
20050 0.148103 0 -1.12562
20100 0.469712 0 -1.02357
20150 0.72646 0 -1.34198
20200 0.354931 0 -1.32558
20250 0.165642 0 -1.19246
20300 0.366725 0 -1.01768
20350 0.64218 0 -1.17343
20400 0.514136 0 -1.2114
20450 0.144533 0 -1.27035
20500 0.162593 0 -1.02313
20550 0.479116 0 -0.991869
20600 0.54233 0 -1.18576
20650 0.271227 0 -1.2108
20700 0.101298 0 -1.12899
20750 0.281479 0 -0.901016
20800 0.500434 0 -1.13112
20850 0.35603 0 -1.17891
20900 0.141145 0 -1.23632
20950 0.121311 0 -0.965836
21000 0.430546 0 -0.949654
21050 0.599104 0 -1.189
21100 0.280603 0 -1.25966
21150 0.136582 0 -1.16084
21200 0.373586 0 -0.960948
21250 0.62805 0 -1.23874
21300 0.456509 0 -1.31095
21350 0.1288 0 -1.31799
21400 0.246473 0 -1.03683
21450 0.665656 0 -1.16196
21500 0.66768 0 -1.28416
21550 0.256173 0 -1.31226
21600 0.150124 0 -1.18521
21650 0.489952 0 -1.03929
21700 0.708788 0 -1.2899
21750 0.36099 0 -1.31277
21800 0.128314 0 -1.33887
21850 0.368659 0 -1.04866
21900 0.701579 0 -1.24291
21950 0.526319 0 -1.26258
22000 0.147225 0 -1.29546
22050 0.251643 0 -1.04797
22100 0.632702 0 -1.12953
22150 0.63793 0 -1.32469
22200 0.262066 0 -1.32694
22250 0.215665 0 -1.17012
22300 0.534752 0 -1.11871
22350 0.718353 0 -1.30992
22400 0.3826 0 -1.31582
22450 0.0948792 0 -1.23199
22500 0.308067 0 -0.920894
22550 0.687097 0 -1.1801
22600 0.505362 0 -1.18001
22650 0.208688 0 -1.21699
22700 0.22282 0 -1.10308
22750 0.474013 0 -1.04663
22800 0.677086 0 -1.268
22850 0.363075 0 -1.24202
22900 0.104549 0 -1.19644
22950 0.366831 0 -0.999201
23000 0.687827 0 -1.20145
23050 0.497027 0 -1.27999
23100 0.144563 0 -1.33385
23150 0.18504 0 -1.0814
23200 0.567563 0 -1.0837
23250 0.632127 0 -1.29001
23300 0.300385 0 -1.25318
23350 0.168803 0 -1.22811
23400 0.352801 0 -1.01314
23450 0.625254 0 -1.17713
23500 0.497119 0 -1.24588
23550 0.133728 0 -1.31722
23600 0.139263 0 -0.996639
23650 0.582256 0 -1.04074
23700 0.694776 0 -1.23052
23750 0.317215 0 -1.17582
23800 0.101566 0 -1.20878
23850 0.335263 0 -0.96359
23900 0.654828 0 -1.17148
23950 0.502091 0 -1.21169
24000 0.125595 0 -1.22652
24050 0.178745 0 -0.995773
24100 0.57114 0 -1.0078
24150 0.663135 0 -1.22509
24200 0.302307 0 -1.18907
24250 0.100882 0 -1.14081
24300 0.35685 0 -0.963205
24350 0.574923 0 -1.14753
24400 0.384811 0 -1.12664
24450 0.0841609 0 -1.11179
24500 0.113041 0 -0.828702
24550 0.329256 0 -0.7111
24600 0.356469 0 -0.609982
24650 0.245782 0 -0.456101
24700 0.149982 0 -0.767152
24750 0.193553 0 -0.510339
24800 0.179599 0 -0.326887
24850 0.0879117 0 -0.0653987
24900 0.0805007 0 -0.0351242
24950 0.0666208 0 -0.0593492
25000 0.087322 0 -0.0510207
25050 0.0452469 0 -0.0358906
25100 0.0258887 0 -0.0185921
25150 0.0204328 0 -0.0255145
25200 0.00954979 0 -0.00987184
25250 0.00864592 0 0.0366028
25300 -0.0086735 0 0.0350227
25350 -0.0154495 0 0.0293807
25400 -0.0112569 0 0.0182004
25450 -0.0183011 0 0.033825
25500 0.00146134 0 0.022185
25550 -0.00468006 0 0.000980955
