# Created at Thu Mar 08 13:41:31 CST 2018
2236591402067349 1
2236592034177944 2
2236592547788784 3
2236593100868453 4
2236593574989547 5
2236594167610397 6
2236594641670455 7
2236595194801559 8
2236595668831100 9
2236596221962203 10
2236596676307907 11
2236597189857711 12
2236597604713668 13
2236598138038864 14
2236598552864303 15
2236599165199508 16
2236599540565719 17
2236600073860397 18
2236600508461227 19
2236601041847457 20
2236601496162643 21
2236602009742965 22
2236602424537887 23
2236602957940612 24
2236603392480407 25
2236603945611511 26
2236604399896179 27
2236604933251891 28
2236605387597595 29
2236605920983825 30
2236606375268493 31
2236606908593688 32
2236607362969909 33
2236607856774841 34
2236608330865417 35
2236608824700866 36
2236609279046569 37
2236609772882018 38
2236610227258239 39
2236610740808044 40
2236611214929137 41
2236611728509460 42
2236612202569518 43
2236612716149841 44
2236613190225579 45
2236613684091546 46
2236614158212639 47
2236614691537835 48
2236615165597893 49
2236615679208733 50
2236616173044182 51
2236616686655022 52
2236617180490471 53
2236617713815667 54
2236618168191887 55
2236618701486565 56
2236619195383049 57
2236619649728753 58
2236620183023430 59
2236620676889397 60
2236621170724846 61
2236621684335686 62
2236622158395745 63
2236622671976067 64
2236623146097161 65
2236623639902092 66
2236624094304930 67
2236624706640135 68
2236625180791747 69
2236625812841307 70
2236626267187010 71
2236626899358641 72
2236627353643309 73
2236627610448729 74
2236627946264159 75
2236628440099608 76
2236629012975584 77
2236629487066161 78
2236629743871581 79
2236630099431883 80
2236630593236815 81
2236631205633055 82
2236631719182860 83
2236632272344481 84
2236632805669676 85
2236633358770262 86
2236633832790809 87
2236634405697303 88
2236634899502235 89
2236635432888465 90
2236635946468787 91
2236636499569373 92
2236636993404822 93
2236637546505408 94
2236638060085731 95
2236638593471961 96
2236639126766639 97
2236639699642615 98
2236640173733192 99
2236640786129432 100
2236641260189490 101
2236641793545203 102
2236642326900916 103
2236642840481238 104
2236643334347205 105
2236643907188988 106
2236644381310082 107
2236644954186059 108
2236645428276635 109
2236646001122094 110
2236646475182152 111
2236646988762475 112
2236647522148705 113
2236648094963646 114
2236648569084740 115
2236649102409936 116
2236649596275902 117
2236650169151879 118
2236650643242455 119
2236651196343041 120
2236651690209008 121
2236652223534203 122
2236652717400170 123
2236653309990502 124
2236653784087171 125
2236654376677503 126
2236654890288343 127
2236655423705091 128
2236655917479505 129
2236656450865736 130
2236656924895277 131
2236657458250989 132
2236657952147474 133
2236658445982923 134
2236658920012464 135
2236659453429212 136
2236659947264661 137
2236660480589857 138
2236660994170179 139
2236661527525892 140
2236662021391859 141
2236662554778089 142
2236663028838148 143
2236663601714124 144
2236664075804183 145
2236664609159896 146
2236665102995345 147
2236665616636702 148
2236666090727279 149
2236666604277083 150
2236667078367659 151
2236667572264144 152
2236668046354720 153
2236668599455306 154
2236669053770491 155
2236669587126204 156
2236670080961654 157
2236670594572493 158
2236671068663070 159
2236671582273909 160
2236672155088851 161
2236672885984847 162
2236673300810286 163
2236673597135970 164
2236674031678638 165
2236674505769215 166
2236675177430592 167
2236675710755787 168
2236676303376636 169
2236676797212086 170
2236677350343189 171
2236677844178638 172
2236678377503834 173
2236678871400318 174
2236679543000660 175
2236679977570972 176
2236680550446949 177
2236681024598560 178
2236681617127857 179
2236682130738697 180
2236682723359547 181
2236683217164478 182
2236683790060344 183
2236684303671184 184
2236684876577678 185
2236685390127483 186
2236685923483195 187
2236686535848918 188
2236687088980022 189
2236687661855998 190
2236688234731975 191
2236688689047160 192
2236689242178264 193
2236689736013713 194
2236690289114299 195
2236690723684611 196
2236691217581096 197
2236691691641154 198
2236692205190959 199
2236692659536662 200
2236693173178020 201
2236693666978904 202
2236694180620262 203
2236694654710838 204
2236695168291160 205
2236695642412254 206
2236696175767967 207
2236696649828025 208
2236697163438865 209
2236697637529441 210
2236698151140281 211
2236698625200340 212
2236699158586570 213
2236699652422019 214
2236700205492088 215
2236700699358055 216
2236701252489158 217
2236701746294090 218
2236702299425193 219
2236702773515769 220
2236703306871482 221
2236703840280655 222
2236704393350723 223
2236704906992081 224
2236705420572403 225
2236706072458389 226
2236706348978165 227
2236706862589004 228
2236707277383926 229
