200 -0.0097256 0 0.0171822
250 -0.00869547 0 0.0190219
300 -0.00650682 0 0.0222603
350 -0.0184045 0 0.0210048
400 -0.0167896 0 0.0152871
450 -0.0178176 0 0.0173207
500 -0.0165514 0 0.0251197
550 -0.0111245 0 0.0265601
600 -0.0115608 0 0.0272103
650 -0.0110381 0 0.02983
700 0.0181328 0 -0.00903317
750 0.0625656 0 -0.114644
800 0.0219083 0 -0.40186
850 -0.128727 0 -0.633861
900 -0.138561 0 -0.714367
950 -0.0483116 0 -0.861533
1000 0.0519824 0 -1.04999
1050 -0.0133668 0 -1.04899
1100 -0.184216 0 -1.10353
1150 -0.200172 0 -1.06988
1200 -0.0423321 0 -1.07825
1250 -0.0897718 0 -0.966487
1300 -0.193624 0 -1.00053
1350 -0.0550927 0 -1.0139
1400 0.423365 0 -0.595356
1450 0.172994 0 -0.00395971
1500 -0.037824 0 0.470741
1550 -0.0255072 0 0.423609
1600 0.120968 0 0.473259
1650 -0.00519191 0 0.695553
1700 -0.0556875 0 0.832367
1750 0.122203 0 0.833406
1800 0.267457 0 0.94466
1850 0.145068 0 0.857329
1900 0.0690274 0 0.72006
1950 0.136285 0 0.828092
2000 0.23709 0 0.832117
2050 0.114348 0 0.746406
2100 -0.00846751 0 0.788552
2150 0.101111 0 0.716941
2200 0.236889 0 0.806874
2250 0.162039 0 0.853047
2300 0.035169 0 0.951069
2350 0.0908476 0 0.871882
2400 0.141329 0 0.822675
2450 0.168179 0 0.837026
2500 -0.0011738 0 0.921401
2550 0.0476352 0 1.11507
2600 0.089801 0 1.02865
2650 0.0502777 0 0.937241
2700 -0.0244087 0 0.814745
2750 0.269444 0 0.809321
2800 0.764769 0 0.345456
2850 1.0636 0 -0.0845456
2900 0.58588 0 -0.570424
2950 0.0459672 0 -0.854361
3000 -0.206242 0 -0.849273
3050 -0.142735 0 -1.07122
3100 -0.0529647 0 -1.10885
3150 -0.194305 0 -1.20264
3200 -0.141389 0 -1.19627
3250 -0.066477 0 -1.2098
3300 0.0121068 0 -1.09947
3350 -0.144281 0 -1.09277
3400 -0.282102 0 -1.08781
3450 -0.113899 0 -1.15457
3500 -0.154092 0 -0.909273
3550 -0.123766 0 -0.921319
3600 -0.193346 0 -0.996538
3650 -0.0645252 0 -1.03093
3700 0.0526793 0 -1.03825
3750 -0.0185772 0 -1.16757
3800 -0.158512 0 -1.23228
3850 -0.0589711 0 -1.17375
3900 0.0253034 0 -1.25488
3950 -0.0645454 0 -1.30628
4000 -0.182552 0 -1.33417
4050 -0.0244889 0 -1.25881
4100 0.0834542 0 -1.31515
4150 -0.0160992 0 -1.20124
4200 -0.090243 0 -1.13801
4250 -0.0979569 0 -1.06185
4300 -0.127702 0 -1.10735
4350 -0.242348 0 -0.802106
4400 -0.154447 0 -0.36363
4450 0.0354957 0 -0.08315
4500 0.0830338 0 0.170012
4550 0.0326195 0 0.679109
4600 0.040782 0 0.779157
4650 0.0655079 0 0.554342
4700 0.110661 0 0.60126
4750 -0.0200067 0 0.596363
4800 -0.00937385 0 0.58884
4850 0.215721 0 0.747853
4900 0.27886 0 0.785654
4950 0.0752831 0 0.6877
5000 -0.0574226 0 0.763054
5050 0.122276 0 0.639755
5100 0.198483 0 0.66475
5150 0.118304 0 0.609223
5200 0.00314152 0 0.778308
5250 0.098061 0 0.844471
5300 0.182193 0 0.992768
5350 0.0894602 0 0.915078
5400 -0.0898749 0 1.02844
5450 0.0370541 0 0.938691
5500 0.0935954 0 0.938262
5550 0.11875 0 0.870474
5600 0.0212885 0 0.794875
5650 0.100308 0 0.701621
5700 0.190681 0 0.744172
5750 0.138574 0 0.823854
5800 -0.00387912 0 0.78837
5850 0.056634 0 0.977624
5900 0.182261 0 0.918734
5950 0.14722 0 0.914094
6000 0.0114774 0 0.828342
6050 0.0417981 0 0.942483
6100 0.0427548 0 0.827929
6150 -0.0739747 0 0.703111
6200 -0.725562 0 0.301092
6250 -1.04644 0 -0.106751
6300 -0.737422 0 -0.458978
6350 -0.31667 0 -0.85338
6400 -0.0165345 0 -0.759656
6450 -0.0286899 0 -0.981219
6500 -0.125227 0 -1.07462
6550 -0.0355402 0 -1.12423
6600 0.127021 0 -1.13151
6650 -0.0314052 0 -1.19589
6700 -0.125711 0 -1.20475
6750 -0.0240771 0 -1.20929
6800 0.0278268 0 -1.20359
6850 -0.0330691 0 -1.21163
6900 -0.21221 0 -1.20466
6950 -0.123037 0 -1.23955
7000 0.0309581 0 -1.2046
7050 -0.0289508 0 -1.20488
7100 -0.166062 0 -1.25153
7150 -0.108926 0 -1.23578
7200 0.0122623 0 -1.31485
7250 -0.0569351 0 -1.22997
7300 -0.204167 0 -1.26273
7350 -0.101948 0 -1.24538
7400 -0.00927127 0 -1.31222
7450 -0.0293756 0 -1.2037
7500 -0.147056 0 -1.279
7550 -0.160424 0 -1.16064
7600 -0.0129795 0 -1.21854
7650 -0.00528343 0 -1.15968
7700 -0.132927 0 -1.21929
7750 -0.215972 0 -1.23475
7800 -0.122525 0 -1.26216
7850 -0.020512 0 -1.16593
7900 -0.133855 0 -1.226
7950 -0.21361 0 -1.2053
8000 -0.111567 0 -1.23227
8050 -0.0918601 0 -1.13856
8100 -0.181881 0 -1.08574
8150 -0.283706 0 -1.08031
8200 -0.154544 0 -1.09821
8250 -0.043857 0 -1.00574
8300 -0.0489071 0 -0.927648
8350 -0.143964 0 -1.03892
8400 -0.0536301 0 -1.01284
8450 0.0685095 0 -1.13512
8500 0.0386758 0 -1.09014
8550 -0.117781 0 -1.12826
8600 -0.102668 0 -1.1354
8650 -0.0184812 0 -1.17796
8700 0.0215437 0 -1.0754
8750 -0.139704 0 -1.12406
8800 -0.0333338 0 -0.987058
8850 0.454172 0 -0.311146
8900 0.330628 0 0.442549
8950 -0.0383262 0 0.809456
9000 -0.0664294 0 0.871681
9050 0.142523 0 0.904315
9100 0.0401794 0 0.904573
9150 0.029062 0 0.995747
9200 0.174479 0 1.09765
9250 0.269001 0 1.21511
9300 0.125754 0 1.00215
9350 -0.0361679 0 0.986806
9400 0.0566828 0 1.06016
9450 0.173443 0 0.81169
9500 0.130667 0 0.664742
9550 0.0178694 0 0.766941
9600 0.0529885 0 0.915635
9650 0.207091 0 1.21774
9700 0.14253 0 1.00009
9750 -0.00995234 0 1.07965
9800 0.117918 0 0.910865
9850 0.165564 0 0.80567
9900 0.0708302 0 0.970543
9950 0.0499783 0 0.954085
10000 0.191575 0 0.838324
10050 0.676694 0 0.477378
10100 0.918951 0 0.00325103
10150 0.613188 0 -0.511096
10200 0.234802 0 -0.879743
10250 0.0114745 0 -0.90893
10300 -0.0678551 0 -1.08262
10350 -0.017768 0 -1.08004
10400 -0.207594 0 -1.24662
10450 -0.187677 0 -1.21787
10500 -0.0355301 0 -1.25662
10550 -0.00409574 0 -1.14757
10600 -0.201668 0 -1.20621
10650 -0.260466 0 -1.21494
10700 -0.139417 0 -1.2237
10750 -0.115094 0 -1.06777
10800 -0.156757 0 -1.098
10850 -0.256085 0 -1.13204
10900 -0.0736615 0 -1.01062
10950 0.0477229 0 -1.10068
11000 0.00914162 0 -1.07964
11050 -0.148169 0 -1.17067
11100 -0.0835947 0 -1.15005
11150 0.0521247 0 -1.15741
11200 -0.0229673 0 -1.08502
11250 -0.185894 0 -1.25085
11300 -0.0966648 0 -1.14108
11350 0.0136379 0 -1.17993
11400 -0.0505709 0 -1.02627
11450 -0.1195 0 -1.02853
11500 0.0343512 0 -0.868572
11550 0.39829 0 -0.28856
11600 0.271698 0 0.25486
11650 -0.0367995 0 0.615797
11700 0.0397932 0 0.649235
11750 0.147004 0 0.707552
11800 0.0663068 0 0.860998
11850 -0.0621528 0 1.1307
11900 0.0340118 0 1.00465
11950 0.198369 0 1.0474
12000 0.15716 0 0.801892
12050 0.0507796 0 0.8226
12100 0.144514 0 0.988831
12150 0.200632 0 1.0913
12200 0.193979 0 1.06102
12250 0.027832 0 1.07537
12300 0.15315 0 1.01222
12350 0.202583 0 0.945892
12400 0.14531 0 0.847095
12450 0.0288747 0 1.00397
12500 0.158037 0 0.872406
12550 0.253593 0 0.890506
12600 0.123099 0 0.94183
12650 -0.017849 0 0.900991
12700 0.145424 0 1.08783
12750 0.232485 0 1.03396
12800 0.139777 0 0.959175
12850 -0.0406282 0 0.999787
12900 0.116165 0 1.02363
12950 0.226665 0 0.764499
13000 0.152645 0 0.799907
13050 -0.0193573 0 0.790212
13100 0.100518 0 0.927563
13150 0.242132 0 0.97995
13200 0.100857 0 0.799439
13250 -0.055536 0 0.909968
13300 0.0908348 0 0.986601
13350 0.222147 0 0.992756
13400 0.0798615 0 0.958849
13450 -0.0629195 0 0.693538
13500 -0.0325523 0 0.702443
13550 0.120665 0 0.598534
13600 0.237133 0 0.805189
13650 -0.0168695 0 0.654204
13700 -0.0852978 0 0.79284
13750 0.0358046 0 0.815943
13800 0.17208 0 0.827227
13850 0.116476 0 0.678832
13900 -0.120189 0 0.673915
13950 -0.0655587 0 0.705202
14000 0.320541 0 0.512784
14050 0.802807 0 0.295532
14100 0.623266 0 -0.210496
14150 0.314426 0 -0.489753
14200 0.0410602 0 -0.89938
14250 -0.0259846 0 -1.02017
14300 0.0414783 0 -1.10093
14350 -0.0883055 0 -1.23776
14400 -0.199723 0 -1.32934
14450 -0.130308 0 -1.30785
14500 0.108737 0 -1.34829
14550 0.0531418 0 -1.284
14600 -0.0830084 0 -1.34149
14650 -0.0576906 0 -1.27305
14700 0.0414917 0 -1.29116
14750 0.0630383 0 -1.24208
14800 -0.113516 0 -1.25245
14850 -0.0760681 0 -1.28993
14900 0.0782494 0 -1.36982
14950 0.0726441 0 -1.23235
15000 -0.140077 0 -1.33439
15050 -0.153509 0 -1.2747
15100 -0.0477947 0 -1.2542
15150 -0.00791073 0 -1.17778
15200 -0.196752 0 -1.28657
15250 -0.160616 0 -1.21459
15300 -0.0924806 0 -1.21293
15350 0.0210033 0 -1.18315
15400 -0.188823 0 -1.23436
15450 -0.260197 0 -1.21528
15500 -0.126941 0 -1.19144
15550 -0.0540791 0 -1.07693
15600 -0.181405 0 -1.04877
15650 -0.211219 0 -1.08314
15700 -0.0842469 0 -1.04971
15750 0.0376588 0 -1.05366
15800 0.000640232 0 -1.07582
15850 -0.151131 0 -1.05113
15900 -0.0593199 0 -0.951205
15950 0.0938637 0 -0.922254
16000 0.0276358 0 -0.732785
16050 -0.072994 0 -0.569712
16100 -0.0465083 0 -0.307263
16150 -0.0178685 0 -0.236071
16200 0.0245491 0 -0.0642595
16250 0.0475669 0 -0.0863999
16300 0.0426868 0 -0.01357
16350 0.0373119 0 -0.0398327
16400 0.00803867 0 -0.0308662
16450 0.00423452 0 -0.0263116
16500 0.00610686 0 -0.00966064
16550 -0.000490758 0 0.00313633
16600 -0.0149053 0 0.0386688
16650 -0.0102191 0 0.0266861
16700 -0.0153192 0 0.0236526
16750 -0.0110745 0 0.0238577
16800 -0.0132135 0 0.0291582
16850 -0.0192136 0 0.0195239
16900 -0.0178171 0 0.025521
16950 -0.0183649 0 0.0315032
17000 -0.00765382 0 0.0243482
