200 -0.0145879 0 -0.0305167
250 -0.0143866 0 -0.0256922
300 -0.00848162 0 -0.0339908
350 0.00264108 0 -0.0451798
400 0.022212 0 -0.058408
450 0.0409559 0 -0.0646199
500 -0.0412909 0 -0.297902
550 -0.0999439 0 -0.59978
600 -0.0953745 0 -0.621085
650 0.0408376 0 -0.659778
700 0.00777495 0 -0.770386
750 0.0361616 0 -0.727387
800 -0.130817 0 -0.777367
850 -0.105781 0 -0.744069
900 0.0144973 0 -0.820283
950 -0.00395629 0 -0.810164
1000 0.0277276 0 -0.842152
1050 -0.0438487 0 -0.723412
1100 -0.163075 0 -0.763101
1150 -0.0514717 0 -0.785541
1200 0.0570755 0 -0.896739
1250 0.0291228 0 -0.837155
1300 -0.012152 0 -0.833771
1350 -0.095169 0 -0.838112
1400 -0.118788 0 -0.826757
1450 0.0880418 0 -0.849122
1500 0.00718384 0 -0.787935
1550 -0.0365343 0 -0.780407
1600 -0.190221 0 -0.883223
1650 -0.101636 0 -0.82241
1700 -0.0352668 0 -0.914402
1750 -0.0410312 0 -0.908015
1800 -0.122341 0 -0.778009
1850 -0.209693 0 -0.890911
1900 -0.191658 0 -0.809375
1950 -0.014998 0 -0.931749
2000 0.0554545 0 -0.922156
2050 -0.0231432 0 -0.843416
2100 -0.0415208 0 -0.927688
2150 -0.111286 0 -0.882246
2200 0.074387 0 -0.976792
2250 0.0892273 0 -0.962364
2300 -0.00676365 0 -0.906508
2350 -0.098623 0 -0.904299
2400 -0.087042 0 -0.942277
2450 0.0230607 0 -0.930423
2500 0.0386733 0 -0.927424
2550 -0.0435854 0 -0.871603
2600 -0.139297 0 -0.879815
2650 -0.0569667 0 -0.901408
2700 0.0588507 0 -0.9854
2750 0.105528 0 -0.984102
2800 -0.0691376 0 -0.972412
2850 -0.0546938 0 -0.935455
2900 -0.0270979 0 -1.0603
2950 -0.0269637 0 -1.05117
3000 -0.0295295 0 -1.13725
3050 -0.250574 0 -1.01302
3100 -0.167008 0 -1.0357
3150 -0.0282084 0 -1.13067
3200 0.0237006 0 -1.10606
3250 -0.0955925 0 -1.10241
3300 -0.197611 0 -1.05074
3350 -0.127277 0 -1.0595
3400 -0.0830137 0 -1.09226
3450 -0.0672683 0 -1.12544
3500 -0.206709 0 -1.07526
3550 -0.120673 0 -1.07369
3600 -0.027604 0 -1.10758
3650 0.00279478 0 -1.12648
3700 -0.0861007 0 -1.08782
3750 -0.192239 0 -1.06425
3800 -0.0898267 0 -1.06143
3850 0.023917 0 -1.08831
3900 0.0555351 0 -1.06479
3950 -0.0177272 0 -1.05573
4000 -0.127479 0 -1.06896
4050 0.0397261 0 -1.08256
4100 0.0162965 0 -1.08031
4150 -0.0758751 0 -1.08723
4200 -0.175997 0 -1.05236
4250 -0.0852753 0 -1.07685
4300 0.000575371 0 -1.08505
4350 -0.0391309 0 -1.07882
4400 -0.118488 0 -1.06365
4450 -0.205034 0 -1.0063
4500 -0.0159133 0 -1.05262
4550 0.0210975 0 -1.06863
4600 -0.0678223 0 -1.05323
4650 -0.231215 0 -1.05899
4700 -0.21093 0 -0.95542
4750 -0.100747 0 -1.07739
4800 -0.0332951 0 -0.987193
4850 -0.0928787 0 -0.969578
4900 -0.185288 0 -0.969891
4950 -0.120628 0 -1.05197
5000 0.0670779 0 -1.01559
5050 0.0540225 0 -1.00457
5100 0.0191798 0 -0.976533
5150 -0.129516 0 -1.01085
5200 0.0227021 0 -1.04032
5250 0.0119024 0 -1.0745
5300 -0.0179792 0 -0.990922
5350 -0.141217 0 -1.04082
5400 -0.11764 0 -0.99504
5450 -0.0414212 0 -1.03183
5500 0.0390194 0 -0.977311
5550 -0.105699 0 -0.879551
5600 -0.114914 0 -0.858036
5650 -0.0813117 0 -0.895476
5700 0.0608293 0 -0.986793
5750 0.0337996 0 -0.914725
5800 -0.0499078 0 -0.854654
5850 -0.0848538 0 -0.876278
5900 -0.0666928 0 -0.926569
5950 0.0754068 0 -0.976309
6000 0.0593642 0 -0.931466
6050 -0.0304444 0 -0.848246
6100 -0.109464 0 -0.924443
6150 -0.0259903 0 -0.891828
6200 0.106216 0 -0.967752
6250 0.0741967 0 -0.937706
6300 -0.00165821 0 -0.888851
6350 -0.175087 0 -0.872641
6400 -0.0244643 0 -0.844792
6450 0.0729891 0 -0.941112
6500 0.101577 0 -0.945129
6550 0.0131625 0 -0.88508
6600 -0.107869 0 -0.902959
6650 0.00618187 0 -0.901711
6700 0.106545 0 -0.910637
6750 0.0984026 0 -0.94468
6800 -0.0198645 0 -0.863588
6850 -0.170211 0 -0.860401
6900 -0.0591866 0 -0.86852
6950 0.02815 0 -0.97887
7000 0.100317 0 -0.910584
7050 -0.00585191 0 -0.891939
7100 -0.155173 0 -0.843518
7150 -0.0299908 0 -0.925703
7200 0.0388997 0 -0.929179
7250 0.0570257 0 -0.912064
7300 0.000262135 0 -0.88732
7350 -0.208133 0 -0.875249
7400 -0.0471989 0 -0.877866
7450 0.0763507 0 -0.920153
7500 0.0668402 0 -0.892371
7550 0.0174593 0 -0.774259
7600 -0.159351 0 -0.868798
7650 -0.0498794 0 -0.844688
7700 0.0773444 0 -0.949277
7750 0.0292345 0 -0.911655
7800 0.0298366 0 -0.801225
7850 -0.130001 0 -0.884272
7900 -0.0699872 0 -0.787261
7950 0.0555583 0 -0.928789
8000 -0.00439791 0 -0.868251
8050 -0.0368007 0 -0.887789
8100 -0.154989 0 -0.806839
8150 -0.0691007 0 -0.826817
8200 0.108137 0 -0.859252
8250 0.0407072 0 -0.86134
8300 0.0283201 0 -0.733978
8350 -0.0783424 0 -0.728472
8400 -0.0475567 0 -0.683696
8450 0.17458 0 -0.807639
8500 0.0257238 0 -0.703138
8550 0.0566922 0 -0.696209
8600 -0.0956167 0 -0.789146
8650 -0.0191553 0 -0.763884
8700 0.108391 0 -0.783339
8750 0.0111958 0 -0.776474
8800 -0.0371183 0 -0.781194
8850 -0.0857506 0 -0.85271
8900 -0.11132 0 -0.808769
8950 0.0643563 0 -0.993645
9000 0.0643133 0 -0.921039
9050 -0.0952255 0 -0.996971
9100 -0.202331 0 -0.930434
9150 -0.131505 0 -1.00489
9200 0.0194818 0 -1.02859
9250 -0.00390053 0 -0.975881
9300 -0.0273535 0 -0.908497
9350 -0.153454 0 -1.01776
9400 -0.0932256 0 -0.933166
9450 0.102819 0 -1.01946
9500 0.047142 0 -0.961607
9550 -0.0577014 0 -0.873624
9600 -0.140359 0 -0.96951
9650 -0.0570279 0 -0.898637
9700 0.0392739 0 -0.965283
9750 0.012414 0 -0.919745
9800 -0.0552557 0 -0.867687
9850 -0.114677 0 -0.947662
9900 -0.0831171 0 -0.891892
9950 0.102882 0 -1.00821
10000 0.0264075 0 -0.873397
10050 -0.0575377 0 -0.815541
10100 -0.0778855 0 -0.917076
10150 -0.0797496 0 -0.966366
10200 0.110453 0 -0.969884
10250 0.0233386 0 -0.92164
10300 -0.0255007 0 -0.839639
10350 -0.139559 0 -0.971548
10400 -0.0874766 0 -0.911416
10450 0.107853 0 -0.979946
10500 0.0375701 0 -0.911466
10550 -0.0285068 0 -0.891068
10600 -0.12612 0 -0.947741
10650 -0.0847628 0 -0.967252
10700 0.0175816 0 -0.967369
10750 -0.0328271 0 -0.964407
10800 -0.0404261 0 -0.832832
10850 -0.158137 0 -0.931509
10900 -0.163926 0 -0.818364
10950 0.0279105 0 -1.03283
11000 0.0525835 0 -0.916418
11050 -0.0469276 0 -0.827726
11100 -0.0804569 0 -0.897864
11150 -0.0958652 0 -0.913996
11200 0.0626244 0 -0.996514
11250 0.0784785 0 -0.981351
11300 -0.0315611 0 -0.883331
11350 0.00222541 0 -0.870361
11400 -0.0168855 0 -0.957711
11450 0.0128779 0 -0.971815
11500 0.0676037 0 -1.03178
11550 -0.0153984 0 -0.921462
11600 -0.086796 0 -0.937459
11650 -0.0745568 0 -0.963582
11700 -0.0906496 0 -0.998837
11750 -0.00209607 0 -1.03997
11800 -0.0631856 0 -0.966455
11850 -0.185764 0 -1.01246
11900 -0.121196 0 -0.913464
11950 -0.0170888 0 -0.964282
12000 -0.000332375 0 -0.896141
12050 -0.108961 0 -0.870001
12100 -0.201411 0 -0.885456
12150 -0.161321 0 -0.868686
12200 0.043405 0 -1.01445
12250 0.0549437 0 -0.913547
12300 -0.0804349 0 -0.828866
12350 -0.148258 0 -0.905873
12400 -0.0920224 0 -0.877541
12450 0.0327983 0 -0.982176
12500 0.0194771 0 -0.906098
12550 -0.0769541 0 -0.840471
12600 -0.10635 0 -0.909895
12650 -0.104767 0 -0.841984
12700 0.0876398 0 -0.955572
12750 0.0738741 0 -0.943183
12800 -0.0244564 0 -0.793886
12850 -0.0813247 0 -0.96004
12900 -0.0635143 0 -0.96381
12950 -0.0429584 0 -1.05894
13000 0.0856779 0 -1.01207
13050 -0.0676352 0 -0.938285
13100 -0.0761573 0 -0.920358
13150 -0.0745945 0 -0.904225
13200 0.0237589 0 -0.986154
13250 0.128238 0 -0.920495
13300 -0.070707 0 -0.868252
13350 -0.113925 0 -0.833046
13400 -0.118402 0 -0.898018
13450 0.0870366 0 -0.961135
13500 0.0704917 0 -0.915172
13550 -0.0494409 0 -0.820992
13600 -0.122634 0 -0.895324
13650 -0.093667 0 -0.862959
13700 0.118403 0 -0.957379
13750 0.0796551 0 -0.84687
13800 -0.0198967 0 -0.773774
13850 -0.0217731 0 -0.868058
13900 -0.0580242 0 -0.905815
13950 0.0672533 0 -1.00655
14000 0.0514721 0 -0.96216
14050 -0.0738667 0 -0.929989
14100 -0.144251 0 -0.929732
14150 -0.111746 0 -0.99184
14200 0.0586566 0 -0.987123
14250 0.00621396 0 -1.0191
14300 -0.0388848 0 -0.900312
14350 -0.213747 0 -0.913081
14400 -0.0655062 0 -0.973949
14450 -0.0172831 0 -0.944196
14500 0.0414936 0 -0.872781
14550 -0.0953241 0 -0.932987
14600 -0.16833 0 -0.853089
14650 -0.123946 0 -0.932459
14700 0.00923605 0 -0.848828
14750 -0.0757245 0 -0.793187
14800 -0.0661312 0 -0.689522
14850 -0.10342 0 -0.615474
14900 -0.0112262 0 -0.545253
14950 0.0326101 0 -0.364798
15000 0.0362089 0 -0.306832
15050 -0.0276508 0 -0.0863274
15100 -0.0317242 0 -0.0644959
15150 -0.0134535 0 -0.080416
15200 -0.0192457 0 -0.044563
15250 0.00192583 0 -0.0295809
15300 -0.000609021 0 -0.0379796
15350 -0.00687285 0 -0.0411135
15400 -0.00787187 0 -0.0424811
15450 0.0119087 0 -0.057546
15500 -0.00206157 0 -0.0391071
15550 -0.0119988 0 -0.0519976
15600 -0.0257071 0 -0.0372907
15650 -0.0192994 0 -0.045452
15700 0.000154905 0 -0.0278065
15750 -0.00736313 0 -0.0338526
