200 -0.0118402 0 0.0239304
250 -0.0103574 0 0.0163285
300 -0.00278548 0 0.0149238
350 -0.00335814 0 0.0176845
400 -0.00557697 0 0.0194495
450 -0.0141786 0 0.0202106
500 -0.014734 0 0.0184226
550 -0.0182951 0 0.0252739
600 -0.0237335 0 0.0295579
650 -0.0194308 0 0.0154904
700 -0.0165172 0 0.00590921
750 -0.0549131 0 -0.0317895
800 -0.0100451 0 -0.0680981
850 -0.20588 0 0.0763175
900 -0.304749 0 0.251501
950 -0.412125 0 0.47823
1000 -0.502429 0 0.347904
1050 -0.557745 0 0.245803
1100 -0.653326 0 0.149497
1150 -0.63103 0 0.187194
1200 -0.566939 0 0.427262
1250 -0.591792 0 0.502633
1300 -0.683024 0 0.35695
1350 -0.750681 0 0.299952
1400 -0.68313 0 0.237247
1450 -0.500969 0 0.231963
1500 -0.581655 0 0.411042
1550 -0.581357 0 0.392392
1600 -0.620871 0 0.260536
1650 -0.860446 0 0.193327
1700 -0.685548 0 0.137287
1750 -0.642559 0 0.378601
1800 -0.650943 0 0.493983
1850 -0.629898 0 0.423656
1900 -0.75269 0 0.272999
1950 -0.741677 0 0.174306
2000 -0.584786 0 0.248625
2050 -0.74289 0 0.481572
2100 -0.712511 0 0.49368
2150 -0.845445 0 0.398464
2200 -0.971072 0 0.310707
2250 -0.738503 0 0.24517
2300 -0.768102 0 0.428711
2350 -0.902466 0 0.538746
2400 -1.02744 0 0.523086
2450 -1.0667 0 0.460777
2500 -1.07217 0 0.405111
2550 -1.05858 0 0.563027
2600 -1.09712 0 0.660108
2650 -1.19739 0 0.619061
2700 -1.1859 0 0.56198
2750 -1.24023 0 0.644611
2800 -1.25637 0 0.695777
2850 -1.33319 0 0.724668
2900 -1.28596 0 0.536987
2950 -1.28695 0 0.718129
3000 -1.27835 0 0.677088
3050 -1.32147 0 0.652116
3100 -1.33117 0 0.564982
3150 -1.34883 0 0.756115
3200 -1.39034 0 0.666097
3250 -1.33851 0 0.637696
3300 -1.36176 0 0.528249
3350 -1.33432 0 0.630951
3400 -1.26255 0 0.615346
3450 -1.30272 0 0.554271
3500 -1.29859 0 0.565598
3550 -1.37938 0 0.65597
3600 -1.27308 0 0.65654
3650 -1.28846 0 0.587531
3700 -1.33183 0 0.623573
3750 -1.29617 0 0.680486
3800 -1.31589 0 0.637487
3850 -1.31337 0 0.611628
3900 -1.29634 0 0.723774
3950 -1.35443 0 0.765294
4000 -1.3789 0 0.702596
4050 -1.31168 0 0.602312
4100 -1.33427 0 0.749319
4150 -1.3252 0 0.725817
4200 -1.32506 0 0.701322
4250 -1.31621 0 0.589924
4300 -1.20495 0 0.827318
4350 -1.13287 0 0.773712
4400 -1.25799 0 0.737086
4450 -1.20146 0 0.56359
4500 -1.03519 0 0.70803
4550 -0.848531 0 0.742229
4600 -0.929637 0 0.604685
4650 -0.954318 0 0.476616
4700 -0.922776 0 0.528069
4750 -0.760955 0 0.61785
4800 -0.808095 0 0.603147
4850 -1.07936 0 0.41698
4900 -0.853414 0 0.273473
4950 -0.712509 0 0.413244
5000 -0.900409 0 0.606405
5050 -0.854656 0 0.54474
5100 -0.973629 0 0.381401
5150 -0.74611 0 0.223984
5200 -0.716584 0 0.444185
5250 -0.795598 0 0.574899
5300 -0.777391 0 0.469373
5350 -0.968112 0 0.405782
5400 -0.781052 0 0.276289
5450 -0.819244 0 0.426946
5500 -0.814905 0 0.536538
5550 -0.730093 0 0.431579
5600 -0.929311 0 0.307341
5650 -0.73714 0 0.228019
5700 -0.707697 0 0.469157
5750 -0.75819 0 0.564165
5800 -0.716692 0 0.463502
5850 -0.748586 0 0.320826
5900 -0.71464 0 0.174104
5950 -0.628383 0 0.332379
6000 -0.674269 0 0.513151
6050 -0.539305 0 0.38661
6100 -0.629966 0 0.264173
6150 -0.83599 0 0.151829
6200 -0.645105 0 0.186163
6250 -0.710121 0 0.482448
6300 -0.593971 0 0.47316
6350 -0.630638 0 0.328479
6400 -0.844912 0 0.295116
6450 -0.704611 0 0.166614
6500 -0.523935 0 0.339936
6550 -0.584098 0 0.459419
6600 -0.524851 0 0.391069
6650 -0.689041 0 0.298099
6700 -0.883695 0 0.202731
6750 -0.645397 0 0.199985
6800 -0.824482 0 0.519896
6850 -0.925779 0 0.52524
6900 -0.866025 0 0.443101
6950 -1.04822 0 0.376128
7000 -1.05654 0 0.40964
7050 -1.0534 0 0.558693
7100 -1.14139 0 0.657947
7150 -1.23267 0 0.590535
7200 -1.29356 0 0.503791
7250 -1.36505 0 0.693254
7300 -1.29536 0 0.693889
7350 -1.31915 0 0.678238
7400 -1.28289 0 0.528997
7450 -1.34051 0 0.712518
7500 -1.32131 0 0.672911
7550 -1.28551 0 0.671018
7600 -1.29566 0 0.55921
7650 -1.3379 0 0.738551
7700 -1.33161 0 0.660166
7750 -1.36087 0 0.607931
7800 -1.3747 0 0.548397
7850 -1.43755 0 0.698087
7900 -1.39002 0 0.717954
7950 -1.47271 0 0.550201
8000 -1.42788 0 0.524154
8050 -1.3371 0 0.723688
8100 -1.34453 0 0.733759
8150 -1.30613 0 0.565467
8200 -1.3124 0 0.529416
8250 -1.24266 0 0.616253
8300 -1.21078 0 0.606869
8350 -1.15679 0 0.549392
8400 -1.05082 0 0.598199
8450 -0.901559 0 0.70427
8500 -0.87726 0 0.673434
8550 -0.94941 0 0.59628
8600 -0.835268 0 0.586611
8650 -0.68391 0 0.725304
8700 -0.578642 0 0.688741
8750 -0.832659 0 0.515266
8800 -0.878278 0 0.356154
8850 -0.668916 0 0.426386
8900 -0.712403 0 0.480709
8950 -0.635513 0 0.420778
9000 -0.787706 0 0.289585
9050 -0.824384 0 0.195604
9100 -0.658336 0 0.386617
9150 -0.744715 0 0.422801
9200 -0.693139 0 0.352676
9250 -0.852069 0 0.301861
9300 -0.876248 0 0.182661
9350 -0.746666 0 0.290938
9400 -0.768447 0 0.550328
9450 -0.766827 0 0.418632
9500 -0.849908 0 0.350633
9550 -0.891345 0 0.225826
9600 -0.712005 0 0.287392
9650 -0.704222 0 0.4828
9700 -0.659867 0 0.439515
9750 -0.765205 0 0.361066
9800 -0.965394 0 0.265258
9850 -0.778134 0 0.187506
9900 -0.699326 0 0.348584
9950 -0.701853 0 0.386521
10000 -0.784827 0 0.32802
10050 -0.931085 0 0.316907
10100 -0.880531 0 0.181015
10150 -0.827479 0 0.177475
10200 -0.753779 0 0.325836
10250 -0.686235 0 0.343287
10300 -0.720167 0 0.359768
10350 -0.871677 0 0.215751
10400 -0.790833 0 0.191347
10450 -0.586044 0 0.235861
10500 -0.516416 0 0.276142
10550 -0.434765 0 0.219904
10600 -0.573038 0 0.123823
10650 0.0263945 0 -0.197023
10700 -0.561721 0 0.081418
10750 -0.417075 0 0.186684
10800 -0.470337 0 0.363451
10850 -0.597602 0 0.355859
10900 -0.826207 0 0.178751
10950 -0.793749 0 0.161769
11000 -0.708852 0 0.214979
11050 -0.725589 0 0.560202
11100 -0.621421 0 0.448621
11150 -0.748143 0 0.293302
11200 -0.748374 0 0.256533
11250 -0.565234 0 0.228478
11300 -0.561553 0 0.44047
11350 -0.522841 0 0.447938
11400 -0.616478 0 0.337417
11450 -0.913554 0 0.248705
11500 -0.83465 0 0.149619
11550 -0.639927 0 0.271921
11600 -0.534353 0 0.379653
11650 -0.510016 0 0.334327
11700 -0.638399 0 0.294442
11750 -0.694076 0 0.172953
11800 -0.791482 0 0.220884
11850 -1.06834 0 0.668353
11900 -1.05857 0 0.66907
11950 -1.20981 0 0.524422
12000 -1.14838 0 0.324339
12050 -1.18972 0 0.422042
12100 -1.21189 0 0.668557
12150 -1.30036 0 0.665954
12200 -1.36271 0 0.546107
12250 -1.36769 0 0.570433
12300 -1.2993 0 0.594218
12350 -1.27261 0 0.588418
12400 -1.33043 0 0.456674
12450 -1.40654 0 0.564663
12500 -1.42016 0 0.646691
12550 -1.38425 0 0.656757
12600 -1.32378 0 0.460811
12650 -1.35472 0 0.607598
12700 -1.2721 0 0.562712
12750 -1.25206 0 0.545518
12800 -1.30064 0 0.471273
12850 -1.35862 0 0.628228
12900 -1.33816 0 0.605249
12950 -1.28851 0 0.530562
13000 -1.34492 0 0.487461
13050 -1.38747 0 0.59766
13100 -1.31174 0 0.621075
13150 -1.43504 0 0.565151
13200 -1.46707 0 0.567551
13250 -1.42755 0 0.67269
13300 -1.36089 0 0.64961
13350 -1.39095 0 0.524523
13400 -1.32182 0 0.644168
13450 0.394366 0 -1.03704
13500 -1.18942 0 0.55491
13550 -1.19642 0 0.460994
13600 -1.16803 0 0.57507
13650 -1.30158 0 0.631279
13700 -1.28587 0 0.597033
13750 -1.32062 0 0.459664
13800 -1.29001 0 0.571901
13850 -1.27773 0 0.566604
13900 -1.33377 0 0.521957
13950 -1.34431 0 0.530572
14000 -1.37904 0 0.695572
14050 -1.39525 0 0.698045
14100 -1.34196 0 0.623454
14150 -1.35978 0 0.629389
14200 -1.29065 0 0.69838
14250 -1.33849 0 0.667322
14300 -1.2985 0 0.512475
14350 -1.23645 0 0.572848
14400 -1.19862 0 0.642462
14450 -1.1899 0 0.599674
14500 -1.09856 0 0.47827
14550 -1.11038 0 0.516764
14600 -0.998232 0 0.565438
14650 -1.01293 0 0.482533
14700 -0.99672 0 0.389609
14750 -0.894915 0 0.397431
14800 -0.82506 0 0.518289
14850 -0.845399 0 0.562538
14900 -0.982796 0 0.452047
14950 -0.870489 0 0.334988
15000 -0.733801 0 0.373026
15050 -0.813456 0 0.536293
15100 -0.754514 0 0.522813
15150 -0.948041 0 0.328942
15200 -0.921883 0 0.2458
15250 -0.686171 0 0.382879
15300 -0.766505 0 0.500981
15350 -0.704032 0 0.422547
15400 -0.725992 0 0.318404
15450 -0.820673 0 0.268725
15500 -0.652796 0 0.22215
15550 -0.649283 0 0.47331
15600 -0.583052 0 0.452834
15650 -0.709272 0 0.308706
15700 -0.896679 0 0.230351
15750 -0.815205 0 0.110361
15800 -0.6013 0 0.251666
15850 -0.679149 0 0.408323
15900 -0.593073 0 0.374706
15950 -0.750508 0 0.244512
16000 -0.98367 0 0.167202
16050 -0.730475 0 0.0999389
16100 -0.703142 0 0.295864
16150 -0.654062 0 0.374954
16200 -0.6479 0 0.373884
16250 -0.753575 0 0.289908
16300 -0.806258 0 0.207281
16350 -0.645046 0 0.264179
16400 -0.651662 0 0.463318
16450 -0.610897 0 0.464566
16500 -0.769156 0 0.346733
16550 -0.989434 0 0.322373
16600 -0.840032 0 0.290634
16650 -0.719716 0 0.483424
16700 -0.744731 0 0.468876
16750 -0.747321 0 0.3761
16800 -0.85072 0 0.286303
16850 -0.689427 0 0.225707
16900 -0.546353 0 0.392145
16950 -0.573806 0 0.438997
17000 -0.525169 0 0.277754
17050 -0.661993 0 0.222242
17100 -0.692977 0 0.133795
17150 -0.432163 0 0.257073
17200 -0.638376 0 0.46401
17250 -0.541302 0 0.392577
17300 -0.634286 0 0.299103
17350 -0.848511 0 0.214023
17400 -0.645737 0 0.175836
17450 -0.441043 0 0.439042
17500 -0.56643 0 0.429477
17550 -0.653111 0 0.34692
17600 -0.759301 0 0.250503
17650 -0.784499 0 0.127593
17700 -0.542283 0 0.219641
17750 -0.562045 0 0.463443
17800 -0.587007 0 0.445936
17850 -0.564515 0 0.29153
17900 -0.715822 0 0.218651
17950 -0.773231 0 0.139
18000 -0.553663 0 0.209231
18050 -0.427044 0 0.429091
18100 -0.56249 0 0.439167
18150 -0.495741 0 0.315874
18200 -0.677848 0 0.254553
18250 -0.859857 0 0.115769
18300 -0.638936 0 0.0907339
18350 -0.603708 0 0.305526
18400 -0.744084 0 0.424827
18450 -0.656574 0 0.327334
18500 -0.737327 0 0.28589
18550 -0.774393 0 0.172278
18600 -0.663741 0 0.210129
18650 -0.798262 0 0.60967
18700 -0.8928 0 0.574132
18750 -1.04309 0 0.557529
18800 -1.10297 0 0.405377
18850 -1.09486 0 0.495034
18900 -1.08878 0 0.731686
18950 -1.16268 0 0.680118
19000 -1.17516 0 0.561241
19050 -1.19465 0 0.515661
19100 -1.17961 0 0.676583
19150 -1.14927 0 0.803095
19200 -1.30769 0 0.698856
19250 -1.26844 0 0.544414
19300 -1.29197 0 0.628733
19350 -1.18853 0 0.598901
19400 -1.21204 0 0.549587
19450 -1.29286 0 0.507617
19500 -1.24862 0 0.659381
19550 -1.2903 0 0.647457
19600 -1.33819 0 0.617147
19650 -1.35825 0 0.547682
19700 -1.29389 0 0.752486
19750 -1.25786 0 0.725853
19800 -1.24513 0 0.627829
19850 -1.29104 0 0.565264
19900 -1.31216 0 0.722881
19950 -1.30933 0 0.710216
20000 -1.26815 0 0.627992
20050 -1.30516 0 0.601163
20100 -1.17757 0 0.794859
20150 -1.20945 0 0.762629
20200 -1.22131 0 0.645729
20250 -1.24346 0 0.565408
20300 -1.23362 0 0.589892
20350 -1.22028 0 0.593295
20400 -1.26761 0 0.52341
20450 -1.27949 0 0.569293
20500 -1.34898 0 0.733824
20550 -1.41612 0 0.692366
20600 -1.32687 0 0.577451
20650 -1.3116 0 0.642839
20700 -1.22765 0 0.760723
20750 -1.24446 0 0.700089
20800 -1.30098 0 0.628245
20850 -1.32292 0 0.621134
20900 -1.16386 0 0.699688
20950 -1.18961 0 0.661403
21000 -1.27405 0 0.5485
21050 -1.27741 0 0.494031
21100 -1.19752 0 0.579495
21150 -1.23557 0 0.511159
21200 -1.21964 0 0.404554
21250 -1.2189 0 0.403214
21300 -1.22396 0 0.424777
21350 -1.16842 0 0.368007
21400 -1.184 0 0.374042
21450 -1.22872 0 0.374337
21500 -1.17626 0 0.579665
21550 -1.20599 0 0.63405
21600 -1.32402 0 0.545388
21650 -1.29653 0 0.532172
21700 -1.26371 0 0.742597
21750 -1.29873 0 0.709275
21800 -1.28519 0 0.58769
21850 -1.26716 0 0.594336
21900 -1.28413 0 0.657472
21950 -1.26633 0 0.620069
22000 -1.29293 0 0.551903
22050 -1.34824 0 0.567394
22100 -1.32921 0 0.714584
22150 -1.35452 0 0.659676
22200 -1.33204 0 0.55225
22250 -1.3143 0 0.588641
22300 -1.25785 0 0.651534
22350 -1.27096 0 0.614507
22400 -1.26729 0 0.51339
22450 -1.32038 0 0.61923
22500 -1.31387 0 0.641888
22550 -1.33145 0 0.654403
22600 -1.38955 0 0.468988
22650 -1.37058 0 0.646973
22700 -1.29086 0 0.63807
22750 -1.25329 0 0.587177
22800 -1.17682 0 0.415674
22850 -1.14935 0 0.567724
22900 -1.11169 0 0.528774
22950 -1.11079 0 0.509572
23000 -1.17098 0 0.430706
23050 -1.0847 0 0.509446
23100 -0.906883 0 0.628856
23150 -1.01169 0 0.53509
23200 -1.15557 0 0.431388
23250 -1.09464 0 0.348262
23300 -0.874155 0 0.530167
23350 -1.01017 0 0.55843
23400 -1.09104 0 0.451562
23450 -1.06865 0 0.325966
23500 -0.901538 0 0.408883
23550 -0.841493 0 0.58386
23600 -0.89702 0 0.488239
23650 -1.03867 0 0.344963
23700 -0.881645 0 0.285088
23750 -0.730517 0 0.431481
23800 -0.944677 0 0.499494
23850 -0.91598 0 0.34519
23900 -1.04712 0 0.267058
23950 -0.818154 0 0.268664
24000 -0.816143 0 0.436869
24050 -0.834106 0 0.492897
24100 -0.939776 0 0.368663
24150 -0.947855 0 0.236286
24200 -0.735044 0 0.301554
24250 -0.768883 0 0.366276
24300 -0.68189 0 0.344857
24350 -0.843707 0 0.288012
24400 -1.0253 0 0.247471
24450 -0.690653 0 0.190333
24500 -0.75138 0 0.352995
24550 -0.679368 0 0.477586
24600 -0.782414 0 0.323543
24650 -1.06237 0 0.220148
24700 -0.715125 0 0.143344
24750 -0.53708 0 0.272775
24800 -0.702947 0 0.409442
24850 -0.660902 0 0.385899
24900 -0.846286 0 0.256973
24950 -1.05205 0 0.175145
25000 -0.706492 0 0.15723
25050 -0.603874 0 0.29898
25100 -0.662952 0 0.386239
25150 -0.638484 0 0.342809
25200 -0.75423 0 0.23697
25250 -0.905815 0 0.1519
25300 -0.768797 0 0.18354
25350 -0.797903 0 0.475114
25400 -0.962587 0 0.536355
25450 -1.00848 0 0.445371
25500 -1.13974 0 0.406451
25550 -1.11011 0 0.431077
25600 -1.05227 0 0.648013
25650 -1.06907 0 0.790009
25700 -1.28001 0 0.668941
25750 -1.24341 0 0.515509
25800 -1.34401 0 0.632085
25850 -1.26679 0 0.583379
25900 -1.29583 0 0.626031
25950 -1.25168 0 0.522615
26000 -1.32309 0 0.703541
26050 -1.30212 0 0.69686
26100 -1.34638 0 0.703713
26150 -1.34168 0 0.536881
26200 -1.37047 0 0.682063
26250 -1.33652 0 0.635214
26300 -1.41002 0 0.575092
26350 -1.38077 0 0.515106
26400 -1.31463 0 0.684728
26450 -1.28097 0 0.687423
26500 -1.30715 0 0.641849
26550 -1.29399 0 0.59091
26600 -1.23035 0 0.778134
26650 -1.24236 0 0.731336
26700 -1.24286 0 0.666916
26750 -1.23439 0 0.569493
26800 -1.17881 0 0.755775
26850 -1.10173 0 0.73372
26900 -1.10739 0 0.658648
26950 -1.02115 0 0.52403
27000 -0.868229 0 0.667262
27050 -0.892813 0 0.628752
27100 -1.00807 0 0.469198
27150 -1.03768 0 0.315034
27200 -0.877029 0 0.378826
27250 -0.926453 0 0.488594
27300 -0.838184 0 0.398666
27350 -1.08389 0 0.321648
27400 -0.960461 0 0.228607
27450 -0.767288 0 0.413562
27500 -0.888949 0 0.507668
27550 -0.839696 0 0.44108
27600 -1.08608 0 0.300478
27650 -0.943135 0 0.201088
27700 -0.821353 0 0.286719
27750 -0.854202 0 0.288155
27800 -0.80814 0 0.333979
27850 -0.932619 0 0.211671
27900 -0.694595 0 0.184901
27950 -0.556951 0 0.305523
28000 -0.50396 0 0.397178
28050 -0.513475 0 0.239069
28100 -0.638243 0 0.0617073
28150 -0.296461 0 0.053076
28200 -0.0838273 0 0.130542
28250 0.285116 0 -0.458084
28300 -0.233811 0 -0.10765
28350 -0.0117837 0 -0.149697
28400 -0.0524315 0 -0.11685
28450 -0.0268852 0 -0.0855319
28500 -0.0270691 0 -0.0587888
28550 -0.0119305 0 -0.0335306
28600 -0.0209641 0 -0.0190949
28650 -0.0212296 0 -0.0049254
28700 -0.0209478 0 0.0102505
28750 -0.0219704 0 0.0133004
28800 -0.0182928 0 0.0112314
28850 -0.010424 0 0.0123711
28900 -0.00789407 0 0.0129891
28950 -0.0039006 0 0.00814036
29000 -0.00384356 0 0.00379371
29050 -0.00366745 0 0.0126721
29100 -0.00608482 0 0.012123
29150 -0.00947568 0 0.0174592
29200 -0.0102938 0 0.0193241
29250 -0.0137573 0 0.0224308
29300 -0.024628 0 0.0419184
29350 -0.0202241 0 0.0456199
29400 -0.027768 0 0.0584617
29450 0.0256524 0 -0.0486573
