# Created at Thu Mar 08 13:14:55 CST 2018
2234996390593990 1
2234996884429439 2
2234997437438473 3
2234997950988277 4
2234998504058346 5
2234998997832760 6
2234999531157955 7
2235000064452633 8
2235000637237057 9
2235001150817379 10
2235001743346676 11
2235002256896480 12
2235002829680904 13
2235003362975582 14
2235003955565914 15
2235004488830074 16
2235005101165279 17
2235005614715084 18
2235006227014051 19
2235006740594374 20
2235007333093153 21
2235007846673475 22
2235008419457899 23
2235008952783094 24
2235009545342909 25
2235010039117323 26
2235010611962782 27
2235011125482069 28
2235011678521620 29
2235012192071424 30
2235012725366102 31
2235013258691298 32
2235013831475721 33
2235014345086561 34
2235014898156630 35
2235015431390272 36
2235015984460340 37
2235016478268236 38
2235017011562914 39
2235017544888109 40
2235018097927660 41
2235018591702074 42
2235019144772142 43
2235019678127855 44
2235020211422533 45
2235020724972338 46
2235021258236498 47
2235021771786303 48
2235022344631762 49
2235022858181566 50
2235023450710863 51
2235023964321703 52
2235024537075609 53
2235025030941576 54
2235025583920092 55
2235026058016540 56
2235026630800964 57
2235027164095641 58
2235027736910583 59
2235028230746032 60
2235028803560973 61
2235029317110778 62
2235029850374938 63
2235030363955260 64
2235030917086364 65
2235031450350524 66
2235031983614684 67
2235032477450134 68
2235033010714294 69
2235033366274596 70
2235034037844421 71
2235034551394225 72
2235035084719421 73
2235035598269225 74
2235036151369811 75
2235036684633971 76
2235037257435289 77
2235037770985094 78
2235038304279771 79
2235038817829576 80
2235039351124254 81
2235039864704576 82
2235040358540025 83
2235040872059312 84
2235041385670152 85
2235041918934312 86
2235042452259508 87
2235042965839830 88
2235043479389635 89
2235044012653795 90
2235044526264635 91
2235044862019029 92
2235045573109117 93
2235046086689439 94
2235046639698472 95
2235047173045494 96
2235047745890953 97
2235048279155113 98
2235048792704918 99
2235049326030113 100
2235049819835045 101
