# Created at Fri Mar 09 11:08:12 CST 2018
2313792578284039 1
2313793249853863 2
2313793783209576 3
2313794296698346 4
2313794632475559 5
2313795383055393 6
2313795718840305 7
2313796489165012 8
2313796824980442 9
2313797575529758 10
2313797911345188 11
2313798681639377 12
2313799017424289 13
2313799768004123 14
2313800103819553 15
2313800874113742 16
2313801209898655 17
2313801980223362 18
2313802316008274 19
2313803066618625 20
2313803619688694 21
2313804152983371 22
2313804686328322 23
2313805259143263 24
2313805594897658 25
2313806345508009 26
2313806681262404 27
2313807451587111 28
2313807984912306 29
2313808557696730 30
2313808893512160 31
2313809663867384 32
2313809999682814 33
2313810770007521 34
2313811105761915 35
2313811876117140 36
2313812211932570 37
2313812982257277 38
2313813555072218 39
2313814127856642 40
2313814661190700 41
2313815253781032 42
2313815787075710 43
2313816379666042 44
2313816912960720 45
2313817485806179 46
2313817821560573 47
2313818591915798 48
2313819125240993 49
2313819678311062 50
2313820014065456 51
2313820823971462 52
2313821159756374 53
2313821930081081 54
2313822285580349 55
2313823055935573 56
2313823391751003 57
2313824162106228 58
2313824497837386 59
2313825228702865 60
2313825603977523 61
2313826532383285 62
2313827065647445 63
2313827835972152 64
2313828191562972 65
2313829080387435 66
2313829633488021 67
2313830364322982 68
2313830937137923 69
2313831648258529 70
2313832181583724 71
2313832971622787 72
2313833544498763 73
2313834196323714 74
2313834749374612 75
2313835440689309 76
2313836013565286 77
2313836645645364 78
2313837218460305 79
2313837811020120 80
2313838383835061 81
2313838956680520 82
2313839509720071 83
2313840082596048 84
2313840457870706 85
2313841287491067 86
2313841662796243 87
2313842512130960 88
2313843065231546 89
2313843717025979 90
2313844270096048 91
2313844902201011 92
2313845455240562 93
2313846067575767 94
2313846640482261 95
2313847252756431 96
2313847805826500 97
2313848437906578 98
2313848971262291 99
2313849583566978 100
2313850136667564 101
2313850709482505 102
2313851282266929 103
2313851874857261 104
2313852447672203 105
2313853020517662 106
2313853593332603 107
2313854205667808 108
2313854778524533 109
2313855390890256 110
2313855963735715 111
2313856457540646 112
2313862837637082 113
2313863410452023 114
2313863963522092 115
2313864516624467 116
2313865069694535 117
2313865622764603 118
2313866156150834 119
2313866669670121 120
2313867005485551 121
2313867696800248 122
2313868230094926 123
2313868763450639 124
2313869099235551 125
2313869830101029 126
2313870343681351 127
2313870916496293 128
2313871272117631 129
2313872022666947 130
2313872556022660 131
2313873128837601 132
2313873464622514 133
2313874234977738 134
2313874570815183 135
2313875301619627 136
2313875637404539 137
2313876407759764 138
2313876743575193 139
2313877494185545 140
2313877849745848 141
2313878620131590 142
2313878955916502 143
2313879726302244 144
2313880081832029 145
2313880852187254 146
2313881405318357 147
2313881938552000 148
2313882313887693 149
2313883084242918 150
2313883637312986 151
2313884210158445 152
2313884763255602 153
2313885355845934 154
2313885711375719 155
2313886501506335 156
2313886837352282 157
2313887607646471 158
2313888160777575 159
2313888753306872 160
2313889089122301 161
2313889899028307 162
2313890234813219 163
2313891044688708 164
2313891617503649 165
2313892190318590 166
2313892743449694 167
2313893316264635 168
2313893889110094 169
2313894461914352 170
2313895034790328 171
2313895627350143 172
2313896200165084 173
2313896832275680 174
2313897405121139 175
2313897997680953 176
2313898570556930 177
2313899222412399 178
2313899815002731 179
2313900387817672 180
2313900940887740 181
2313901572998336 182
2313902106293014 183
2313902738434127 184
2313903271759322 185
2313903884064010 186
2313904259442197 187
2313905148297177 188
2313905721142636 189
2313906293957578 190
2313906886547910 191
2313907538372861 192
2313908091473447 193
2313908763073789 194
2313909316204892 195
2313910007519589 196
2313910580395566 197
2313911251995908 198
2313911824810849 199
2313912437146054 200
2313912990277158 201
2313913563061582 202
2313914116162168 203
2313914669232332 204
2313915242077791 205
2313915775402986 206
2313916348248445 207
2313916921093904 208
2313917276684725 209
2313918066784822 210
2313918422314607 211
2313919232190096 212
2313919765545808 213
2313920377881014 214
2313920930951082 215
2313921484082185 216
2313922017376863 217
2313922609997713 218
2313922945782625 219
2313923577862703 220
2313924091473543 221
2313924585293624 222
