200 -0.00668663 0 0.0226011
250 -0.0110056 0 0.0192831
300 -0.0130571 0 0.0230762
350 -0.0116681 0 0.0185549
400 -0.0139688 0 0.0307558
450 -0.0250694 0 0.071819
500 -0.05228 0 0.0830382
550 -0.0360219 0 0.0176338
600 -0.0163539 0 -0.00526615
650 0.0283059 0 -0.0984974
700 -0.409429 0 -0.0704299
750 -0.425884 0 -0.0230272
800 -0.557435 0 0.0823431
850 -0.698513 0 0.311521
900 -0.794371 0 0.362874
950 -0.883169 0 0.305377
1000 -0.932668 0 0.219163
1050 -0.841945 0 0.314364
1100 -0.789236 0 0.458462
1150 -0.912177 0 0.371063
1200 -1.00225 0 0.300398
1250 -1.09284 0 0.245971
1300 -1.06254 0 0.369187
1350 -1.06042 0 0.326159
1400 -1.17649 0 0.346202
1450 -1.20213 0 0.268031
1500 -1.17434 0 0.421032
1550 -1.16244 0 0.443376
1600 -1.23974 0 0.409039
1650 -1.28626 0 0.337495
1700 -1.27652 0 0.549015
1750 -1.23867 0 0.508578
1800 -1.23504 0 0.434491
1850 -1.1867 0 0.388908
1900 -1.21001 0 0.543684
1950 -1.23911 0 0.47771
2000 -1.35926 0 0.443786
2050 -1.31652 0 0.442439
2100 -1.25963 0 0.636519
2150 -1.24126 0 0.535019
2200 -1.30819 0 0.455438
2250 -1.29793 0 0.425362
2300 -1.25525 0 0.564501
2350 -1.13194 0 0.465167
2400 -1.23722 0 0.422624
2450 -1.23999 0 0.390489
2500 -1.32326 0 0.526758
2550 -1.20011 0 0.470827
2600 -1.31515 0 0.396902
2650 -1.2763 0 0.414363
2700 -1.25685 0 0.53463
2750 -1.15865 0 0.4863
2800 -1.31947 0 0.415942
2850 -1.28361 0 0.415966
2900 -1.28985 0 0.542848
2950 -1.22579 0 0.459529
3000 -1.2274 0 0.409282
3050 -1.15248 0 0.428817
3100 -1.27368 0 0.495947
3150 -1.15879 0 0.45759
3200 -1.25789 0 0.341289
3250 -1.21723 0 0.426197
3300 -1.32898 0 0.516734
3350 -1.28621 0 0.438376
3400 -1.23168 0 0.343111
3450 -1.17192 0 0.427817
3500 -1.32888 0 0.496244
3550 -1.29507 0 0.412883
3600 -1.25053 0 0.317826
3650 -1.18599 0 0.359537
3700 -1.27393 0 0.477706
3750 -1.24181 0 0.453569
3800 -1.16239 0 0.332016
3850 -1.11144 0 0.360364
3900 -1.202 0 0.514893
3950 -1.13188 0 0.447431
4000 -1.19021 0 0.368162
4050 -1.16049 0 0.427502
4100 -1.22868 0 0.55329
4150 -1.11256 0 0.441109
4200 -1.10444 0 0.328217
4250 -1.08991 0 0.406779
4300 -1.18183 0 0.550633
4350 -1.07131 0 0.47948
4400 -1.10241 0 0.405475
4450 -0.990026 0 0.433877
4500 -1.02878 0 0.517709
4550 -1.01321 0 0.447965
4600 -1.08605 0 0.297094
4650 -1.03281 0 0.29937
4700 -1.04066 0 0.53186
4750 -0.997856 0 0.42722
4800 -1.09992 0 0.319901
4850 -1.10239 0 0.293712
4900 -1.08476 0 0.432753
4950 -1.14093 0 0.432068
5000 -1.11785 0 0.415961
5050 -1.21106 0 0.308573
5100 -1.20811 0 0.4676
5150 -1.23107 0 0.459423
5200 -1.23653 0 0.404795
5250 -1.21165 0 0.342295
5300 -1.15603 0 0.445245
5350 -1.26511 0 0.455697
5400 -1.19648 0 0.430655
5450 -1.17419 0 0.317133
5500 -1.19565 0 0.420583
5550 -1.27394 0 0.485705
5600 -1.23343 0 0.373553
5650 -1.24496 0 0.232518
5700 -1.22989 0 0.392563
5750 -1.38513 0 0.502632
5800 -1.32962 0 0.441972
5850 -1.29815 0 0.286036
5900 -1.26922 0 0.430028
5950 -1.30339 0 0.498717
6000 -1.24551 0 0.43755
6050 -1.23309 0 0.307377
6100 -1.22934 0 0.375308
6150 -1.27231 0 0.460611
6200 -1.16818 0 0.385541
6250 -1.14103 0 0.28419
6300 -1.0752 0 0.377062
6350 -1.13749 0 0.535382
6400 -1.07378 0 0.438376
6450 -1.11405 0 0.399862
6500 -1.00677 0 0.387421
6550 -1.07748 0 0.490753
6600 -1.00757 0 0.435512
6650 -1.07975 0 0.349124
6700 -1.02351 0 0.325374
6750 -1.01151 0 0.471891
6800 -0.876776 0 0.354921
6850 -0.920346 0 0.295707
6900 -0.914729 0 0.194356
6950 -0.84927 0 0.374852
7000 -1.0327 0 0.460054
7050 -1.09918 0 0.405114
7100 -1.23966 0 0.28459
7150 -1.06945 0 0.404672
7200 -1.14148 0 0.566643
7250 -1.1388 0 0.441644
7300 -1.1527 0 0.379461
7350 -1.21436 0 0.382911
7400 -1.25487 0 0.482141
7450 -1.26981 0 0.416694
7500 -1.23271 0 0.317769
7550 -1.20127 0 0.390761
7600 -1.31889 0 0.521249
7650 -1.22993 0 0.424181
7700 -1.21218 0 0.330254
7750 -1.17714 0 0.39359
7800 -1.24203 0 0.550361
7850 -1.25849 0 0.448345
7900 -1.29142 0 0.359742
7950 -1.23257 0 0.374347
8000 -1.22854 0 0.517624
8050 -1.24747 0 0.507376
8100 -1.28737 0 0.42494
8150 -1.19177 0 0.38342
8200 -1.21772 0 0.526061
8250 -1.1504 0 0.458189
8300 -1.26459 0 0.372772
8350 -1.24516 0 0.351149
8400 -1.28333 0 0.520281
8450 -1.21348 0 0.450177
8500 -1.23758 0 0.395441
8550 -1.19719 0 0.381752
8600 -1.1768 0 0.5595
8650 -1.12363 0 0.430293
8700 -1.27994 0 0.355063
8750 -1.24254 0 0.317064
8800 -1.25356 0 0.478706
8850 -1.2211 0 0.427658
8900 -1.31597 0 0.307161
8950 -1.24969 0 0.331233
9000 -1.25653 0 0.501318
9050 -1.23653 0 0.431717
9100 -1.27185 0 0.248106
9150 -1.21399 0 0.284074
9200 -1.31119 0 0.478294
9250 -1.30046 0 0.435487
9300 -1.30769 0 0.385552
9350 -1.23396 0 0.355
9400 -1.22053 0 0.548099
9450 -1.1461 0 0.45435
9500 -1.24866 0 0.372963
9550 -1.17861 0 0.350601
9600 -1.23557 0 0.533034
9650 -1.24024 0 0.458188
9700 -1.29512 0 0.364563
9750 -1.27066 0 0.349281
9800 -1.25611 0 0.532615
9850 -1.2647 0 0.466212
9900 -1.31284 0 0.398033
9950 -1.22132 0 0.421738
10000 -1.1349 0 0.599788
10050 -1.08754 0 0.484454
10100 -1.2148 0 0.423629
10150 -1.14565 0 0.340456
10200 -1.023 0 0.516757
10250 -0.842908 0 0.401923
10300 -0.881198 0 0.425054
10350 -0.952349 0 0.338361
10400 -1.02877 0 0.488679
10450 -0.919751 0 0.42719
10500 -0.926727 0 0.411927
10550 -0.95183 0 0.314082
10600 -0.947337 0 0.473951
10650 -0.985886 0 0.43188
10700 -0.9381 0 0.317831
10750 -1.12174 0 0.2017
10800 -1.1336 0 0.334745
10850 -1.01394 0 0.414732
10900 -1.02674 0 0.38765
10950 -1.12479 0 0.316725
11000 -1.14939 0 0.32538
11050 -1.17623 0 0.480704
11100 -1.15126 0 0.416677
11150 -1.15408 0 0.359341
11200 -1.19144 0 0.315788
11250 -1.22072 0 0.484404
11300 -1.18892 0 0.371676
11350 -1.26892 0 0.335689
11400 -1.25433 0 0.246522
11450 -1.21793 0 0.471767
11500 -1.13866 0 0.40032
11550 -1.2087 0 0.309291
11600 -1.25261 0 0.232818
11650 -1.24608 0 0.43149
11700 -1.23118 0 0.416254
11750 -1.23469 0 0.370395
11800 -1.28645 0 0.272786
11850 -1.24452 0 0.426029
11900 -1.26703 0 0.431062
11950 -1.22343 0 0.378998
12000 -1.25406 0 0.274757
12050 -1.17026 0 0.401298
12100 -1.27983 0 0.421489
12150 -1.26299 0 0.383319
12200 -1.2042 0 0.275326
12250 -1.16857 0 0.352181
12300 -1.24072 0 0.38616
12350 -1.11044 0 0.360296
12400 -1.19289 0 0.230995
12450 -1.161 0 0.308937
12500 -1.20822 0 0.424237
12550 -1.06715 0 0.344563
12600 -1.09419 0 0.284807
12650 -1.05476 0 0.268976
12700 -1.02811 0 0.39455
12750 -0.69415 0 0.277922
12800 -0.60922 0 0.130856
12850 -0.228953 0 0.0418446
12900 -0.124716 0 0.185112
12950 -0.180994 0 0.178362
13000 0.0148637 0 0.0841025
13050 -0.0354602 0 0.0382085
13100 -0.0254948 0 0.0649393
13150 -0.0703911 0 0.0737506
13200 -0.0169261 0 0.0195871
13250 -0.0253114 0 0.0320107
13300 -0.0147635 0 0.0190948
13350 0.0129256 0 0.00733977
13400 0.0119585 0 0.0108744
13450 0.00181609 0 0.0276352
13500 -0.0170148 0 0.0191307
13550 -0.00251168 0 0.0262858
13600 0.000388488 0 0.0374499
13650 -0.0115094 0 0.029487
