# Created at Thu Nov 09 11:00:04 CST 2017
86164812069647 1
86165345333807 2
86165799648993 3
86166431698553 4
86166925564520 5
86170204434149 6
86174451168768 7
86174984523673 8
86175517787833 9
86176070827384 10
86176426387687 11
86177078243155 12
86177572078605 13
86178085597892 14
86178658443351 15
86179112758536 16
86179705287833 17
86181305263419 18
86181779292960 19
86182371883292 20
86182905177970 21
86183418788810 22
86183932308097 23
86184465633292 24
86184959429288 25
86185473009610 26
86185986589932 27
86186460588956 28
86186993944669 29
86187468004727 30
86187961840177 31
86188475389981 32
86188929674649 33
86189443254971 34
86189877794766 35
86190391375089 36
86190904955411 37
86191339495206 38
86191872820401 39
86192386400723 40
86192860430264 41
86193354235196 42
86193848070645 43
86194282579923 44
86194815935636 45
86195290061169 46
86195744284802 47
86196257834607 48
86196771475964 49
86197324515515 50
86197877585583 51
86198410941296 52
86198865195447 53
86199457785779 54
86199951590710 55
86200524436169 56
86201037985974 57
86201571341687 58
86202104605847 59
86202637961560 60
86203171256238 61
86203704581433 62
86204218131238 63
86204692221814 64
86205245258825 65
86205739094274 66
86206193409459 67
86206726704137 68
86207279804723 69
86207773640172 70
86208267445104 71
86208879810827 72
86209373585241 73
86209847614782 74
86210361195104 75
86210894520299 76
86211408100621 77
86211941395299 78
86212454975621 79
86212968555944 80
86213422871129 81
86214094471471 82
86214529011266 83
86215161116471 84
86215654951920 85
86216227736344 86
86216741286149 87
86217274641862 88
86217847426286 89
86218360976090 90
86218914076676 91
86219427626481 92
86220000502457 93
86220474531998 94
86221086867204 95
86221679488053 96
86222212782731 97
86222785567155 98
