# Created at Wed Mar 07 18:02:03 CST 2018
2165824749543858 1
2165825440858555 2
2165825796388341 3
2165826408693028 4
2165826783998204 5
2165827396363926 6
2165827791352940 7
2165828423433018 8
2165828798738194 9
2165829351777745 10
2165829766603184 11
2165830339479161 12
2165830754182530 13
2165831287507725 14
2165831722078038 15
2165832354158116 16
2165832729432774 17
2165833381267542 18
2165833756542200 19
2165834329418177 20
2165834744182581 21
2165835336742396 22
2165835731792445 23
2165836344097132 24
2165836719432825 25
2165837331737513 26
2165837726787562 27
2165838299602503 28
2165838734172816 29
2165839287212366 30
2165839702037806 31
2165840274822230 32
2165840709453577 33
2165841262462611 34
2165841697032923 35
2165842289623255 36
2165842684642786 37
2165843316759953 38
2165843711779484 39
2165844324084172 40
2165844719134221 41
2165845351214299 42
2165845746294865 43
2165846358599553 44
2165846733935246 45
2165847385729680 46
2165847780810246 47
2165848393114934 48
2165848788164982 49
2165849380755314 50
2165849795550236 51
2165850348650822 52
2165850822680363 53
2165851415209660 54
2165851849810490 55
2165852422625432 56
2165852857165227 57
2165853469499332 58
2165853864579898 59
2165854496629459 60
2165854891710025 61
2165855523851138 62
2165855918809634 63
2165856550920230 64
2165856926225406 65
2165857558305484 66
2165857933549625 67
2165858585405093 68
2165858980455142 69
2165859671830875 70
2165860027391177 71
2165860758226138 72
2165861133500796 73
2165861824876529 74
2165862160630923 75
2165862871721011 76
2165863227245060 77
2165864293925969 78
2165864945750920 79
2165865321025578 80
2165866012431828 81
2165866387675969 82
2165867039561955 83
2165867395091740 84
2165868046947209 85
2165868402446476 86
2165869054332463 87
2165869429576603 88
2165870022197453 89
2165870397502629 90
2165870990062443 91
2165871404887883 92
2165871977763859 93
2165872372783391 94
2165872945613513 95
2165873340633044 96
2165873933223376 97
2165874328334460 98
2165874940608630 99
2165875315944324 100
2165875908565173 101
2165876283809314 102
2165876876399646 103
2165877251704822 104
2165877844295154 105
2165878239314685 106
2165878831905017 107
2165879207210193 108
2165879799800525 109
2165880214595447 110
2165880767696032 111
2165881202235827 112
2165881755336413 113
2165882189876208 114
2165882881190906 115
2165885508292910 116
2165886061454532 117
2165886456443545 118
2165887088554141 119
2165887463859317 120
2165888036704776 121
2165888411979434 122
2165889024345157 123
2165889379905459 124
2165889992210147 125
2165890387290713 126
2165890979881045 127
2165891335380313 128
2165891947715518 129
2165892323051211 130
2165892935332110 131
2165893290892412 132
2165893942808916 133
2165894318083575 134
2165894950163653 135
2165895325468828 136
2165895898253252 137
2165896293333819 138
2165896905669024 139
2165897300719073 140
2165897913054278 141
2165898288389971 142
2165898900694659 143
2165899276030352 144
2165899888335039 145
2165900263640215 146
2165900895720293 147
2165901251311114 148
2165901903136065 149
2165902278441241 150
2165902910554133 151
2165903305604182 152
2165903898163997 153
2165904293244563 154
2165904964814387 155
2165905340119563 156
2165905794434749 157
2165906347504817 158
2165906821625911 159
2165907414185725 160
2165908006776057 161
2165908401795588 162
2165909033906184 163
2165909428986750 164
2165910041321956 165
2165910436372004 166
2165911028992854 167
2165911424073420 168
2165912016633235 169
2165912391907893 170
2165913024034247 171
2165913399308905 172
2165914011644110 173
2165914446244940 174
2165915058549628 175
2165915493119940 176
2165916006730780 177
2165916717790350 178
2165919917802557 179
2165920609178290 180
2165921379502997 181
2165921754777655 182
2165922900455939 183
2165923651096808 184
2165924046116339 185
2165924737461554 186
2165925112736212 187
2165925804111945 188
2165926179417121 189
2165926890537726 190
2165927246098029 191
2165927937443244 192
2165928332493292 193
2165929004124152 194
2165929418888556 195
2165930090519415 196
2165930465855109 197
2165931097935187 198
2165931512760626 199
2165932164616095 200
2165932559666144 201
2165933231261505 202
2165933626342072 203
2165934258422150 204
2165934653502716 205
2165935325072540 206
2165935720153107 207
2165936411528839 208
2165936786834015 209
2165937478179230 210
2165937853453888 211
2165938584319367 212
2165938920165314 213
2165939611480011 214
2165940085570587 215
2165940717681183 216
2165941231200470 217
2165941725127472 218
2165942297881378 219
2165942771928265 220
2165943522569134 221
