200 -0.0118402 0 0.0239304
250 -0.0103574 0 0.0163285
300 -0.00278548 0 0.0149238
350 -0.00335814 0 0.0176845
400 -0.00557697 0 0.0194495
450 -0.0141786 0 0.0202106
500 -0.014734 0 0.0184226
550 -0.0182951 0 0.0252739
600 -0.0237335 0 0.0295579
650 -0.0194308 0 0.0154904
700 -0.0165172 0 0.00590921
750 -0.0549131 0 -0.0317895
800 -0.0100451 0 -0.0680981
850 -0.20588 0 0.0763175
900 -0.304749 0 0.251501
950 -0.412125 0 0.47823
1000 -0.502429 0 0.347904
1050 -0.557745 0 0.245803
1100 -0.653326 0 0.149497
1150 -0.63103 0 0.187194
1200 -0.569053 0 0.427495
1250 -0.591857 0 0.502212
1300 -0.682928 0 0.356976
1350 -0.750798 0 0.29997
1400 -0.68313 0 0.237247
1450 -0.500969 0 0.231963
1500 -0.581655 0 0.411042
1550 -0.581357 0 0.392392
1600 -0.624157 0 0.26093
1650 -0.86202 0 0.194447
1700 -0.685718 0 0.137817
1750 -0.64262 0 0.378749
1800 -0.650943 0 0.493983
1850 -0.629898 0 0.423656
1900 -0.75269 0 0.272999
1950 -0.741677 0 0.174306
2000 -0.586231 0 0.248827
2050 -0.74333 0 0.481452
2100 -0.71215 0 0.493557
2150 -0.845438 0 0.398457
2200 -0.971072 0 0.310707
2250 -0.738503 0 0.24517
2300 -0.768102 0 0.428711
2350 -0.902466 0 0.538746
2400 -1.02915 0 0.523056
2450 -1.06766 0 0.46091
2500 -1.07207 0 0.405251
2550 -1.0586 0 0.563089
2600 -1.09712 0 0.660108
2650 -1.19739 0 0.619061
2700 -1.1859 0 0.56198
2750 -1.24023 0 0.644611
2800 -1.25646 0 0.695597
2850 -1.33314 0 0.724462
2900 -1.28595 0 0.537011
2950 -1.28694 0 0.718138
3000 -1.27835 0 0.677088
3050 -1.32147 0 0.652116
3100 -1.33117 0 0.564982
3150 -1.34883 0 0.756115
3200 -1.39103 0 0.666038
3250 -1.33858 0 0.637629
3300 -1.36189 0 0.528307
3350 -1.3343 0 0.630973
3400 -1.26255 0 0.615346
3450 -1.30272 0 0.554271
3500 -1.29859 0 0.565598
3550 -1.37938 0 0.65597
3600 -1.27328 0 0.656334
3650 -1.28852 0 0.587523
3700 -1.33194 0 0.623591
3750 -1.29617 0 0.680504
3800 -1.31589 0 0.637487
3850 -1.31337 0 0.611628
3900 -1.29634 0 0.723774
3950 -1.35443 0 0.765294
4000 -1.37914 0 0.702384
4050 -1.31177 0 0.602361
4100 -1.3343 0 0.749363
4150 -1.3252 0 0.725853
4200 -1.32506 0 0.701322
4250 -1.31621 0 0.589924
4300 -1.20495 0 0.827318
4350 -1.13287 0 0.773712
4400 -1.25819 0 0.737079
4450 -1.20156 0 0.56374
4500 -1.03523 0 0.707988
4550 -0.848512 0 0.742244
4600 -0.929637 0 0.604685
4650 -0.954318 0 0.476616
4700 -0.922776 0 0.528069
4750 -0.760955 0 0.61785
4800 -0.806511 0 0.603059
4850 -1.07855 0 0.416811
4900 -0.853287 0 0.273277
4950 -0.712582 0 0.413143
5000 -0.900409 0 0.606405
5050 -0.854656 0 0.54474
5100 -0.973629 0 0.381401
5150 -0.74611 0 0.223984
5200 -0.715692 0 0.444675
5250 -0.79516 0 0.575228
5300 -0.777455 0 0.469466
5350 -0.968046 0 0.405786
5400 -0.781052 0 0.276289
5450 -0.819244 0 0.426946
5500 -0.814905 0 0.536538
5550 -0.730093 0 0.431579
5600 -0.928786 0 0.306694
5650 -0.736966 0 0.2279
5700 -0.707592 0 0.46932
5750 -0.758177 0 0.564167
5800 -0.716692 0 0.463502
5850 -0.748586 0 0.320826
5900 -0.71464 0 0.174104
5950 -0.628383 0 0.332379
6000 -0.673314 0 0.513702
6050 -0.53922 0 0.386725
6100 -0.629703 0 0.264138
6150 -0.835938 0 0.151819
6200 -0.645105 0 0.186163
6250 -0.710121 0 0.482448
6300 -0.593971 0 0.47316
6350 -0.630638 0 0.328479
6400 -0.846355 0 0.294521
6450 -0.704787 0 0.166815
6500 -0.52406 0 0.340287
6550 -0.584114 0 0.459427
6600 -0.524851 0 0.391069
6650 -0.689041 0 0.298099
6700 -0.883695 0 0.202731
6750 -0.645397 0 0.199985
6800 -0.825587 0 0.520458
6850 -0.925673 0 0.525452
6900 -0.866423 0 0.443041
6950 -1.04844 0 0.376081
7000 -1.05654 0 0.40964
7050 -1.0534 0 0.558693
7100 -1.14139 0 0.657947
7150 -1.23267 0 0.590535
7200 -1.29412 0 0.503358
7250 -1.36513 0 0.693579
7300 -1.29532 0 0.694005
7350 -1.31921 0 0.678305
7400 -1.28289 0 0.528997
7450 -1.34051 0 0.712518
7500 -1.32131 0 0.672911
7550 -1.28551 0 0.671018
7600 -1.29678 0 0.559304
7650 -1.338 0 0.738829
7700 -1.33153 0 0.660219
7750 -1.3609 0 0.607936
7800 -1.3747 0 0.548397
7850 -1.43755 0 0.698087
7900 -1.39002 0 0.717954
7950 -1.47271 0 0.550201
8000 -1.42926 0 0.524525
8050 -1.33693 0 0.723843
8100 -1.34444 0 0.733437
8150 -1.30612 0 0.56546
8200 -1.3124 0 0.529416
8250 -1.24266 0 0.616253
8300 -1.21078 0 0.606869
8350 -1.15679 0 0.549392
8400 -1.05138 0 0.598516
8450 -0.90166 0 0.704352
8500 -0.877268 0 0.673191
8550 -0.949382 0 0.596273
8600 -0.835268 0 0.586611
8650 -0.68391 0 0.725304
8700 -0.578642 0 0.688741
8750 -0.832659 0 0.515266
8800 -0.878725 0 0.355452
8850 -0.669141 0 0.426499
8900 -0.712573 0 0.480835
8950 -0.635433 0 0.420826
9000 -0.787706 0 0.289585
9050 -0.824384 0 0.195604
9100 -0.658336 0 0.386617
9150 -0.744715 0 0.422801
9200 -0.693357 0 0.350625
9250 -0.853973 0 0.300676
9300 -0.876618 0 0.183178
9350 -0.746496 0 0.291276
9400 -0.768447 0 0.550328
9450 -0.766827 0 0.418632
9500 -0.849908 0 0.350633
9550 -0.891345 0 0.225826
9600 -0.712787 0 0.287619
9650 -0.704817 0 0.483633
9700 -0.659347 0 0.439633
9750 -0.765277 0 0.361071
9800 -0.965394 0 0.265258
9850 -0.778134 0 0.187506
9900 -0.699326 0 0.348584
9950 -0.701853 0 0.386521
10000 -0.782558 0 0.326935
10050 -0.930382 0 0.316531
10100 -0.879978 0 0.181479
10150 -0.827505 0 0.17762
10200 -0.753779 0 0.325836
10250 -0.686235 0 0.343287
10300 -0.720167 0 0.359768
10350 -0.871677 0 0.215751
10400 -0.790681 0 0.191405
10450 -0.586574 0 0.23428
10500 -0.516663 0 0.275713
10550 -0.434859 0 0.219818
10600 -0.573038 0 0.123823
10650 0.0263945 0 -0.197023
10700 -0.561721 0 0.081418
10750 -0.417075 0 0.186684
10800 -0.476941 0 0.363787
10850 -0.598435 0 0.35687
10900 -0.827398 0 0.180591
10950 -0.794309 0 0.161941
11000 -0.708852 0 0.214979
11050 -0.725589 0 0.560202
11100 -0.621421 0 0.448621
11150 -0.748143 0 0.293302
11200 -0.750767 0 0.261538
11250 -0.566693 0 0.229519
11300 -0.561399 0 0.440527
11350 -0.522854 0 0.447984
11400 -0.616478 0 0.337417
11450 -0.913554 0 0.248705
11500 -0.83465 0 0.149619
11550 -0.639927 0 0.271921
11600 -0.54199 0 0.378193
11650 -0.512059 0 0.333916
11700 -0.640019 0 0.294954
11750 -0.694675 0 0.173101
11800 -0.791482 0 0.220884
11850 -1.06834 0 0.668353
11900 -1.05857 0 0.66907
11950 -1.20981 0 0.524422
12000 -1.15078 0 0.325806
12050 -1.19043 0 0.422768
12100 -1.21187 0 0.668836
12150 -1.3003 0 0.665803
12200 -1.36271 0 0.546107
12250 -1.36769 0 0.570433
12300 -1.2993 0 0.594218
12350 -1.27261 0 0.588418
12400 -1.33064 0 0.457043
12450 -1.40692 0 0.564647
12500 -1.42024 0 0.64679
12550 -1.38424 0 0.6567
12600 -1.32378 0 0.460811
12650 -1.35472 0 0.607598
12700 -1.2721 0 0.562712
12750 -1.25206 0 0.545518
12800 -1.30091 0 0.471424
12850 -1.35882 0 0.628289
12900 -1.33818 0 0.605228
12950 -1.28849 0 0.530542
13000 -1.34492 0 0.487461
13050 -1.38747 0 0.59766
13100 -1.31174 0 0.621075
13150 -1.43504 0 0.565151
13200 -1.46817 0 0.567828
13250 -1.42754 0 0.672696
13300 -1.36082 0 0.649418
13350 -1.3909 0 0.52453
13400 -1.32182 0 0.644168
13450 0.394366 0 -1.03704
13500 -1.18942 0 0.55491
13550 -1.19642 0 0.460994
13600 -1.16795 0 0.574836
13650 -1.30165 0 0.63113
13700 -1.28589 0 0.596998
13750 -1.32055 0 0.459664
13800 -1.29001 0 0.571901
13850 -1.27773 0 0.566604
13900 -1.33377 0 0.521957
13950 -1.34431 0 0.530572
14000 -1.3796 0 0.695391
14050 -1.39532 0 0.697822
14100 -1.3419 0 0.623461
14150 -1.35989 0 0.62936
14200 -1.29065 0 0.69838
14250 -1.33849 0 0.667322
14300 -1.2985 0 0.512475
14350 -1.23645 0 0.572848
14400 -1.1992 0 0.642416
14450 -1.1905 0 0.598985
14500 -1.09822 0 0.478505
14550 -1.11044 0 0.516703
14600 -0.998232 0 0.565438
14650 -1.01293 0 0.482533
14700 -0.99672 0 0.389609
14750 -0.894915 0 0.397431
14800 -0.822993 0 0.517279
14850 -0.845203 0 0.562727
14900 -0.981932 0 0.452642
14950 -0.870363 0 0.335065
15000 -0.733801 0 0.373026
15050 -0.813456 0 0.536293
15100 -0.754514 0 0.522813
15150 -0.948041 0 0.328942
15200 -0.92028 0 0.245452
15250 -0.685397 0 0.38247
15300 -0.766187 0 0.501007
15350 -0.704154 0 0.422537
15400 -0.725992 0 0.318404
15450 -0.820673 0 0.268725
15500 -0.652796 0 0.22215
15550 -0.649283 0 0.47331
15600 -0.583626 0 0.453592
15650 -0.708375 0 0.308986
15700 -0.895875 0 0.230216
15750 -0.815163 0 0.110241
15800 -0.6013 0 0.251666
15850 -0.679149 0 0.408323
15900 -0.593073 0 0.374706
15950 -0.750508 0 0.244512
16000 -0.982226 0 0.166095
16050 -0.730174 0 0.099648
16100 -0.702847 0 0.295833
16150 -0.653946 0 0.374924
16200 -0.6479 0 0.373884
16250 -0.753575 0 0.289908
16300 -0.806258 0 0.207281
16350 -0.645046 0 0.264179
16400 -0.649909 0 0.464054
16450 -0.611116 0 0.464846
16500 -0.768784 0 0.346951
16550 -0.989283 0 0.322396
16600 -0.840032 0 0.290634
16650 -0.719716 0 0.483424
16700 -0.744731 0 0.468876
16750 -0.747321 0 0.3761
16800 -0.850555 0 0.285979
16850 -0.689338 0 0.225648
16900 -0.546329 0 0.392207
16950 -0.573784 0 0.438993
17000 -0.525169 0 0.277754
17050 -0.661993 0 0.222242
17100 -0.692977 0 0.133795
17150 -0.432163 0 0.257073
17200 -0.6401 0 0.464939
17250 -0.540928 0 0.392902
17300 -0.6349 0 0.298973
17350 -0.848639 0 0.214056
17400 -0.645737 0 0.175836
17450 -0.441043 0 0.439042
17500 -0.56643 0 0.429477
17550 -0.653111 0 0.34692
17600 -0.763491 0 0.251524
17650 -0.785581 0 0.129763
17700 -0.542588 0 0.220324
17750 -0.562106 0 0.463539
17800 -0.587007 0 0.445936
17850 -0.564515 0 0.29153
17900 -0.715822 0 0.218651
17950 -0.773231 0 0.139
18000 -0.557324 0 0.209106
18050 -0.429235 0 0.430258
18100 -0.562069 0 0.439008
18150 -0.495582 0 0.316065
18200 -0.677848 0 0.254553
18250 -0.859857 0 0.115769
18300 -0.638936 0 0.0907339
18350 -0.603708 0 0.305526
18400 -0.745051 0 0.422538
18450 -0.656111 0 0.327671
18500 -0.737925 0 0.285845
18550 -0.774666 0 0.172385
18600 -0.663741 0 0.210129
18650 -0.798262 0 0.60967
18700 -0.8928 0 0.574132
18750 -1.04309 0 0.557529
18800 -1.10436 0 0.405159
18850 -1.09507 0 0.495657
18900 -1.08886 0 0.731751
18950 -1.16263 0 0.680085
19000 -1.17516 0 0.561241
19050 -1.19465 0 0.515661
19100 -1.17961 0 0.676583
19150 -1.14927 0 0.803095
19200 -1.30848 0 0.69878
19250 -1.26869 0 0.544422
19300 -1.29198 0 0.628837
19350 -1.18849 0 0.5989
19400 -1.21204 0 0.549587
19450 -1.29286 0 0.507617
19500 -1.24862 0 0.659381
19550 -1.2903 0 0.647457
19600 -1.33883 0 0.617288
19650 -1.35879 0 0.548037
19700 -1.29383 0 0.752602
19750 -1.25784 0 0.725858
19800 -1.24513 0 0.627829
19850 -1.29104 0 0.565264
19900 -1.31216 0 0.722881
19950 -1.30933 0 0.710216
20000 -1.2686 0 0.628134
20050 -1.30564 0 0.601503
20100 -1.17739 0 0.794972
20150 -1.2094 0 0.762593
20200 -1.22131 0 0.645729
20250 -1.24346 0 0.565408
20300 -1.23362 0 0.589892
20350 -1.22028 0 0.593295
20400 -1.26766 0 0.523436
20450 -1.27954 0 0.56935
20500 -1.34889 0 0.733868
20550 -1.4161 0 0.692343
20600 -1.32687 0 0.577451
20650 -1.3116 0 0.642839
20700 -1.22765 0 0.760723
20750 -1.24446 0 0.700089
20800 -1.30097 0 0.6283
20850 -1.32305 0 0.621123
20900 -1.16383 0 0.699719
20950 -1.18961 0 0.661393
21000 -1.27405 0 0.5485
21050 -1.27741 0 0.494031
21100 -1.19752 0 0.579495
21150 -1.23557 0 0.511159
21200 -1.21955 0 0.404579
21250 -1.21886 0 0.403194
21300 -1.22397 0 0.424767
21350 -1.16842 0 0.368004
21400 -1.184 0 0.374042
21450 -1.22872 0 0.374337
21500 -1.17626 0 0.579665
21550 -1.20599 0 0.63405
21600 -1.3245 0 0.546263
21650 -1.2979 0 0.532021
21700 -1.26362 0 0.742822
21750 -1.29873 0 0.709315
21800 -1.28519 0 0.58769
21850 -1.26716 0 0.594336
21900 -1.28413 0 0.657472
21950 -1.26633 0 0.620069
22000 -1.29399 0 0.552831
22050 -1.3506 0 0.567982
22100 -1.32936 0 0.715226
22150 -1.3546 0 0.659607
22200 -1.33204 0 0.55225
22250 -1.3143 0 0.588641
22300 -1.25785 0 0.651534
22350 -1.27096 0 0.614507
22400 -1.26797 0 0.514411
22450 -1.32231 0 0.619192
22500 -1.31407 0 0.642063
22550 -1.33147 0 0.654236
22600 -1.38955 0 0.468988
22650 -1.37058 0 0.646973
22700 -1.29086 0 0.63807
22750 -1.25329 0 0.587177
22800 -1.17787 0 0.416653
22850 -1.1498 0 0.567611
22900 -1.11156 0 0.528851
22950 -1.11085 0 0.509426
23000 -1.17098 0 0.430706
23050 -1.0847 0 0.509446
23100 -0.906883 0 0.628856
23150 -1.01169 0 0.53509
23200 -1.15565 0 0.432895
23250 -1.09534 0 0.348537
23300 -0.873967 0 0.529961
23350 -1.0102 0 0.558478
23400 -1.09104 0 0.451562
23450 -1.06865 0 0.325966
23500 -0.901538 0 0.408883
23550 -0.841493 0 0.58386
23600 -0.89934 0 0.489325
23650 -1.03829 0 0.346595
23700 -0.881987 0 0.285403
23750 -0.730543 0 0.431463
23800 -0.944677 0 0.499494
23850 -0.91598 0 0.34519
23900 -1.04712 0 0.267058
23950 -0.818154 0 0.268664
24000 -0.81413 0 0.434143
24050 -0.835508 0 0.492224
24100 -0.939583 0 0.369062
24150 -0.947837 0 0.236347
24200 -0.735044 0 0.301554
24250 -0.768883 0 0.366276
24300 -0.68189 0 0.344857
24350 -0.843707 0 0.288012
24400 -1.02412 0 0.248465
24450 -0.691496 0 0.189766
24500 -0.750845 0 0.351953
24550 -0.679514 0 0.477615
24600 -0.782414 0 0.323543
24650 -1.06237 0 0.220148
24700 -0.715125 0 0.143344
24750 -0.53708 0 0.272775
24800 -0.702967 0 0.408469
24850 -0.662359 0 0.385867
24900 -0.846382 0 0.257278
24950 -1.0519 0 0.175246
25000 -0.706492 0 0.15723
25050 -0.603874 0 0.29898
25100 -0.662952 0 0.386239
25150 -0.638484 0 0.342809
25200 -0.752941 0 0.237549
25250 -0.905137 0 0.151264
25300 -0.768851 0 0.183326
25350 -0.797884 0 0.475037
25400 -0.962587 0 0.536355
25450 -1.00848 0 0.445371
25500 -1.13974 0 0.406451
25550 -1.11011 0 0.431077
25600 -1.05185 0 0.648224
25650 -1.06907 0 0.790156
25700 -1.27987 0 0.669036
25750 -1.24342 0 0.515527
25800 -1.34401 0 0.632085
25850 -1.26679 0 0.583379
25900 -1.29583 0 0.626031
25950 -1.25168 0 0.522615
26000 -1.32339 0 0.703496
26050 -1.30212 0 0.696808
26100 -1.34636 0 0.703637
26150 -1.34165 0 0.536891
26200 -1.37047 0 0.682063
26250 -1.33652 0 0.635214
26300 -1.41002 0 0.575092
26350 -1.38077 0 0.515106
26400 -1.31491 0 0.684696
26450 -1.28106 0 0.68734
26500 -1.30722 0 0.641802
26550 -1.29404 0 0.590901
26600 -1.23035 0 0.778134
26650 -1.24236 0 0.731336
26700 -1.24286 0 0.666916
26750 -1.23439 0 0.569493
26800 -1.17899 0 0.755814
26850 -1.10182 0 0.733683
26900 -1.10741 0 0.658621
26950 -1.02116 0 0.524034
27000 -0.868229 0 0.667262
27050 -0.892813 0 0.628752
27100 -1.00807 0 0.469198
27150 -1.03768 0 0.315034
27200 -0.877184 0 0.378714
27250 -0.926535 0 0.488617
27300 -0.838197 0 0.398642
27350 -1.08392 0 0.32164
27400 -0.960461 0 0.228607
27450 -0.767288 0 0.413562
27500 -0.888949 0 0.507668
27550 -0.839696 0 0.44108
27600 -1.08525 0 0.299971
27650 -0.942901 0 0.200872
27700 -0.821199 0 0.286641
27750 -0.854186 0 0.288141
27800 -0.80814 0 0.333979
27850 -0.932619 0 0.211671
27900 -0.694595 0 0.184901
27950 -0.556951 0 0.305523
28000 -0.506607 0 0.397002
28050 -0.514047 0 0.240168
28100 -0.638031 0 0.0625566
28150 -0.296426 0 0.0530964
28200 -0.0838273 0 0.130542
28250 0.285116 0 -0.458084
28300 -0.233811 0 -0.10765
28350 -0.0117837 0 -0.149697
28400 -0.0516739 0 -0.109004
28450 -0.0268249 0 -0.082033
28500 -0.0272223 0 -0.0578867
28550 -0.0119749 0 -0.0333499
28600 -0.0209641 0 -0.0190949
28650 -0.0212296 0 -0.0049254
28700 -0.0209478 0 0.0102505
28750 -0.0219704 0 0.0133004
28800 -0.0178401 0 0.0165785
28850 -0.0102239 0 0.0144327
28900 -0.00784567 0 0.0136572
28950 -0.00389701 0 0.00826617
29000 -0.00384356 0 0.00379371
29050 -0.00366745 0 0.0126721
29100 -0.00608482 0 0.012123
29150 -0.00947568 0 0.0174592
29200 -0.00974031 0 0.0217084
29250 -0.0135407 0 0.0233688
29300 -0.0245746 0 0.0422311
29350 -0.0202123 0 0.0456735
29400 -0.027768 0 0.0584617
29450 0.0256524 0 -0.0486573
