200 -0.00937429 0 0.0138196
250 -0.0236805 0 0.0248937
300 -0.0139828 0 0.036239
350 -0.0244123 0 0.0298848
400 -0.00735304 0 0.0130042
450 -0.00662802 0 0.0237717
500 -0.108399 0 0.0898151
550 -0.0213975 0 0.0427123
600 -0.0404986 0 0.0864347
650 -0.0401381 0 0.0681853
700 -0.066241 0 0.0521019
750 -0.117087 0 -0.00813784
800 -0.197859 0 -0.0467086
850 0.043167 0 -0.182215
900 0.0853454 0 -0.440148
950 0.215378 0 -0.895258
1000 0.490456 0 -1.01351
1050 0.188477 0 -1.07593
1100 0.066939 0 -0.862171
1150 0.369189 0 -0.798641
1200 0.656539 0 -1.07597
1250 0.501731 0 -1.15993
1300 0.132958 0 -1.29372
1350 0.243854 0 -1.01886
1400 0.579601 0 -1.06897
1450 0.676407 0 -1.1657
1500 0.32737 0 -1.2061
1550 0.195735 0 -1.11579
1600 0.442486 0 -1.0162
1650 0.673382 0 -1.21974
1700 0.454191 0 -1.2143
1750 0.196817 0 -1.25378
1800 0.260762 0 -0.996935
1850 0.627711 0 -1.10612
1900 0.587159 0 -1.27196
1950 0.260824 0 -1.32512
2000 0.187797 0 -1.22789
2050 0.447006 0 -1.0451
2100 0.61276 0 -1.26897
2150 0.397783 0 -1.25625
2200 0.160676 0 -1.22166
2250 0.319684 0 -0.964861
2300 0.651314 0 -1.1076
2350 0.642831 0 -1.22054
2400 0.283107 0 -1.21796
2450 0.166443 0 -1.12417
2500 0.414079 0 -1.01465
2550 0.616828 0 -1.23504
2600 0.420655 0 -1.21789
2650 0.190529 0 -1.24564
2700 0.32144 0 -1.00707
2750 0.688075 0 -1.19159
2800 0.640076 0 -1.31302
2850 0.251965 0 -1.32719
2900 0.129836 0 -1.17437
2950 0.480849 0 -1.03247
3000 0.633377 0 -1.25325
3050 0.399006 0 -1.24222
3100 0.165088 0 -1.2806
3150 0.367291 0 -1.03
3200 0.699842 0 -1.2543
3250 0.523034 0 -1.27482
3300 0.187414 0 -1.345
3350 0.245178 0 -1.10523
3400 0.629518 0 -1.14398
3450 0.676408 0 -1.27126
3500 0.345304 0 -1.30283
3550 0.161763 0 -1.24548
3600 0.43861 0 -1.00419
3650 0.685519 0 -1.19051
3700 0.460752 0 -1.23454
3750 0.190393 0 -1.28935
3800 0.224649 0 -1.02384
3850 0.596111 0 -1.02135
3900 0.672277 0 -1.2559
3950 0.286494 0 -1.2842
4000 0.116434 0 -1.21619
4050 0.396425 0 -0.995184
4100 0.636478 0 -1.27461
4150 0.441498 0 -1.24102
4200 0.198176 0 -1.29898
4250 0.288931 0 -1.06981
4300 0.633716 0 -1.13377
4350 0.642779 0 -1.31088
4400 0.261448 0 -1.26705
4450 0.159948 0 -1.13676
4500 0.457341 0 -1.01568
4550 0.672601 0 -1.26248
4600 0.476789 0 -1.2033
4650 0.168225 0 -1.22332
4700 0.236503 0 -0.974028
4750 0.616873 0 -1.11683
4800 0.630476 0 -1.25862
4850 0.243312 0 -1.3001
4900 0.149773 0 -1.18109
4950 0.48448 0 -1.02845
5000 0.641766 0 -1.25905
5050 0.378076 0 -1.28891
5100 0.184603 0 -1.33538
5150 0.383703 0 -1.08281
5200 0.705678 0 -1.29341
5250 0.552252 0 -1.30047
5300 0.240528 0 -1.3329
5350 0.251469 0 -1.09656
5400 0.66775 0 -1.11909
5450 0.769747 0 -1.29497
5500 0.346708 0 -1.29646
5550 0.172677 0 -1.17769
5600 0.382836 0 -0.954409
5650 0.732608 0 -1.20762
5700 0.534502 0 -1.20344
5750 0.245025 0 -1.17526
5800 0.240905 0 -0.996712
5850 0.514546 0 -0.989413
5900 0.663228 0 -1.17595
5950 0.306178 0 -1.20952
6000 0.0896816 0 -1.19596
6050 0.313554 0 -0.915132
6100 0.66744 0 -1.17368
6150 0.547597 0 -1.19991
6200 0.209648 0 -1.27157
6250 0.180696 0 -1.05495
6300 0.517143 0 -0.989112
6350 0.671102 0 -1.22337
6400 0.332112 0 -1.2063
6450 0.10591 0 -1.19211
6500 0.298213 0 -0.939298
6550 0.686738 0 -1.18335
6600 0.566136 0 -1.2678
6650 0.233126 0 -1.22795
6700 0.218501 0 -1.01994
6750 0.533301 0 -1.03101
6800 0.608628 0 -1.17379
6850 0.308295 0 -1.20431
6900 0.224192 0 -1.25135
6950 0.389369 0 -1.03819
7000 0.709425 0 -1.23667
7050 0.535039 0 -1.26441
7100 0.185162 0 -1.24623
7150 0.191502 0 -1.01643
7200 0.566959 0 -1.07647
7250 0.63377 0 -1.24749
7300 0.336558 0 -1.2742
7350 0.174065 0 -1.19644
7400 0.406173 0 -0.994864
7450 0.652745 0 -1.22107
7500 0.476156 0 -1.28097
7550 0.195217 0 -1.29836
7600 0.213177 0 -1.04091
7650 0.56872 0 -1.01641
7700 0.698601 0 -1.3042
7750 0.333344 0 -1.19882
7800 0.139801 0 -1.13219
7850 0.41886 0 -1.00591
7900 0.696005 0 -1.20925
7950 0.468983 0 -1.21117
8000 0.174658 0 -1.21929
8050 0.227166 0 -0.996087
8100 0.557934 0 -1.01876
8150 0.693721 0 -1.24385
8200 0.324849 0 -1.26243
8250 0.168913 0 -1.2486
8300 0.413388 0 -0.980234
8350 0.67113 0 -1.16892
8400 0.507055 0 -1.16172
8450 0.192064 0 -1.2143
8500 0.182665 0 -0.979877
8550 0.437767 0 -0.887527
8600 0.648551 0 -1.13816
8650 0.449708 0 -1.11111
8700 0.161733 0 -1.08492
8750 0.275559 0 -0.887709
8800 0.371762 0 -0.776552
8850 0.27693 0 -0.562903
8900 0.129298 0 -0.278336
8950 0.00380859 0 -0.0775244
9000 0.0228286 0 -0.0593755
9050 -0.0100518 0 -0.0434656
9100 -0.0813961 0 -0.170308
9150 0.168555 0 -0.443373
9200 0.246809 0 -0.959326
9250 0.702513 0 -0.95821
9300 0.404709 0 -1.00158
9350 0.205137 0 -1.03193
9400 0.254518 0 -0.829407
9450 0.605371 0 -1.01185
9500 0.649182 0 -1.07407
9550 0.357407 0 -1.06691
9600 0.248829 0 -1.01101
9650 0.388475 0 -0.930968
9700 0.583413 0 -1.10323
9750 0.45073 0 -1.09227
9800 0.238827 0 -1.21449
9850 0.320315 0 -0.962845
9900 0.59353 0 -1.06584
9950 0.56917 0 -1.22756
10000 0.252679 0 -1.31341
10050 0.263056 0 -1.16763
10100 0.636497 0 -1.16844
10150 0.716798 0 -1.32872
10200 0.313674 0 -1.3398
10250 0.18618 0 -1.25087
10300 0.398444 0 -1.02518
10350 0.539814 0 -1.16372
10400 0.411909 0 -1.2037
10450 0.209721 0 -1.28042
10500 0.224033 0 -1.04
10550 0.504994 0 -1.00128
10600 0.584859 0 -1.1667
10650 0.314669 0 -1.21991
10700 0.12139 0 -1.20817
10750 0.387139 0 -0.987958
10800 0.664515 0 -1.2089
10850 0.467961 0 -1.16697
10900 0.194505 0 -1.24011
10950 0.233767 0 -1.00691
11000 0.580603 0 -1.06197
11050 0.579251 0 -1.23475
11100 0.267762 0 -1.22177
11150 0.127729 0 -1.09276
11200 0.392877 0 -0.943762
11250 0.692616 0 -1.2488
11300 0.43746 0 -1.27893
11350 0.0923958 0 -1.26213
11400 0.243835 0 -1.03004
11450 0.621906 0 -1.14629
11500 0.625711 0 -1.31295
11550 0.288363 0 -1.31303
11600 0.186455 0 -1.17127
11650 0.449574 0 -1.06072
11700 0.65814 0 -1.26436
11750 0.388392 0 -1.25537
11800 0.0951387 0 -1.20879
11850 0.326816 0 -0.942459
11900 0.735568 0 -1.26866
11950 0.480366 0 -1.20991
12000 0.199244 0 -1.22439
12050 0.189726 0 -0.999658
12100 0.483179 0 -1.01964
12150 0.625017 0 -1.3068
12200 0.24058 0 -1.32039
12250 0.116026 0 -1.21991
12300 0.375403 0 -1.00498
12350 0.641222 0 -1.24567
12400 0.431611 0 -1.20488
12450 0.152314 0 -1.24002
12500 0.239577 0 -1.0143
12550 0.582529 0 -1.13108
12600 0.587787 0 -1.27837
12650 0.281449 0 -1.23925
12700 0.233718 0 -1.14379
12750 0.477318 0 -1.03287
12800 0.677493 0 -1.24421
12850 0.382501 0 -1.3278
12900 0.0689148 0 -1.29761
12950 0.241484 0 -0.959658
13000 0.689702 0 -1.19122
13050 0.581747 0 -1.32219
13100 0.131136 0 -1.37005
13150 0.188974 0 -1.07818
13200 0.604743 0 -1.07446
13250 0.695012 0 -1.31129
13300 0.29023 0 -1.31612
13350 0.123763 0 -1.21844
13400 0.445923 0 -1.0361
13450 0.701838 0 -1.28495
13500 0.474436 0 -1.2874
13550 0.138559 0 -1.21962
13600 0.24422 0 -0.968739
13650 0.579126 0 -1.1
13700 0.561724 0 -1.19976
13750 0.234917 0 -1.22203
13800 0.21601 0 -1.1127
13850 0.432878 0 -0.997898
13900 0.667622 0 -1.20419
13950 0.433593 0 -1.15981
14000 0.163791 0 -1.28286
14050 0.215679 0 -0.965034
14100 0.609345 0 -1.09173
14150 0.653115 0 -1.28561
14200 0.264213 0 -1.34708
14250 0.215617 0 -1.16599
14300 0.409557 0 -1.02912
14350 0.636426 0 -1.24833
14400 0.420966 0 -1.2041
14450 0.141122 0 -1.29393
14500 0.353091 0 -1.05207
14550 0.73944 0 -1.22151
14600 0.569516 0 -1.32777
14650 0.209091 0 -1.32096
14700 0.230297 0 -1.11017
14750 0.528227 0 -1.05405
14800 0.69444 0 -1.24172
14850 0.36752 0 -1.20596
14900 0.129509 0 -1.14307
14950 0.318445 0 -0.895983
15000 0.60399 0 -1.08447
15050 0.570206 0 -1.14387
15100 0.206997 0 -1.14006
15150 0.155364 0 -1.06213
15200 0.459645 0 -0.915877
15250 0.745635 0 -1.30647
15300 0.399168 0 -1.3448
15350 0.097472 0 -1.32261
15400 0.308224 0 -1.02151
15450 0.640325 0 -1.22318
15500 0.473484 0 -1.27255
15550 0.174012 0 -1.38316
15600 0.182593 0 -1.09993
15650 0.589986 0 -1.08379
15700 0.681677 0 -1.2896
15750 0.31217 0 -1.29111
15800 0.095792 0 -1.13145
15850 0.306808 0 -0.905184
15900 0.667839 0 -1.24717
15950 0.447204 0 -1.26184
16000 0.0759648 0 -1.22419
16050 0.197065 0 -0.890436
16100 0.670882 0 -1.16319
16150 0.609039 0 -1.36028
16200 0.165875 0 -1.33873
16250 0.174967 0 -1.11665
16300 0.52589 0 -1.03734
16350 0.681282 0 -1.25408
16400 0.338882 0 -1.21341
16450 0.0693653 0 -1.1608
16500 0.233689 0 -0.906181
16550 0.646954 0 -1.20716
16600 0.517125 0 -1.29835
16650 0.247742 0 -1.22049
16700 0.209691 0 -1.0944
16750 0.465009 0 -0.965179
16800 0.678094 0 -1.20494
16850 0.34966 0 -1.19829
16900 0.0705728 0 -1.22562
16950 0.235405 0 -0.958814
17000 0.673597 0 -1.14
17050 0.62988 0 -1.29186
17100 0.225744 0 -1.29604
17150 0.121445 0 -1.14482
17200 0.467919 0 -0.987983
17250 0.677417 0 -1.28425
17300 0.36721 0 -1.30753
17350 0.132 0 -1.2892
17400 0.330001 0 -1.03417
17450 0.690727 0 -1.24084
17500 0.536458 0 -1.38948
17550 0.158279 0 -1.42064
17600 0.17246 0 -1.15763
17650 0.563519 0 -1.08213
17700 0.707245 0 -1.31779
17750 0.304589 0 -1.35857
17800 0.126233 0 -1.29139
17850 0.430874 0 -1.02501
17900 0.713544 0 -1.28006
17950 0.431135 0 -1.33029
18000 0.113078 0 -1.34539
18050 0.230886 0 -1.037
18100 0.589134 0 -1.07752
18150 0.60304 0 -1.27079
18200 0.288152 0 -1.26699
18250 0.11046 0 -1.17101
18300 0.331455 0 -0.95113
18350 0.631491 0 -1.23121
18400 0.459095 0 -1.21784
18450 0.128678 0 -1.17805
18500 0.152458 0 -0.945104
18550 0.448655 0 -0.932764
18600 0.554162 0 -1.18618
18650 0.236542 0 -1.14354
18700 -0.00537694 0 -1.0853
18750 0.178956 0 -0.79518
18800 0.494459 0 -1.07191
18850 0.424926 0 -1.13033
18900 0.16255 0 -1.23513
18950 0.0951556 0 -0.965231
19000 0.394007 0 -0.897408
19050 0.590218 0 -1.21852
19100 0.311359 0 -1.29371
19150 0.179745 0 -1.29013
19200 0.345767 0 -1.00683
19250 0.672411 0 -1.17119
19300 0.525781 0 -1.22536
19350 0.157601 0 -1.24858
19400 0.174681 0 -1.10165
19450 0.524665 0 -1.03651
19500 0.687481 0 -1.29588
19550 0.32873 0 -1.3112
19600 0.0994682 0 -1.24279
19650 0.412674 0 -1.04483
19700 0.793792 0 -1.29184
19750 0.501174 0 -1.39013
19800 0.142442 0 -1.42194
19850 0.290123 0 -1.10294
19900 0.680908 0 -1.22957
19950 0.617334 0 -1.29634
20000 0.225936 0 -1.33395
20050 0.148103 0 -1.12562
20100 0.469708 0 -1.02357
20150 0.726458 0 -1.34198
20200 0.354936 0 -1.32559
20250 0.165638 0 -1.19248
20300 0.366726 0 -1.01768
20350 0.642179 0 -1.17343
20400 0.514145 0 -1.21139
20450 0.144545 0 -1.27034
20500 0.162598 0 -1.02313
20550 0.479116 0 -0.991868
20600 0.542345 0 -1.18576
20650 0.27123 0 -1.21078
20700 0.101292 0 -1.129
20750 0.28148 0 -0.901015
20800 0.500438 0 -1.1311
20850 0.356036 0 -1.17892
20900 0.141145 0 -1.23632
20950 0.121311 0 -0.965836
21000 0.430512 0 -0.949599
21050 0.599114 0 -1.189
21100 0.280605 0 -1.25965
21150 0.136582 0 -1.16084
21200 0.373537 0 -0.960893
21250 0.628043 0 -1.23873
21300 0.456507 0 -1.31095
21350 0.128798 0 -1.31799
21400 0.246456 0 -1.03682
21450 0.66564 0 -1.16194
21500 0.667685 0 -1.28417
21550 0.256173 0 -1.31226
21600 0.150096 0 -1.1852
21650 0.489926 0 -1.03926
21700 0.708792 0 -1.2899
21750 0.360989 0 -1.31278
21800 0.128308 0 -1.33889
21850 0.368646 0 -1.04865
21900 0.701574 0 -1.24291
21950 0.526319 0 -1.26258
22000 0.147223 0 -1.29543
22050 0.25164 0 -1.04797
22100 0.632691 0 -1.12951
22150 0.637931 0 -1.32469
22200 0.262059 0 -1.32696
22250 0.215657 0 -1.17012
22300 0.534744 0 -1.1187
22350 0.71835 0 -1.30992
22400 0.382592 0 -1.31582
22450 0.0948881 0 -1.23202
22500 0.308065 0 -0.920889
22550 0.687095 0 -1.1801
22600 0.505376 0 -1.18
22650 0.208687 0 -1.21699
22700 0.222816 0 -1.10308
22750 0.474012 0 -1.04663
22800 0.677073 0 -1.26798
22850 0.363075 0 -1.242
22900 0.104543 0 -1.19645
22950 0.366831 0 -0.9992
23000 0.687789 0 -1.20143
23050 0.497028 0 -1.27999
23100 0.144563 0 -1.33385
23150 0.185039 0 -1.0814
23200 0.567531 0 -1.08366
23250 0.632131 0 -1.29
23300 0.300384 0 -1.25318
23350 0.168801 0 -1.22812
23400 0.352791 0 -1.01312
23450 0.625241 0 -1.17712
23500 0.497118 0 -1.24588
23550 0.133728 0 -1.31721
23600 0.139255 0 -0.996629
23650 0.582228 0 -1.04071
23700 0.694773 0 -1.23051
23750 0.317215 0 -1.17582
23800 0.101539 0 -1.2088
23850 0.335248 0 -0.963569
23900 0.654817 0 -1.17147
23950 0.502092 0 -1.21169
24000 0.125586 0 -1.22651
24050 0.17874 0 -0.995767
24100 0.571123 0 -1.00778
24150 0.663133 0 -1.22509
24200 0.302321 0 -1.18902
24250 0.100879 0 -1.14083
24300 0.356842 0 -0.963193
24350 0.574921 0 -1.14753
24400 0.384824 0 -1.12663
24450 0.0841606 0 -1.1118
24500 0.113038 0 -0.828696
24550 0.329255 0 -0.711098
24600 0.356451 0 -0.609957
24650 0.245796 0 -0.4561
24700 0.149974 0 -0.767104
24750 0.193551 0 -0.510335
24800 0.179499 0 -0.326914
24850 0.0879017 0 -0.0653729
24900 0.0804978 0 -0.0351063
24950 0.0666212 0 -0.0593443
25000 0.0872411 0 -0.0509446
25050 0.0452103 0 -0.0358649
25100 0.0258791 0 -0.0185866
25150 0.0204294 0 -0.0255151
25200 0.00944281 0 -0.00982771
25250 0.00860391 0 0.0366232
25300 -0.00868849 0 0.0350268
25350 -0.0154532 0 0.0293817
25400 -0.0113546 0 0.0182327
25450 -0.0183448 0 0.0338335
25500 0.00144417 0 0.0221883
25550 -0.00468352 0 0.00098228
