200 0.0109831 0 -0.146963
250 0.00701125 0 -0.153586
300 0.0040065 0 -0.155654
350 -0.0094105 0 -0.114852
400 -0.00443642 0 -0.16702
450 -0.0386019 0 -0.243231
500 -0.0132277 0 -0.29817
550 0.036023 0 -0.367658
600 0.0945842 0 -0.621692
650 0.139068 0 -0.847256
700 0.213963 0 -1.01905
750 0.187525 0 -1.27044
800 0.107419 0 -1.67432
850 0.34123 0 -1.61407
900 0.26052 0 -1.57773
950 0.171618 0 -1.32529
1000 0.0635694 0 -1.31581
1050 0.00613965 0 -1.22835
1100 0.0809744 0 -1.14997
1150 0.0363693 0 -1.08496
1200 0.0513431 0 -1.26407
1250 0.00592766 0 -1.36585
1300 0.0444227 0 -1.43166
1350 0.172911 0 -1.40591
1400 0.157525 0 -1.28847
1450 0.170947 0 -1.27215
1500 0.140767 0 -1.26234
1550 0.0799997 0 -1.30815
1600 -0.0488315 0 -1.259
1650 0.0248862 0 -1.36741
1700 0.0906395 0 -1.30097
1750 0.149216 0 -1.31149
1800 0.0715078 0 -1.1968
1850 0.115303 0 -1.31842
1900 -0.00657626 0 -1.26912
1950 0.0433605 0 -1.41614
2000 0.129586 0 -1.43252
2050 0.0638677 0 -1.31978
2100 -0.0564577 0 -1.22504
2150 -0.0890955 0 -1.14324
2200 -0.245509 0 -1.43139
2250 -0.390234 0 -1.43482
2300 -0.280703 0 -1.45859
2350 -0.198292 0 -1.40814
2400 0.0943786 0 -1.44662
2450 0.0543605 0 -1.46881
2500 -0.0287412 0 -1.41866
2550 0.0842017 0 -1.50406
2600 0.127884 0 -1.39328
2650 0.03525 0 -1.31444
2700 0.0184882 0 -1.38148
2750 0.0524275 0 -1.52128
2800 0.241772 0 -1.46467
2850 0.209038 0 -1.36861
2900 0.231483 0 -1.30997
2950 0.197378 0 -1.37083
3000 0.29757 0 -1.31485
3050 0.178444 0 -1.24802
3100 0.241168 0 -1.45676
3150 0.195641 0 -1.45968
3200 0.30246 0 -1.2691
3250 0.204047 0 -1.31181
3300 0.0871496 0 -1.22382
3350 0.102952 0 -1.34767
3400 0.143845 0 -1.41961
3450 0.040838 0 -1.41148
3500 0.0257573 0 -1.49446
3550 0.00765102 0 -1.53908
3600 0.366791 0 -1.54226
3650 0.220489 0 -1.37385
3700 0.268562 0 -1.28354
3750 0.204845 0 -1.20751
3800 0.190023 0 -1.21164
3850 0.218633 0 -1.11685
3900 0.271702 0 -1.24739
3950 0.216915 0 -1.26331
4000 0.165927 0 -1.34277
4050 0.21574 0 -1.33219
4100 0.0855683 0 -1.37582
4150 0.0680347 0 -1.41198
4200 -0.000589038 0 -1.43077
4250 0.126212 0 -1.39994
4300 0.067001 0 -1.31093
4350 0.0520629 0 -1.40371
4400 -0.0543664 0 -1.24301
4450 -0.164185 0 -1.3355
4500 -0.280827 0 -1.18395
4550 -0.185001 0 -1.20922
4600 0.0238569 0 -1.26175
4650 0.0768635 0 -1.35714
4700 0.147675 0 -1.25161
4750 0.174323 0 -1.2766
4800 0.243363 0 -1.28022
4850 0.351981 0 -1.36301
4900 -0.0265863 0 -1.31835
4950 0.0819209 0 -1.43719
5000 0.0100925 0 -1.24364
5050 0.0607241 0 -1.17577
5100 0.0323386 0 -1.19273
5150 0.0764479 0 -1.26371
5200 0.0905855 0 -1.31141
5250 0.113668 0 -1.33999
5300 0.195596 0 -1.32914
5350 0.282362 0 -1.41723
5400 0.227589 0 -1.42286
5450 0.162915 0 -1.36257
5500 0.20222 0 -1.33928
5550 0.174757 0 -1.38767
5600 0.198619 0 -1.40805
5650 0.154142 0 -1.34359
5700 0.227355 0 -1.27799
5750 0.0027884 0 -1.31222
5800 0.117738 0 -1.35726
5850 0.147926 0 -1.35127
5900 0.169324 0 -1.35238
5950 0.0717734 0 -1.34238
6000 0.152447 0 -1.41845
6050 0.0982995 0 -1.43304
6100 0.183051 0 -1.32983
6150 0.0547416 0 -1.27156
6200 0.138507 0 -1.35997
6250 0.0727841 0 -1.33479
6300 0.251615 0 -1.25005
6350 0.101518 0 -1.2412
6400 0.279632 0 -1.26399
6450 0.0376475 0 -1.12125
6500 0.166808 0 -1.20286
6550 0.0235537 0 -1.1753
6600 -0.0694599 0 -1.1548
6650 -0.151819 0 -1.16769
6700 -0.166438 0 -1.29206
6750 -0.017552 0 -1.15241
6800 -0.0840527 0 -1.23338
6850 0.0576863 0 -1.26201
6900 0.179621 0 -1.38805
6950 0.222956 0 -1.27989
7000 0.0645888 0 -1.34477
7050 0.0805168 0 -1.21393
7100 0.264396 0 -1.20433
7150 0.174584 0 -1.17281
7200 0.142073 0 -1.20747
7250 0.113787 0 -1.11828
7300 0.149401 0 -0.957806
7350 0.204766 0 -0.895792
7400 0.0934392 0 -0.728708
7450 0.0772818 0 -0.660194
7500 -0.0880061 0 -0.578209
7550 -0.0487242 0 -0.497407
7600 -0.106408 0 -0.352896
7650 -0.0391991 0 -0.246562
7700 -0.0528709 0 -0.236794
7750 0.0373027 0 -0.257372
7800 0.156535 0 -0.285106
7850 0.10844 0 -0.265016
7900 -0.0526533 0 -0.180904
7950 -0.0594967 0 -0.319764
8000 -0.0160163 0 -0.353211
8050 0.0298689 0 -0.354054
8100 0.129411 0 -0.292495
8150 0.116828 0 -0.368212
8200 0.0130126 0 -0.480036
8250 -0.120508 0 -0.581229
8300 -0.00944876 0 -0.750848
8350 0.0105037 0 -0.804454
8400 0.0855707 0 -0.937636
8450 0.0619538 0 -1.06615
8500 0.152133 0 -1.2463
8550 0.161691 0 -1.4114
8600 0.190745 0 -1.28973
8650 0.0362233 0 -1.24827
8700 0.158394 0 -1.30072
8750 0.230559 0 -1.20422
8800 0.268036 0 -1.11596
8850 0.133519 0 -1.03558
8900 0.0102144 0 -1.12416
8950 -0.0812851 0 -1.1568
9000 0.0711243 0 -1.14034
9050 -0.0909443 0 -1.03008
9100 0.0183486 0 -1.14398
9150 -0.0187468 0 -1.19664
9200 0.219116 0 -1.0247
9250 0.183023 0 -0.846864
9300 0.238639 0 -0.822826
9350 0.152372 0 -0.840308
9400 0.132204 0 -1.0252
9450 0.115028 0 -1.01874
9500 0.114379 0 -0.96237
9550 0.076541 0 -0.862027
9600 0.231368 0 -0.619687
9650 0.350109 0 -0.426197
9700 0.575858 0 -0.500871
9750 0.611851 0 -0.399939
9800 0.531518 0 -0.365037
9850 0.409763 0 -0.286311
9900 0.310529 0 -0.355995
9950 0.480563 0 -0.424029
10000 0.389305 0 -0.386847
10050 0.342616 0 -0.401286
10100 0.280151 0 -0.346935
10150 0.253457 0 -0.444077
10200 0.237978 0 -0.418592
10250 0.231184 0 -0.342313
10300 0.334398 0 -0.401147
10350 0.204034 0 -0.414882
10400 0.28016 0 -0.56919
10450 0.275408 0 -0.566938
10500 0.261023 0 -0.62862
10550 0.114951 0 -0.588629
10600 0.235777 0 -0.593343
10650 0.128134 0 -0.586073
10700 0.0891487 0 -0.620399
10750 0.163199 0 -0.657582
10800 0.195497 0 -0.819054
10850 0.277645 0 -0.87197
10900 0.186994 0 -0.990392
10950 0.277756 0 -1.06322
11000 0.134088 0 -0.985818
11050 0.138945 0 -1.0506
11100 -0.0320487 0 -0.979933
11150 -0.0145725 0 -0.958034
11200 0.103333 0 -0.891427
11250 0.0851362 0 -0.93393
11300 0.201159 0 -1.01617
11350 0.130513 0 -0.9665
11400 0.0964644 0 -0.911331
11450 0.0708642 0 -0.89507
11500 0.0370191 0 -0.993127
11550 -0.0157876 0 -0.959589
11600 0.0367188 0 -0.86125
11650 0.0720582 0 -0.673829
11700 0.0776772 0 -0.63349
11750 0.106163 0 -0.534608
11800 0.0160376 0 -0.42516
11850 0.0110246 0 -0.504939
11900 0.112263 0 -0.493063
11950 0.187241 0 -0.657929
12000 0.186314 0 -0.830198
12050 0.249454 0 -0.992166
12100 0.330446 0 -1.23343
12150 0.412181 0 -1.28356
12200 0.362594 0 -1.32608
12250 0.285299 0 -1.33203
12300 0.214766 0 -1.42991
12350 0.420572 0 -1.40622
12400 0.316706 0 -1.34319
12450 0.037917 0 -1.34827
12500 0.16413 0 -1.24886
12550 0.211072 0 -1.2916
12600 0.317911 0 -1.28482
12650 0.359408 0 -1.23621
12700 0.236193 0 -1.29436
12750 0.199648 0 -1.19792
12800 0.282155 0 -1.2207
12850 0.27868 0 -1.12329
12900 0.270826 0 -1.19997
12950 0.219219 0 -1.21572
13000 0.160446 0 -1.20199
13050 0.206302 0 -1.21032
13100 0.126119 0 -1.21586
13150 0.0689706 0 -1.32763
13200 0.121567 0 -1.28512
13250 0.343511 0 -1.37289
13300 0.313057 0 -1.27675
13350 0.271487 0 -1.33724
13400 0.20922 0 -1.27601
13450 0.150203 0 -1.27507
13500 0.171617 0 -1.32621
13550 0.236687 0 -1.29034
13600 0.22895 0 -1.36091
13650 0.161323 0 -1.32994
13700 0.280297 0 -1.35065
13750 0.179431 0 -1.4467
13800 0.100516 0 -1.46323
13850 0.277744 0 -1.52497
13900 0.11107 0 -1.38615
13950 0.207199 0 -1.27254
14000 0.21533 0 -1.32117
14050 0.363651 0 -1.40449
14100 0.320689 0 -1.36622
14150 0.2623 0 -1.23814
14200 0.181289 0 -1.25131
14250 0.102477 0 -1.32043
14300 0.223864 0 -1.38258
14350 0.101831 0 -1.18686
14400 0.223837 0 -1.32668
14450 0.0246767 0 -1.27364
14500 -0.0303483 0 -1.24661
14550 0.0457301 0 -1.25702
14600 0.0043787 0 -1.23525
14650 0.120022 0 -1.21083
14700 0.0307818 0 -1.32924
14750 0.0290573 0 -1.36848
14800 0.0328839 0 -1.31893
14850 0.143891 0 -1.27315
14900 0.137895 0 -1.21713
14950 0.174546 0 -1.19541
15000 0.0169335 0 -1.16491
15050 0.121863 0 -1.27048
15100 -0.0734512 0 -1.2544
15150 0.00537087 0 -1.20332
15200 -0.0840351 0 -1.27316
15250 -0.0815787 0 -1.38972
15300 0.288636 0 -1.37672
15350 0.256568 0 -1.2371
15400 0.176795 0 -1.24598
15450 -0.0865612 0 -1.03864
15500 -0.129817 0 -1.18286
15550 -0.0600126 0 -1.1935
15600 0.113667 0 -1.18697
15650 0.140598 0 -1.19975
15700 0.0988689 0 -1.23393
15750 0.221115 0 -1.17493
15800 0.0376114 0 -1.24724
15850 0.160696 0 -1.29455
15900 0.111472 0 -1.2745
15950 0.080288 0 -1.27627
16000 0.123958 0 -1.20139
16050 -0.0311286 0 -1.25269
16100 0.032221 0 -1.21376
16150 -0.00249657 0 -1.08441
16200 0.0872896 0 -1.12828
16250 0.0473596 0 -1.07954
16300 0.0120738 0 -1.13374
16350 -0.0834394 0 -1.17752
16400 -0.0999608 0 -1.15408
16450 -0.0423905 0 -1.16544
16500 -0.106575 0 -1.11342
16550 0.0392582 0 -1.22716
16600 0.0456905 0 -1.16191
16650 -0.0406728 0 -1.12807
16700 0.129725 0 -1.17794
16750 0.0285187 0 -1.21766
16800 -0.0160857 0 -1.2675
16850 0.0139929 0 -1.21807
16900 0.0542121 0 -1.26037
16950 0.134219 0 -1.09112
17000 0.0920556 0 -1.04576
17050 0.14471 0 -1.10896
17100 0.20937 0 -1.08708
17150 0.256782 0 -1.03212
17200 0.180112 0 -1.03528
17250 0.145553 0 -1.22697
17300 0.0640811 0 -1.23086
17350 0.0519281 0 -1.16832
17400 0.100305 0 -1.08625
17450 0.102189 0 -0.959405
17500 0.0044936 0 -1.03359
17550 -0.0950795 0 -0.960542
17600 -0.0591842 0 -0.997363
17650 -0.12514 0 -1.10921
17700 -0.0701973 0 -1.10205
17750 -0.258852 0 -1.15996
17800 -0.157264 0 -1.1188
17850 -0.020065 0 -0.834143
17900 -0.0455406 0 -0.876967
17950 0.0405622 0 -0.728992
18000 -0.0120839 0 -0.76683
18050 0.0821621 0 -0.703168
18100 0.114218 0 -0.757512
18150 0.174372 0 -0.755397
18200 0.205346 0 -0.80198
18250 0.18939 0 -0.823493
18300 0.181551 0 -0.761761
18350 0.253614 0 -0.750881
18400 0.219584 0 -0.81003
18450 0.172857 0 -0.912709
18500 0.0296862 0 -0.982445
18550 0.0433136 0 -1.10681
18600 0.219195 0 -1.13896
18650 0.22653 0 -1.0944
18700 0.222088 0 -1.16899
18750 0.295974 0 -1.14021
18800 0.250873 0 -1.23564
18850 0.179255 0 -1.26981
18900 0.15867 0 -1.29376
18950 0.0993954 0 -1.33049
19000 0.198531 0 -1.11539
19050 0.283489 0 -1.09866
19100 0.152512 0 -1.0792
19150 0.070729 0 -1.11571
19200 0.0655363 0 -1.28891
19250 -0.0185893 0 -1.10417
19300 0.230666 0 -1.04323
19350 0.22839 0 -0.918817
19400 0.484696 0 -0.935643
19450 0.301677 0 -0.955124
19500 0.203241 0 -0.968912
19550 0.142146 0 -0.965553
19600 0.119375 0 -1.07929
19650 0.230146 0 -1.12554
19700 0.0651884 0 -1.19795
19750 0.196903 0 -1.20632
19800 0.100736 0 -1.1094
19850 -0.0167542 0 -1.21598
19900 0.0599209 0 -1.2504
19950 -0.0380937 0 -1.42757
20000 0.210785 0 -1.39093
20050 0.244243 0 -1.34892
20100 0.163201 0 -1.27245
20150 0.128608 0 -1.19506
20200 0.194519 0 -1.21731
20250 0.229252 0 -1.11201
20300 0.174954 0 -1.23914
20350 0.189809 0 -1.08827
20400 0.335304 0 -0.940961
20450 0.237422 0 -0.862067
20500 0.225558 0 -0.905638
20550 -0.0994755 0 -1.12324
20600 -0.324514 0 -1.09203
20650 -0.275056 0 -1.14898
20700 -0.138873 0 -1.0761
20750 0.0758857 0 -1.05518
20800 0.296874 0 -0.982809
20850 0.228407 0 -0.912818
20900 0.36844 0 -0.958629
20950 0.42471 0 -0.903295
21000 0.501759 0 -0.939662
21050 0.397135 0 -0.98216
21100 0.333343 0 -1.01873
21150 0.42799 0 -0.976234
21200 0.33257 0 -0.983417
21250 0.339075 0 -1.01761
21300 0.224644 0 -1.0516
21350 0.272667 0 -1.01125
21400 0.275372 0 -0.967521
21450 0.234244 0 -1.01588
21500 0.190196 0 -1.01907
21550 0.243152 0 -1.05793
21600 0.165654 0 -1.07133
21650 0.273228 0 -1.16417
21700 0.307416 0 -1.11921
21750 0.211605 0 -1.20894
21800 0.332788 0 -1.17652
21850 0.275726 0 -1.12205
21900 0.183242 0 -1.20359
21950 0.136294 0 -1.10165
22000 0.320397 0 -1.19705
22050 0.249007 0 -1.17137
22100 0.197418 0 -1.1383
22150 0.165379 0 -1.23875
22200 0.124148 0 -1.16736
22250 0.285009 0 -1.12889
22300 0.206037 0 -1.20323
22350 0.337278 0 -1.20903
22400 0.242567 0 -1.0702
22450 0.296786 0 -1.03386
22500 0.3018 0 -1.08552
22550 0.228719 0 -1.15147
22600 0.0194611 0 -1.21398
22650 -0.195065 0 -1.18592
22700 -0.0705119 0 -1.20198
22750 0.00679494 0 -1.32868
22800 0.192048 0 -1.35972
22850 0.173942 0 -1.23287
22900 0.210819 0 -1.19731
22950 0.336225 0 -1.19365
23000 0.219111 0 -1.20971
23050 0.207582 0 -1.29573
23100 0.146016 0 -1.24942
23150 0.218766 0 -1.12681
23200 0.21952 0 -1.04362
23250 0.147616 0 -1.06446
23300 0.137752 0 -1.09449
23350 0.284161 0 -1.03949
23400 0.16772 0 -1.0781
23450 -0.0116956 0 -1.17408
23500 0.0476825 0 -1.23882
23550 0.146287 0 -1.23613
23600 0.123115 0 -1.30177
23650 0.244262 0 -1.3674
23700 0.117797 0 -1.36606
23750 -0.0112757 0 -1.26773
23800 -0.0996857 0 -1.19929
23850 -0.0339538 0 -1.07959
23900 0.0277751 0 -1.2513
23950 0.0677205 0 -1.42006
24000 0.0216058 0 -1.48636
24050 0.226023 0 -1.45248
24100 0.308352 0 -1.3378
24150 0.0356598 0 -1.27189
24200 -0.0415053 0 -1.22889
24250 -0.033946 0 -1.2155
24300 -0.0680925 0 -1.32837
24350 -0.112734 0 -1.32538
24400 -0.0830671 0 -1.54351
24450 0.13544 0 -1.68182
24500 0.158881 0 -1.45674
24550 0.0982131 0 -1.33363
24600 0.047749 0 -1.40058
24650 0.244125 0 -1.38146
24700 0.308991 0 -1.44885
24750 0.232978 0 -1.41081
24800 0.155792 0 -1.37262
24850 0.067116 0 -1.3672
24900 0.113644 0 -1.44818
24950 0.18064 0 -1.29704
25000 0.0884797 0 -1.35091
25050 0.164333 0 -1.4704
25100 0.180091 0 -1.6063
25150 0.122263 0 -1.458
25200 0.119026 0 -1.30663
25250 0.011409 0 -1.14987
25300 -0.112283 0 -1.28389
25350 -0.134617 0 -1.27992
25400 -0.191974 0 -1.3303
25450 -0.0246471 0 -1.18689
25500 0.0437983 0 -1.53536
25550 0.282963 0 -1.44443
25600 0.368919 0 -1.43422
25650 0.33173 0 -1.33803
25700 0.150554 0 -1.41657
25750 0.12066 0 -1.52021
25800 0.173504 0 -1.42898
25850 0.131286 0 -1.40401
25900 0.0736154 0 -1.39095
25950 -0.0558663 0 -1.43052
26000 -0.0565845 0 -1.408
26050 0.025596 0 -1.42525
26100 -0.0304203 0 -1.42939
26150 -0.0698367 0 -1.29034
26200 -0.122765 0 -1.12834
26250 0.0635463 0 -1.03083
26300 -0.0498001 0 -0.925112
26350 0.159703 0 -0.786903
26400 0.0384704 0 -0.556196
26450 0.180668 0 -0.330457
26500 0.224698 0 -0.153193
26550 0.220179 0 -0.217333
26600 0.00287799 0 -0.134296
26650 -0.169466 0 -0.142481
26700 -0.142407 0 -0.233349
26750 -0.149481 0 -0.209552
