200 0.0109831 0 -0.146963
250 0.00701125 0 -0.153586
300 0.0040065 0 -0.155654
350 -0.0094105 0 -0.114852
400 -0.00443642 0 -0.16702
450 -0.0386019 0 -0.243231
500 -0.0132277 0 -0.29817
550 0.036023 0 -0.367658
600 0.0945842 0 -0.621692
650 0.139068 0 -0.847256
700 0.213963 0 -1.01905
750 0.187525 0 -1.27044
800 0.107419 0 -1.67432
850 0.34123 0 -1.61407
900 0.26052 0 -1.57773
950 0.171618 0 -1.32529
1000 0.0635694 0 -1.31581
1050 0.00613965 0 -1.22835
1100 0.0809744 0 -1.14997
1150 0.0363693 0 -1.08496
1200 0.0409343 0 -1.2512
1250 0.00376336 0 -1.36231
1300 0.0443377 0 -1.42966
1350 0.171978 0 -1.40761
1400 0.157525 0 -1.28847
1450 0.170947 0 -1.27215
1500 0.140767 0 -1.26234
1550 0.0799997 0 -1.30815
1600 -0.0612769 0 -1.26114
1650 0.023816 0 -1.36974
1700 0.0900259 0 -1.30383
1750 0.148186 0 -1.31273
1800 0.0715078 0 -1.1968
1850 0.115303 0 -1.31842
1900 -0.00657626 0 -1.26912
1950 0.0433605 0 -1.41614
2000 0.129586 0 -1.43252
2050 0.0638677 0 -1.31978
2100 -0.0564577 0 -1.22504
2150 -0.0890955 0 -1.14324
2200 -0.245509 0 -1.43139
2250 -0.390234 0 -1.43482
2300 -0.280703 0 -1.45859
2350 -0.198292 0 -1.40814
2400 0.096644 0 -1.45016
2450 0.0529108 0 -1.47307
2500 -0.0318095 0 -1.41799
2550 0.0837226 0 -1.50474
2600 0.127884 0 -1.39328
2650 0.03525 0 -1.31444
2700 0.0184882 0 -1.38148
2750 0.0524275 0 -1.52128
2800 0.231913 0 -1.4855
2850 0.198 0 -1.3809
2900 0.229175 0 -1.30729
2950 0.193623 0 -1.37241
3000 0.29757 0 -1.31485
3050 0.178444 0 -1.24802
3100 0.241168 0 -1.45676
3150 0.195641 0 -1.45968
3200 0.30277 0 -1.27792
3250 0.201915 0 -1.31893
3300 0.0878207 0 -1.22136
3350 0.102442 0 -1.34838
3400 0.143845 0 -1.41961
3450 0.040838 0 -1.41148
3500 0.0257573 0 -1.49446
3550 0.00765102 0 -1.53908
3600 0.363334 0 -1.54638
3650 0.216838 0 -1.37844
3700 0.268266 0 -1.28315
3750 0.204904 0 -1.20789
3800 0.190023 0 -1.21164
3850 0.218633 0 -1.11685
3900 0.271702 0 -1.24739
3950 0.216915 0 -1.26331
4000 0.165927 0 -1.34277
4050 0.21574 0 -1.33219
4100 0.0855683 0 -1.37582
4150 0.0680347 0 -1.41198
4200 -0.000589038 0 -1.43077
4250 0.126212 0 -1.39994
4300 0.067001 0 -1.31093
4350 0.0520629 0 -1.40371
4400 -0.0314676 0 -1.26075
4450 -0.155321 0 -1.35181
4500 -0.271805 0 -1.1947
4550 -0.187703 0 -1.20796
4600 0.0238569 0 -1.26175
4650 0.0768635 0 -1.35714
4700 0.147675 0 -1.25161
4750 0.174323 0 -1.2766
4800 0.24756 0 -1.28466
4850 0.350755 0 -1.36546
4900 -0.0261002 0 -1.3183
4950 0.0819865 0 -1.43715
5000 0.0100925 0 -1.24364
5050 0.0607241 0 -1.17577
5100 0.0323386 0 -1.19273
5150 0.0764479 0 -1.26371
5200 0.104502 0 -1.32519
5250 0.123284 0 -1.35136
5300 0.20366 0 -1.32847
5350 0.284129 0 -1.4199
5400 0.227589 0 -1.42286
5450 0.162915 0 -1.36257
5500 0.20222 0 -1.33928
5550 0.174757 0 -1.38767
5600 0.207143 0 -1.4148
5650 0.153129 0 -1.34877
5700 0.233527 0 -1.27648
5750 0.00528346 0 -1.31354
5800 0.117738 0 -1.35726
5850 0.147926 0 -1.35127
5900 0.169324 0 -1.35238
5950 0.0717734 0 -1.34238
6000 0.152447 0 -1.41845
6050 0.0982995 0 -1.43304
6100 0.183051 0 -1.32983
6150 0.0547416 0 -1.27156
6200 0.138507 0 -1.35997
6250 0.0727841 0 -1.33479
6300 0.251615 0 -1.25005
6350 0.101518 0 -1.2412
6400 0.288622 0 -1.26439
6450 0.0438655 0 -1.12124
6500 0.172884 0 -1.20274
6550 0.0259452 0 -1.17496
6600 -0.0694599 0 -1.1548
6650 -0.151819 0 -1.16769
6700 -0.166438 0 -1.29206
6750 -0.017552 0 -1.15241
6800 -0.0827913 0 -1.24904
6850 0.0648229 0 -1.2704
6900 0.178119 0 -1.39004
6950 0.223423 0 -1.27854
7000 0.0645888 0 -1.34477
7050 0.0805168 0 -1.21393
7100 0.264396 0 -1.20433
7150 0.174584 0 -1.17281
7200 0.138476 0 -1.20916
7250 0.113652 0 -1.1197
7300 0.149633 0 -0.957868
7350 0.205653 0 -0.894988
7400 0.0934392 0 -0.728708
7450 0.0772818 0 -0.660194
7500 -0.0880061 0 -0.578209
7550 -0.0487242 0 -0.497407
7600 -0.118904 0 -0.344703
7650 -0.0481924 0 -0.245461
7700 -0.0555569 0 -0.235272
7750 0.0377448 0 -0.257172
7800 0.156535 0 -0.285106
7850 0.10844 0 -0.265016
7900 -0.0526533 0 -0.180904
7950 -0.0594967 0 -0.319764
8000 -0.0160163 0 -0.353211
8050 0.0298689 0 -0.354054
8100 0.129411 0 -0.292495
8150 0.116828 0 -0.368212
8200 0.0130126 0 -0.480036
8250 -0.120508 0 -0.581229
8300 -0.00944876 0 -0.750848
8350 0.0105037 0 -0.804454
8400 0.0805957 0 -0.949147
8450 0.0578372 0 -1.07148
8500 0.146457 0 -1.24585
8550 0.158117 0 -1.41512
8600 0.190745 0 -1.28973
8650 0.0362233 0 -1.24827
8700 0.158394 0 -1.30072
8750 0.230559 0 -1.20422
8800 0.264158 0 -1.11143
8850 0.130662 0 -1.03181
8900 0.0100065 0 -1.1257
8950 -0.0804995 0 -1.15664
9000 0.0711243 0 -1.14034
9050 -0.0909443 0 -1.03008
9100 0.0183486 0 -1.14398
9150 -0.0187468 0 -1.19664
9200 0.22066 0 -1.03264
9250 0.182553 0 -0.853516
9300 0.235538 0 -0.82263
9350 0.151061 0 -0.842279
9400 0.132204 0 -1.0252
9450 0.115028 0 -1.01874
9500 0.114379 0 -0.96237
9550 0.076541 0 -0.862027
9600 0.218663 0 -0.62379
9650 0.339154 0 -0.437547
9700 0.572811 0 -0.501392
9750 0.610793 0 -0.400687
9800 0.531518 0 -0.365037
9850 0.409763 0 -0.286311
9900 0.310529 0 -0.355995
9950 0.480563 0 -0.424029
10000 0.389305 0 -0.386847
10050 0.342616 0 -0.401286
10100 0.280151 0 -0.346935
10150 0.253457 0 -0.444077
10200 0.237978 0 -0.418592
10250 0.231184 0 -0.342313
10300 0.334398 0 -0.401147
10350 0.204034 0 -0.414882
10400 0.287043 0 -0.572686
10450 0.281884 0 -0.567533
10500 0.263205 0 -0.628272
10550 0.115464 0 -0.588591
10600 0.235777 0 -0.593343
10650 0.128134 0 -0.586073
10700 0.0891487 0 -0.620399
10750 0.163199 0 -0.657582
10800 0.198822 0 -0.816373
10850 0.279303 0 -0.874776
10900 0.188102 0 -0.991008
10950 0.277357 0 -1.06376
11000 0.134088 0 -0.985818
11050 0.138945 0 -1.0506
11100 -0.0320487 0 -0.979933
11150 -0.0145725 0 -0.958034
11200 0.101096 0 -0.887949
11250 0.0858575 0 -0.932604
11300 0.201833 0 -1.01865
11350 0.131143 0 -0.96651
11400 0.0964644 0 -0.911331
11450 0.0708642 0 -0.89507
11500 0.0370191 0 -0.993127
11550 -0.0157876 0 -0.959589
11600 0.0314128 0 -0.860128
11650 0.0690702 0 -0.673876
11700 0.078797 0 -0.63493
11750 0.107211 0 -0.536182
11800 0.0160376 0 -0.42516
11850 0.0110246 0 -0.504939
11900 0.112263 0 -0.493063
11950 0.187241 0 -0.657929
12000 0.186314 0 -0.830198
12050 0.249454 0 -0.992166
12100 0.330446 0 -1.23343
12150 0.412181 0 -1.28356
12200 0.362594 0 -1.32608
12250 0.285299 0 -1.33203
12300 0.214766 0 -1.42991
12350 0.420572 0 -1.40622
12400 0.302713 0 -1.35626
12450 0.0359263 0 -1.3524
12500 0.165725 0 -1.25069
12550 0.210029 0 -1.29289
12600 0.317911 0 -1.28482
12650 0.359408 0 -1.23621
12700 0.236193 0 -1.29436
12750 0.199648 0 -1.19792
12800 0.269003 0 -1.21645
12850 0.270341 0 -1.12487
12900 0.271013 0 -1.20176
12950 0.219413 0 -1.21626
13000 0.160446 0 -1.20199
13050 0.206302 0 -1.21032
13100 0.126119 0 -1.21586
13150 0.0689706 0 -1.32763
13200 0.118821 0 -1.29084
13250 0.352412 0 -1.37398
13300 0.321235 0 -1.2775
13350 0.271779 0 -1.33969
13400 0.20922 0 -1.27601
13450 0.150203 0 -1.27507
13500 0.171617 0 -1.32621
13550 0.236687 0 -1.29034
13600 0.234022 0 -1.36253
13650 0.163817 0 -1.33085
13700 0.281369 0 -1.35107
13750 0.180203 0 -1.44607
13800 0.100516 0 -1.46323
13850 0.277744 0 -1.52497
13900 0.11107 0 -1.38615
13950 0.207199 0 -1.27254
14000 0.21533 0 -1.32117
14050 0.363651 0 -1.40449
14100 0.320689 0 -1.36622
14150 0.2623 0 -1.23814
14200 0.181289 0 -1.25131
14250 0.102477 0 -1.32043
14300 0.223864 0 -1.38258
14350 0.101831 0 -1.18686
14400 0.238367 0 -1.32305
14450 0.028076 0 -1.27437
14500 -0.0311774 0 -1.24527
14550 0.0440935 0 -1.25701
14600 0.0043787 0 -1.23525
14650 0.120022 0 -1.21083
14700 0.0307818 0 -1.32924
14750 0.0290573 0 -1.36848
14800 0.0408203 0 -1.32274
14850 0.148182 0 -1.27148
14900 0.14102 0 -1.21833
14950 0.174148 0 -1.19605
15000 0.0169335 0 -1.16491
15050 0.121863 0 -1.27048
15100 -0.0734512 0 -1.2544
15150 0.00537087 0 -1.20332
15200 -0.0786524 0 -1.28209
15250 -0.0787477 0 -1.3954
15300 0.295758 0 -1.3716
15350 0.258587 0 -1.23729
15400 0.176795 0 -1.24598
15450 -0.0865612 0 -1.03864
15500 -0.129817 0 -1.18286
15550 -0.0600126 0 -1.1935
15600 0.10713 0 -1.18192
15650 0.135822 0 -1.19784
15700 0.0946817 0 -1.23445
15750 0.220648 0 -1.17466
15800 0.0376114 0 -1.24724
15850 0.160696 0 -1.29455
15900 0.111472 0 -1.2745
15950 0.080288 0 -1.27627
16000 0.123958 0 -1.20139
16050 -0.0311286 0 -1.25269
16100 0.032221 0 -1.21376
16150 -0.00249657 0 -1.08441
16200 0.0872896 0 -1.12828
16250 0.0473596 0 -1.07954
16300 0.0120738 0 -1.13374
16350 -0.0834394 0 -1.17752
16400 -0.0830404 0 -1.1653
16450 -0.0244566 0 -1.1712
16500 -0.099983 0 -1.12101
16550 0.0389914 0 -1.22613
16600 0.0456905 0 -1.16191
16650 -0.0406728 0 -1.12807
16700 0.129725 0 -1.17794
16750 0.0285187 0 -1.21766
16800 -0.00897941 0 -1.27415
16850 0.0137098 0 -1.22289
16900 0.0573243 0 -1.25791
16950 0.13709 0 -1.0889
17000 0.0920556 0 -1.04576
17050 0.14471 0 -1.10896
17100 0.20937 0 -1.08708
17150 0.256782 0 -1.03212
17200 0.18753 0 -1.03539
17250 0.145333 0 -1.22653
17300 0.0652022 0 -1.23065
17350 0.0529339 0 -1.16846
17400 0.100305 0 -1.08625
17450 0.102189 0 -0.959405
17500 0.0044936 0 -1.03359
17550 -0.0950795 0 -0.960542
17600 -0.0562387 0 -1.00348
17650 -0.124063 0 -1.11456
17700 -0.0708738 0 -1.10436
17750 -0.259105 0 -1.15968
17800 -0.157264 0 -1.1188
17850 -0.020065 0 -0.834143
17900 -0.0455406 0 -0.876967
17950 0.0405622 0 -0.728992
18000 -0.0120839 0 -0.76683
18050 0.0821621 0 -0.703168
18100 0.114218 0 -0.757512
18150 0.174372 0 -0.755397
18200 0.205346 0 -0.80198
18250 0.18939 0 -0.823493
18300 0.181551 0 -0.761761
18350 0.253614 0 -0.750881
18400 0.198423 0 -0.821669
18450 0.167005 0 -0.902602
18500 0.0240785 0 -0.983104
18550 0.0396431 0 -1.1085
18600 0.219195 0 -1.13896
18650 0.22653 0 -1.0944
18700 0.222088 0 -1.16899
18750 0.295974 0 -1.14021
18800 0.253551 0 -1.22953
18850 0.180295 0 -1.26591
18900 0.159066 0 -1.29214
18950 0.0996348 0 -1.33223
19000 0.198531 0 -1.11539
19050 0.283489 0 -1.09866
19100 0.152512 0 -1.0792
19150 0.070729 0 -1.11571
19200 0.060977 0 -1.29286
19250 -0.022692 0 -1.1099
19300 0.237406 0 -1.03416
19350 0.228724 0 -0.920092
19400 0.484696 0 -0.935643
19450 0.301677 0 -0.955124
19500 0.203241 0 -0.968912
19550 0.142146 0 -0.965553
19600 0.107514 0 -1.08225
19650 0.220025 0 -1.12525
19700 0.0559342 0 -1.20246
19750 0.198702 0 -1.20369
19800 0.100736 0 -1.1094
19850 -0.0167542 0 -1.21598
19900 0.0599209 0 -1.2504
19950 -0.0380937 0 -1.42757
20000 0.210785 0 -1.39093
20050 0.244243 0 -1.34892
20100 0.163201 0 -1.27245
20150 0.128608 0 -1.19506
20200 0.194519 0 -1.21731
20250 0.229252 0 -1.11201
20300 0.174954 0 -1.23914
20350 0.189809 0 -1.08827
20400 0.339038 0 -0.93446
20450 0.238652 0 -0.85929
20500 0.226977 0 -0.903902
20550 -0.0996877 0 -1.12346
20600 -0.324514 0 -1.09203
20650 -0.275056 0 -1.14898
20700 -0.138873 0 -1.0761
20750 0.0758857 0 -1.05518
20800 0.319033 0 -0.973219
20850 0.241661 0 -0.909358
20900 0.372025 0 -0.966343
20950 0.430165 0 -0.900982
21000 0.501759 0 -0.939662
21050 0.397135 0 -0.98216
21100 0.333343 0 -1.01873
21150 0.42799 0 -0.976234
21200 0.318066 0 -0.988087
21250 0.331105 0 -1.01092
21300 0.217374 0 -1.05394
21350 0.273505 0 -1.01276
21400 0.275372 0 -0.967521
21450 0.234244 0 -1.01588
21500 0.190196 0 -1.01907
21550 0.243152 0 -1.05793
21600 0.167236 0 -1.07561
21650 0.273036 0 -1.16757
21700 0.308004 0 -1.11983
21750 0.21228 0 -1.21056
21800 0.332788 0 -1.17652
21850 0.275726 0 -1.12205
21900 0.183242 0 -1.20359
21950 0.136294 0 -1.10165
22000 0.320397 0 -1.19705
22050 0.249007 0 -1.17137
22100 0.197418 0 -1.1383
22150 0.165379 0 -1.23875
22200 0.124148 0 -1.16736
22250 0.285009 0 -1.12889
22300 0.206037 0 -1.20323
22350 0.337278 0 -1.20903
22400 0.25876 0 -1.06729
22450 0.307063 0 -1.03128
22500 0.30954 0 -1.08416
22550 0.232448 0 -1.15075
22600 0.0194611 0 -1.21398
22650 -0.195065 0 -1.18592
22700 -0.0705119 0 -1.20198
22750 0.00679494 0 -1.32868
22800 0.187695 0 -1.36741
22850 0.177749 0 -1.22917
22900 0.213486 0 -1.19766
22950 0.336077 0 -1.19408
23000 0.219111 0 -1.20971
23050 0.207582 0 -1.29573
23100 0.146016 0 -1.24942
23150 0.218766 0 -1.12681
23200 0.219838 0 -1.04562
23250 0.150734 0 -1.06543
23300 0.137966 0 -1.0939
23350 0.284619 0 -1.03909
23400 0.16772 0 -1.0781
23450 -0.0116956 0 -1.17408
23500 0.0476825 0 -1.23882
23550 0.146287 0 -1.23613
23600 0.131958 0 -1.30018
23650 0.246173 0 -1.36609
23700 0.116456 0 -1.36592
23750 -0.0104194 0 -1.26735
23800 -0.0996857 0 -1.19929
23850 -0.0339538 0 -1.07959
23900 0.0277751 0 -1.2513
23950 0.0677205 0 -1.42006
24000 0.0216058 0 -1.48636
24050 0.226023 0 -1.45248
24100 0.308352 0 -1.3378
24150 0.0356598 0 -1.27189
24200 -0.0415053 0 -1.22889
24250 -0.033946 0 -1.2155
24300 -0.0680925 0 -1.32837
24350 -0.112734 0 -1.32538
24400 -0.0844269 0 -1.54499
24450 0.137029 0 -1.67987
24500 0.159652 0 -1.45634
24550 0.0978529 0 -1.33427
24600 0.047749 0 -1.40058
24650 0.244125 0 -1.38146
24700 0.308991 0 -1.44885
24750 0.232978 0 -1.41081
24800 0.157813 0 -1.3715
24850 0.0651814 0 -1.3647
24900 0.115679 0 -1.44645
24950 0.180732 0 -1.29874
25000 0.0884797 0 -1.35091
25050 0.164333 0 -1.4704
25100 0.180091 0 -1.6063
25150 0.122263 0 -1.458
25200 0.118725 0 -1.3053
25250 0.0108781 0 -1.14464
25300 -0.111204 0 -1.28088
25350 -0.134035 0 -1.27998
25400 -0.191974 0 -1.3303
25450 -0.0246471 0 -1.18689
25500 0.0437983 0 -1.53536
25550 0.282963 0 -1.44443
25600 0.38486 0 -1.43763
25650 0.335859 0 -1.33067
25700 0.149768 0 -1.4158
25750 0.116954 0 -1.51977
25800 0.173504 0 -1.42898
25850 0.131286 0 -1.40401
25900 0.0736154 0 -1.39095
25950 -0.0558663 0 -1.43052
26000 -0.0565845 0 -1.408
26050 0.025596 0 -1.42525
26100 -0.0304203 0 -1.42939
26150 -0.0698367 0 -1.29034
26200 -0.122765 0 -1.12834
26250 0.0635463 0 -1.03083
26300 -0.0498001 0 -0.925112
26350 0.159703 0 -0.786903
26400 0.0682174 0 -0.567754
26450 0.196994 0 -0.345063
26500 0.22659 0 -0.169193
26550 0.219156 0 -0.225326
26600 0.00287799 0 -0.134296
26650 -0.169466 0 -0.142481
26700 -0.142407 0 -0.233349
26750 -0.149481 0 -0.209552
