200 0.0109831 0 -0.146963
250 0.00701125 0 -0.153586
300 0.0040065 0 -0.155654
350 -0.0094105 0 -0.114852
400 -0.00443642 0 -0.16702
450 -0.0386019 0 -0.243231
500 -0.0132277 0 -0.29817
550 0.036023 0 -0.367658
600 0.0945842 0 -0.621692
650 0.139068 0 -0.847256
700 0.213963 0 -1.01905
750 0.187525 0 -1.27044
800 0.107419 0 -1.67432
850 0.34123 0 -1.61407
900 0.26052 0 -1.57773
950 0.171618 0 -1.32529
1000 0.0635694 0 -1.31581
1050 0.00613965 0 -1.22835
1100 0.0809744 0 -1.14997
1150 0.0363693 0 -1.08496
1200 0.0623288 0 -1.28932
1250 0.0117183 0 -1.37485
1300 0.0447822 0 -1.43681
1350 0.174909 0 -1.40296
1400 0.157525 0 -1.28847
1450 0.170947 0 -1.27215
1500 0.140767 0 -1.26234
1550 0.0799997 0 -1.30815
1600 -0.0378249 0 -1.25738
1650 0.0258669 0 -1.36548
1700 0.0913083 0 -1.29844
1750 0.150154 0 -1.31038
1800 0.0715078 0 -1.1968
1850 0.115303 0 -1.31842
1900 -0.00657626 0 -1.26912
1950 0.0433605 0 -1.41614
2000 0.129586 0 -1.43252
2050 0.0638677 0 -1.31978
2100 -0.0564577 0 -1.22504
2150 -0.0890955 0 -1.14324
2200 -0.245509 0 -1.43139
2250 -0.390234 0 -1.43482
2300 -0.280703 0 -1.45859
2350 -0.198292 0 -1.40814
2400 0.0872133 0 -1.43989
2450 0.0551513 0 -1.46084
2500 -0.0256471 0 -1.41954
2550 0.084898 0 -1.50312
2600 0.127884 0 -1.39328
2650 0.03525 0 -1.31444
2700 0.0184882 0 -1.38148
2750 0.0524275 0 -1.52128
2800 0.251342 0 -1.44404
2850 0.219844 0 -1.35639
2900 0.233544 0 -1.31239
2950 0.201095 0 -1.36929
3000 0.29757 0 -1.31485
3050 0.178444 0 -1.24802
3100 0.241168 0 -1.45676
3150 0.195641 0 -1.45968
3200 0.29954 0 -1.26108
3250 0.205479 0 -1.30372
3300 0.0864304 0 -1.22677
3350 0.103694 0 -1.34687
3400 0.143845 0 -1.41961
3450 0.040838 0 -1.41148
3500 0.0257573 0 -1.49446
3550 0.00765102 0 -1.53908
3600 0.36291 0 -1.53647
3650 0.219885 0 -1.36732
3700 0.269513 0 -1.28513
3750 0.204708 0 -1.20716
3800 0.190023 0 -1.21164
3850 0.218633 0 -1.11685
3900 0.271702 0 -1.24739
3950 0.216915 0 -1.26331
4000 0.165927 0 -1.34277
4050 0.21574 0 -1.33219
4100 0.0855683 0 -1.37582
4150 0.0680347 0 -1.41198
4200 -0.000589038 0 -1.43077
4250 0.126212 0 -1.39994
4300 0.067001 0 -1.31093
4350 0.0520629 0 -1.40371
4400 -0.102751 0 -1.20942
4450 -0.187472 0 -1.30941
4500 -0.29628 0 -1.16542
4550 -0.180725 0 -1.21118
4600 0.0238569 0 -1.26175
4650 0.0768635 0 -1.35714
4700 0.147675 0 -1.25161
4750 0.174323 0 -1.2766
4800 0.218181 0 -1.26861
4850 0.346278 0 -1.35727
4900 -0.0308388 0 -1.31687
4950 0.0821232 0 -1.43673
5000 0.0100925 0 -1.24364
5050 0.0607241 0 -1.17577
5100 0.0323386 0 -1.19273
5150 0.0764479 0 -1.26371
5200 0.0713292 0 -1.29322
5250 0.101022 0 -1.32442
5300 0.185376 0 -1.33001
5350 0.279985 0 -1.41429
5400 0.227589 0 -1.42286
5450 0.162915 0 -1.36257
5500 0.20222 0 -1.33928
5550 0.174757 0 -1.38767
5600 0.190692 0 -1.40085
5650 0.155149 0 -1.33666
5700 0.219582 0 -1.28118
5750 0.000179684 0 -1.31071
5800 0.117738 0 -1.35726
5850 0.147926 0 -1.35127
5900 0.169324 0 -1.35238
5950 0.0717734 0 -1.34238
6000 0.152447 0 -1.41845
6050 0.0982995 0 -1.43304
6100 0.183051 0 -1.32983
6150 0.0547416 0 -1.27156
6200 0.138507 0 -1.35997
6250 0.0727841 0 -1.33479
6300 0.251615 0 -1.25005
6350 0.101518 0 -1.2412
6400 0.271314 0 -1.26318
6450 0.0315468 0 -1.12141
6500 0.161539 0 -1.20219
6550 0.021499 0 -1.17543
6600 -0.0694599 0 -1.1548
6650 -0.151819 0 -1.16769
6700 -0.166438 0 -1.29206
6750 -0.017552 0 -1.15241
6800 -0.080884 0 -1.20215
6850 0.0438852 0 -1.24643
6900 0.178524 0 -1.3843
6950 0.219602 0 -1.28228
7000 0.0645888 0 -1.34477
7050 0.0805168 0 -1.21393
7100 0.264396 0 -1.20433
7150 0.174584 0 -1.17281
7200 0.144822 0 -1.20307
7250 0.113627 0 -1.11797
7300 0.14858 0 -0.957246
7350 0.203799 0 -0.896762
7400 0.0934392 0 -0.728708
7450 0.0772818 0 -0.660194
7500 -0.0880061 0 -0.578209
7550 -0.0487242 0 -0.497407
7600 -0.087677 0 -0.363843
7650 -0.0238889 0 -0.247041
7700 -0.0480799 0 -0.238868
7750 0.0374386 0 -0.257513
7800 0.156535 0 -0.285106
7850 0.10844 0 -0.265016
7900 -0.0526533 0 -0.180904
7950 -0.0594967 0 -0.319764
8000 -0.0160163 0 -0.353211
8050 0.0298689 0 -0.354054
8100 0.129411 0 -0.292495
8150 0.116828 0 -0.368212
8200 0.0130126 0 -0.480036
8250 -0.120508 0 -0.581229
8300 -0.00944876 0 -0.750848
8350 0.0105037 0 -0.804454
8400 0.0850988 0 -0.916399
8450 0.0660104 0 -1.05606
8500 0.159958 0 -1.24855
8550 0.165799 0 -1.4068
8600 0.190745 0 -1.28973
8650 0.0362233 0 -1.24827
8700 0.158394 0 -1.30072
8750 0.230559 0 -1.20422
8800 0.270538 0 -1.12256
8850 0.135821 0 -1.04034
8900 0.0103141 0 -1.12251
8950 -0.0823907 0 -1.15717
9000 0.0711243 0 -1.14034
9050 -0.0909443 0 -1.03008
9100 0.0183486 0 -1.14398
9150 -0.0187468 0 -1.19664
9200 0.210278 0 -1.01657
9250 0.180041 0 -0.837235
9300 0.242118 0 -0.823857
9350 0.153403 0 -0.838252
9400 0.132204 0 -1.0252
9450 0.115028 0 -1.01874
9500 0.114379 0 -0.96237
9550 0.076541 0 -0.862027
9600 0.232824 0 -0.611454
9650 0.353487 0 -0.410735
9700 0.581128 0 -0.500954
9750 0.613383 0 -0.399623
9800 0.531518 0 -0.365037
9850 0.409763 0 -0.286311
9900 0.310529 0 -0.355995
9950 0.480563 0 -0.424029
10000 0.389305 0 -0.386847
10050 0.342616 0 -0.401286
10100 0.280151 0 -0.346935
10150 0.253457 0 -0.444077
10200 0.237978 0 -0.418592
10250 0.231184 0 -0.342313
10300 0.334398 0 -0.401147
10350 0.204034 0 -0.414882
10400 0.270389 0 -0.567458
10450 0.266876 0 -0.567555
10500 0.258375 0 -0.629192
10550 0.114345 0 -0.588682
10600 0.235777 0 -0.593343
10650 0.128134 0 -0.586073
10700 0.0891487 0 -0.620399
10750 0.163199 0 -0.657582
10800 0.183788 0 -0.823514
10850 0.273047 0 -0.866878
10900 0.18318 0 -0.990675
10950 0.278284 0 -1.06237
11000 0.134088 0 -0.985818
11050 0.138945 0 -1.0506
11100 -0.0320487 0 -0.979933
11150 -0.0145725 0 -0.958034
11200 0.101243 0 -0.893092
11250 0.0849012 0 -0.933452
11300 0.200547 0 -1.0148
11350 0.130161 0 -0.966395
11400 0.0964644 0 -0.911331
11450 0.0708642 0 -0.89507
11500 0.0370191 0 -0.993127
11550 -0.0157876 0 -0.959589
11600 0.0427427 0 -0.858919
11650 0.0743272 0 -0.672716
11700 0.0773197 0 -0.630962
11750 0.105293 0 -0.53356
11800 0.0160376 0 -0.42516
11850 0.0110246 0 -0.504939
11900 0.112263 0 -0.493063
11950 0.187241 0 -0.657929
12000 0.186314 0 -0.830198
12050 0.249454 0 -0.992166
12100 0.330446 0 -1.23343
12150 0.412181 0 -1.28356
12200 0.362594 0 -1.32608
12250 0.285299 0 -1.33203
12300 0.214766 0 -1.42991
12350 0.420572 0 -1.40622
12400 0.336018 0 -1.322
12450 0.0417922 0 -1.34112
12500 0.163424 0 -1.24463
12550 0.213218 0 -1.28897
12600 0.317911 0 -1.28482
12650 0.359408 0 -1.23621
12700 0.236193 0 -1.29436
12750 0.199648 0 -1.19792
12800 0.294565 0 -1.22454
12850 0.286111 0 -1.12149
12900 0.270079 0 -1.19783
12950 0.21886 0 -1.21526
13000 0.160446 0 -1.20199
13050 0.206302 0 -1.21032
13100 0.126119 0 -1.21586
13150 0.0689706 0 -1.32763
13200 0.12931 0 -1.27391
13250 0.331738 0 -1.37008
13300 0.302346 0 -1.27517
13350 0.271609 0 -1.33351
13400 0.20922 0 -1.27601
13450 0.150203 0 -1.27507
13500 0.171617 0 -1.32621
13550 0.236687 0 -1.29034
13600 0.223842 0 -1.35833
13650 0.159955 0 -1.3279
13700 0.279507 0 -1.34986
13750 0.178475 0 -1.44747
13800 0.100516 0 -1.46323
13850 0.277744 0 -1.52497
13900 0.11107 0 -1.38615
13950 0.207199 0 -1.27254
14000 0.21533 0 -1.32117
14050 0.363651 0 -1.40449
14100 0.320689 0 -1.36622
14150 0.2623 0 -1.23814
14200 0.181289 0 -1.25131
14250 0.102477 0 -1.32043
14300 0.223864 0 -1.38258
14350 0.101831 0 -1.18686
14400 0.206859 0 -1.32646
14450 0.0196914 0 -1.27102
14500 -0.0284791 0 -1.24746
14550 0.0470397 0 -1.25695
14600 0.0043787 0 -1.23525
14650 0.120022 0 -1.21083
14700 0.0307818 0 -1.32924
14750 0.0290573 0 -1.36848
14800 0.0189294 0 -1.30707
14850 0.135371 0 -1.27422
14900 0.131326 0 -1.21432
14950 0.175655 0 -1.19499
15000 0.0169335 0 -1.16491
15050 0.121863 0 -1.27048
15100 -0.0734512 0 -1.2544
15150 0.00537087 0 -1.20332
15200 -0.0881996 0 -1.25846
15250 -0.0832622 0 -1.38067
15300 0.278227 0 -1.38509
15350 0.254707 0 -1.23591
15400 0.176795 0 -1.24598
15450 -0.0865612 0 -1.03864
15500 -0.129817 0 -1.18286
15550 -0.0600126 0 -1.1935
15600 0.121013 0 -1.19337
15650 0.147868 0 -1.20059
15700 0.104929 0 -1.23327
15750 0.221511 0 -1.17592
15800 0.0376114 0 -1.24724
15850 0.160696 0 -1.29455
15900 0.111472 0 -1.2745
15950 0.080288 0 -1.27627
16000 0.123958 0 -1.20139
16050 -0.0311286 0 -1.25269
16100 0.032221 0 -1.21376
16150 -0.00249657 0 -1.08441
16200 0.0872896 0 -1.12828
16250 0.0473596 0 -1.07954
16300 0.0120738 0 -1.13374
16350 -0.0834394 0 -1.17752
16400 -0.124667 0 -1.14065
16450 -0.0637779 0 -1.15805
16500 -0.114772 0 -1.10397
16550 0.039622 0 -1.22846
16600 0.0456905 0 -1.16191
16650 -0.0406728 0 -1.12807
16700 0.129725 0 -1.17794
16750 0.0285187 0 -1.21766
16800 -0.0261811 0 -1.2585
16850 0.0136263 0 -1.20872
16900 0.0503697 0 -1.26349
16950 0.130783 0 -1.09376
17000 0.0920556 0 -1.04576
17050 0.14471 0 -1.10896
17100 0.20937 0 -1.08708
17150 0.256782 0 -1.03212
17200 0.163111 0 -1.03804
17250 0.146328 0 -1.22641
17300 0.0623793 0 -1.23114
17350 0.0500784 0 -1.1684
17400 0.100305 0 -1.08625
17450 0.102189 0 -0.959405
17500 0.0044936 0 -1.03359
17550 -0.0950795 0 -0.960542
17600 -0.0603338 0 -0.991003
17650 -0.125365 0 -1.10401
17700 -0.0690662 0 -1.09997
17750 -0.258506 0 -1.16029
17800 -0.157264 0 -1.1188
17850 -0.020065 0 -0.834143
17900 -0.0455406 0 -0.876967
17950 0.0405622 0 -0.728992
18000 -0.0120839 0 -0.76683
18050 0.0821621 0 -0.703168
18100 0.114218 0 -0.757512
18150 0.174372 0 -0.755397
18200 0.205346 0 -0.80198
18250 0.18939 0 -0.823493
18300 0.181551 0 -0.761761
18350 0.253614 0 -0.750881
18400 0.249742 0 -0.786348
18450 0.179078 0 -0.930651
18500 0.0380364 0 -0.980654
18550 0.0488052 0 -1.10354
18600 0.219195 0 -1.13896
18650 0.22653 0 -1.0944
18700 0.222088 0 -1.16899
18750 0.295974 0 -1.14021
18800 0.240717 0 -1.24144
18850 0.171477 0 -1.27524
18900 0.158474 0 -1.29408
18950 0.0994647 0 -1.32939
19000 0.198531 0 -1.11539
19050 0.283489 0 -1.09866
19100 0.152512 0 -1.0792
19150 0.070729 0 -1.11571
19200 0.0843343 0 -1.28224
19250 -0.00680706 0 -1.09366
19300 0.22491 0 -1.05374
19350 0.229626 0 -0.916165
19400 0.484696 0 -0.935643
19450 0.301677 0 -0.955124
19500 0.203241 0 -0.968912
19550 0.142146 0 -0.965553
19600 0.132435 0 -1.07472
19650 0.240478 0 -1.12557
19700 0.0750982 0 -1.19232
19750 0.194482 0 -1.20993
19800 0.100736 0 -1.1094
19850 -0.0167542 0 -1.21598
19900 0.0599209 0 -1.2504
19950 -0.0380937 0 -1.42757
20000 0.210785 0 -1.39093
20050 0.244243 0 -1.34892
20100 0.163201 0 -1.27245
20150 0.128608 0 -1.19506
20200 0.194519 0 -1.21731
20250 0.229252 0 -1.11201
20300 0.174954 0 -1.23914
20350 0.189809 0 -1.08827
20400 0.334545 0 -0.948951
20450 0.241491 0 -0.861978
20500 0.223578 0 -0.909191
20550 -0.0991943 0 -1.12298
20600 -0.324514 0 -1.09203
20650 -0.275056 0 -1.14898
20700 -0.138873 0 -1.0761
20750 0.0758857 0 -1.05518
20800 0.279343 0 -0.995502
20850 0.219619 0 -0.913665
20900 0.364372 0 -0.952425
20950 0.419637 0 -0.905444
21000 0.501759 0 -0.939662
21050 0.397135 0 -0.98216
21100 0.333343 0 -1.01873
21150 0.42799 0 -0.976234
21200 0.352282 0 -0.973729
21250 0.348899 0 -1.02652
21300 0.234255 0 -1.04771
21350 0.271551 0 -1.01038
21400 0.275372 0 -0.967521
21450 0.234244 0 -1.01588
21500 0.190196 0 -1.01907
21550 0.243152 0 -1.05793
21600 0.16067 0 -1.0677
21650 0.272471 0 -1.16089
21700 0.306651 0 -1.11873
21750 0.210481 0 -1.2075
21800 0.332788 0 -1.17652
21850 0.275726 0 -1.12205
21900 0.183242 0 -1.20359
21950 0.136294 0 -1.10165
22000 0.320397 0 -1.19705
22050 0.249007 0 -1.17137
22100 0.197418 0 -1.1383
22150 0.165379 0 -1.23875
22200 0.124148 0 -1.16736
22250 0.285009 0 -1.12889
22300 0.206037 0 -1.20323
22350 0.337278 0 -1.20903
22400 0.223698 0 -1.07324
22450 0.286676 0 -1.03707
22500 0.294628 0 -1.08621
22550 0.224992 0 -1.15224
22600 0.0194611 0 -1.21398
22650 -0.195065 0 -1.18592
22700 -0.0705119 0 -1.20198
22750 0.00679494 0 -1.32868
22800 0.207852 0 -1.34333
22850 0.174978 0 -1.23799
22900 0.214617 0 -1.19304
22950 0.33516 0 -1.19514
23000 0.219111 0 -1.20971
23050 0.207582 0 -1.29573
23100 0.146016 0 -1.24942
23150 0.218766 0 -1.12681
23200 0.224314 0 -1.04207
23250 0.144789 0 -1.0633
23300 0.138582 0 -1.09489
23350 0.284215 0 -1.03959
23400 0.16772 0 -1.0781
23450 -0.0116956 0 -1.17408
23500 0.0476825 0 -1.23882
23550 0.146287 0 -1.23613
23600 0.110388 0 -1.30162
23650 0.241025 0 -1.36765
23700 0.119506 0 -1.36578
23750 -0.012406 0 -1.26821
23800 -0.0996857 0 -1.19929
23850 -0.0339538 0 -1.07959
23900 0.0277751 0 -1.2513
23950 0.0677205 0 -1.42006
24000 0.0216058 0 -1.48636
24050 0.226023 0 -1.45248
24100 0.308352 0 -1.3378
24150 0.0356598 0 -1.27189
24200 -0.0415053 0 -1.22889
24250 -0.033946 0 -1.2155
24300 -0.0680925 0 -1.32837
24350 -0.112734 0 -1.32538
24400 -0.080208 0 -1.54265
24450 0.134608 0 -1.68339
24500 0.158666 0 -1.45726
24550 0.0984315 0 -1.33301
24600 0.047749 0 -1.40058
24650 0.244125 0 -1.38146
24700 0.308991 0 -1.44885
24750 0.232978 0 -1.41081
24800 0.144551 0 -1.37669
24850 0.0681293 0 -1.36902
24900 0.109304 0 -1.45043
24950 0.18159 0 -1.29565
25000 0.0884797 0 -1.35091
25050 0.164333 0 -1.4704
25100 0.180091 0 -1.6063
25150 0.122263 0 -1.458
25200 0.118418 0 -1.3049
25250 0.00988202 0 -1.15387
25300 -0.113409 0 -1.28565
25350 -0.135153 0 -1.27966
25400 -0.191974 0 -1.3303
25450 -0.0246471 0 -1.18689
25500 0.0437983 0 -1.53536
25550 0.282963 0 -1.44443
25600 0.346238 0 -1.4253
25650 0.31935 0 -1.34789
25700 0.148895 0 -1.4156
25750 0.124098 0 -1.52114
25800 0.173504 0 -1.42898
25850 0.131286 0 -1.40401
25900 0.0736154 0 -1.39095
25950 -0.0558663 0 -1.43052
26000 -0.0565845 0 -1.408
26050 0.025596 0 -1.42525
26100 -0.0304203 0 -1.42939
26150 -0.0698367 0 -1.29034
26200 -0.122765 0 -1.12834
26250 0.0635463 0 -1.03083
26300 -0.0498001 0 -0.925112
26350 0.159703 0 -0.786903
26400 0.00140162 0 -0.539892
26450 0.161618 0 -0.311168
26500 0.223572 0 -0.134484
26550 0.221121 0 -0.20866
26600 0.00287799 0 -0.134296
26650 -0.169466 0 -0.142481
26700 -0.142407 0 -0.233349
26750 -0.149481 0 -0.209552
