200 0.0109831 0 -0.146963
250 0.00701125 0 -0.153586
300 0.0040065 0 -0.155654
350 -0.0094105 0 -0.114852
400 -0.00443642 0 -0.16702
450 -0.0386019 0 -0.243231
500 -0.0132277 0 -0.29817
550 0.036023 0 -0.367658
600 0.0945842 0 -0.621692
650 0.139068 0 -0.847256
700 0.213963 0 -1.01905
750 0.187525 0 -1.27044
800 0.107419 0 -1.67432
850 0.34123 0 -1.61407
900 0.26052 0 -1.57773
950 0.171618 0 -1.32529
1000 0.0635694 0 -1.31581
1050 0.00613965 0 -1.22835
1100 0.0809744 0 -1.14997
1150 0.0363693 0 -1.08496
1200 -0.00987586 0 -1.22499
1250 0.00261608 0 -1.3637
1300 0.0446337 0 -1.42709
1350 0.168551 0 -1.41298
1400 0.157525 0 -1.28847
1450 0.170947 0 -1.27215
1500 0.140767 0 -1.26234
1550 0.0799997 0 -1.30815
1600 -0.106082 0 -1.27216
1650 0.0178256 0 -1.38132
1700 0.0890722 0 -1.31629
1750 0.143842 0 -1.31821
1800 0.0715078 0 -1.1968
1850 0.115303 0 -1.31842
1900 -0.00657626 0 -1.26912
1950 0.0433605 0 -1.41614
2000 0.129586 0 -1.43252
2050 0.0638677 0 -1.31978
2100 -0.0564577 0 -1.22504
2150 -0.0890955 0 -1.14324
2200 -0.245509 0 -1.43139
2250 -0.390234 0 -1.43482
2300 -0.280703 0 -1.45859
2350 -0.198292 0 -1.40814
2400 0.0856101 0 -1.4652
2450 0.0400266 0 -1.48798
2500 -0.0434323 0 -1.41898
2550 0.0795259 0 -1.50844
2600 0.127884 0 -1.39328
2650 0.03525 0 -1.31444
2700 0.0184882 0 -1.38148
2750 0.0524275 0 -1.52128
2800 0.185853 0 -1.57314
2850 0.147014 0 -1.43469
2900 0.218362 0 -1.29487
2950 0.175896 0 -1.37954
3000 0.29757 0 -1.31485
3050 0.178444 0 -1.24802
3100 0.241168 0 -1.45676
3150 0.195641 0 -1.45968
3200 0.292126 0 -1.31969
3250 0.188788 0 -1.34603
3300 0.0905476 0 -1.21348
3350 0.101124 0 -1.35097
3400 0.143845 0 -1.41961
3450 0.040838 0 -1.41148
3500 0.0257573 0 -1.49446
3550 0.00765102 0 -1.53908
3600 0.320966 0 -1.57011
3650 0.17827 0 -1.40229
3700 0.269977 0 -1.28271
3750 0.20514 0 -1.21028
3800 0.190023 0 -1.21164
3850 0.218633 0 -1.11685
3900 0.271702 0 -1.24739
3950 0.216915 0 -1.26331
4000 0.165927 0 -1.34277
4050 0.21574 0 -1.33219
4100 0.0855683 0 -1.37582
4150 0.0680347 0 -1.41198
4200 -0.000589038 0 -1.43077
4250 0.126212 0 -1.39994
4300 0.067001 0 -1.31093
4350 0.0520629 0 -1.40371
4400 -0.00918619 0 -1.3002
4450 -0.149208 0 -1.39038
4500 -0.250357 0 -1.21746
4550 -0.191729 0 -1.20431
4600 0.0238569 0 -1.26175
4650 0.0768635 0 -1.35714
4700 0.147675 0 -1.25161
4750 0.174323 0 -1.2766
4800 0.212721 0 -1.29172
4850 0.328922 0 -1.37238
4900 -0.0327601 0 -1.31434
4950 0.0828378 0 -1.43542
5000 0.0100925 0 -1.24364
5050 0.0607241 0 -1.17577
5100 0.0323386 0 -1.19273
5150 0.0764479 0 -1.26371
5200 0.133654 0 -1.36211
5250 0.146128 0 -1.38054
5300 0.229416 0 -1.32902
5350 0.287462 0 -1.43108
5400 0.227589 0 -1.42286
5450 0.162915 0 -1.36257
5500 0.20222 0 -1.33928
5550 0.174757 0 -1.38767
5600 0.243495 0 -1.44156
5650 0.158537 0 -1.37171
5700 0.258309 0 -1.27609
5750 0.0179154 0 -1.32015
5800 0.117738 0 -1.35726
5850 0.147926 0 -1.35127
5900 0.169324 0 -1.35238
5950 0.0717734 0 -1.34238
6000 0.152447 0 -1.41845
6050 0.0982995 0 -1.43304
6100 0.183051 0 -1.32983
6150 0.0547416 0 -1.27156
6200 0.138507 0 -1.35997
6250 0.0727841 0 -1.33479
6300 0.251615 0 -1.25005
6350 0.101518 0 -1.2412
6400 0.335427 0 -1.25662
6450 0.0759173 0 -1.11795
6500 0.20646 0 -1.19643
6550 0.0388152 0 -1.17165
6600 -0.0694599 0 -1.1548
6650 -0.151819 0 -1.16769
6700 -0.166438 0 -1.29206
6750 -0.017552 0 -1.15241
6800 -0.0703858 0 -1.28023
6850 0.0750125 0 -1.29042
6900 0.158084 0 -1.39848
6950 0.215649 0 -1.27602
7000 0.0645888 0 -1.34477
7050 0.0805168 0 -1.21393
7100 0.264396 0 -1.20433
7150 0.174584 0 -1.17281
7200 0.113935 0 -1.21759
7250 0.108669 0 -1.12298
7300 0.150339 0 -0.958114
7350 0.208974 0 -0.892207
7400 0.0934392 0 -0.728708
7450 0.0772818 0 -0.660194
7500 -0.0880061 0 -0.578209
7550 -0.0487242 0 -0.497407
7600 -0.135923 0 -0.314797
7650 -0.0529076 0 -0.234772
7700 -0.0530117 0 -0.228122
7750 0.0455371 0 -0.255381
7800 0.156535 0 -0.285106
7850 0.10844 0 -0.265016
7900 -0.0526533 0 -0.180904
7950 -0.0594967 0 -0.319764
8000 -0.0160163 0 -0.353211
8050 0.0298689 0 -0.354054
8100 0.129411 0 -0.292495
8150 0.116828 0 -0.368212
8200 0.0130126 0 -0.480036
8250 -0.120508 0 -0.581229
8300 -0.00944876 0 -0.750848
8350 0.0105037 0 -0.804454
8400 0.0486366 0 -0.966796
8450 0.0366326 0 -1.08197
8500 0.126955 0 -1.25205
8550 0.140712 0 -1.43097
8600 0.190745 0 -1.28973
8650 0.0362233 0 -1.24827
8700 0.158394 0 -1.30072
8750 0.230559 0 -1.20422
8800 0.254274 0 -1.10237
8850 0.120521 0 -1.02955
8900 0.00466359 0 -1.13143
8950 -0.0803154 0 -1.15815
9000 0.0711243 0 -1.14034
9050 -0.0909443 0 -1.03008
9100 0.0183486 0 -1.14398
9150 -0.0187468 0 -1.19664
9200 0.207092 0 -1.0667
9250 0.161436 0 -0.879769
9300 0.220634 0 -0.824979
9350 0.140954 0 -0.853637
9400 0.132204 0 -1.0252
9450 0.115028 0 -1.01874
9500 0.114379 0 -0.96237
9550 0.076541 0 -0.862027
9600 0.149175 0 -0.627979
9650 0.283736 0 -0.466011
9700 0.564423 0 -0.504529
9750 0.607887 0 -0.403323
9800 0.531518 0 -0.365037
9850 0.409763 0 -0.286311
9900 0.310529 0 -0.355995
9950 0.480563 0 -0.424029
10000 0.389305 0 -0.386847
10050 0.342616 0 -0.401286
10100 0.280151 0 -0.346935
10150 0.253457 0 -0.444077
10200 0.237978 0 -0.418592
10250 0.231184 0 -0.342313
10300 0.334398 0 -0.401147
10350 0.204034 0 -0.414882
10400 0.294139 0 -0.582081
10450 0.289756 0 -0.571296
10500 0.265616 0 -0.628661
10550 0.113953 0 -0.589316
10600 0.235777 0 -0.593343
10650 0.128134 0 -0.586073
10700 0.0891487 0 -0.620399
10750 0.163199 0 -0.657582
10800 0.204344 0 -0.807781
10850 0.282677 0 -0.87901
10900 0.186879 0 -0.99694
10950 0.273418 0 -1.06842
11000 0.134088 0 -0.985818
11050 0.138945 0 -1.0506
11100 -0.0320487 0 -0.979933
11150 -0.0145725 0 -0.958034
11200 0.104068 0 -0.88569
11250 0.0936024 0 -0.936121
11300 0.206636 0 -1.029
11350 0.134183 0 -0.969205
11400 0.0964644 0 -0.911331
11450 0.0708642 0 -0.89507
11500 0.0370191 0 -0.993127
11550 -0.0157876 0 -0.959589
11600 0.00980718 0 -0.84198
11650 0.057167 0 -0.667208
11700 0.0875195 0 -0.637793
11750 0.112668 0 -0.545291
11800 0.0160376 0 -0.42516
11850 0.0110246 0 -0.504939
11900 0.112263 0 -0.493063
11950 0.187241 0 -0.657929
12000 0.186314 0 -0.830198
12050 0.249454 0 -0.992166
12100 0.330446 0 -1.23343
12150 0.412181 0 -1.28356
12200 0.362594 0 -1.32608
12250 0.285299 0 -1.33203
12300 0.214766 0 -1.42991
12350 0.420572 0 -1.40622
12400 0.26572 0 -1.38549
12450 0.0336847 0 -1.35852
12500 0.178371 0 -1.24782
12550 0.209916 0 -1.29287
12600 0.317911 0 -1.28482
12650 0.359408 0 -1.23621
12700 0.236193 0 -1.29436
12750 0.199648 0 -1.19792
12800 0.21915 0 -1.19764
12850 0.235945 0 -1.12738
12900 0.265817 0 -1.20595
12950 0.219331 0 -1.21808
13000 0.160446 0 -1.20199
13050 0.206302 0 -1.21032
13100 0.126119 0 -1.21586
13150 0.0689706 0 -1.32763
13200 0.124406 0 -1.29662
13250 0.38285 0 -1.37088
13300 0.348546 0 -1.2762
13350 0.274665 0 -1.34467
13400 0.20922 0 -1.27601
13450 0.150203 0 -1.27507
13500 0.171617 0 -1.32621
13550 0.236687 0 -1.29034
13600 0.248877 0 -1.35863
13650 0.178856 0 -1.32526
13700 0.288334 0 -1.34752
13750 0.183346 0 -1.44349
13800 0.100516 0 -1.46323
13850 0.277744 0 -1.52497
13900 0.11107 0 -1.38615
13950 0.207199 0 -1.27254
14000 0.21533 0 -1.32117
14050 0.363651 0 -1.40449
14100 0.320689 0 -1.36622
14150 0.2623 0 -1.23814
14200 0.181289 0 -1.25131
14250 0.102477 0 -1.32043
14300 0.223864 0 -1.38258
14350 0.101831 0 -1.18686
14400 0.299819 0 -1.29735
14450 0.0428232 0 -1.27321
14500 -0.0269794 0 -1.23823
14550 0.0363396 0 -1.25637
14600 0.0043787 0 -1.23525
14650 0.120022 0 -1.21083
14700 0.0307818 0 -1.32924
14750 0.0290573 0 -1.36848
14800 0.0626699 0 -1.31698
14850 0.157137 0 -1.25753
14900 0.146082 0 -1.21817
14950 0.175131 0 -1.20145
15000 0.0169335 0 -1.16491
15050 0.121863 0 -1.27048
15100 -0.0734512 0 -1.2544
15150 0.00537087 0 -1.20332
15200 -0.0412478 0 -1.29664
15250 -0.0558531 0 -1.40677
15300 0.319251 0 -1.36067
15350 0.270718 0 -1.23341
15400 0.176795 0 -1.24598
15450 -0.0865612 0 -1.03864
15500 -0.129817 0 -1.18286
15550 -0.0600126 0 -1.1935
15600 0.0878553 0 -1.15692
15650 0.129958 0 -1.17978
15700 0.0890159 0 -1.23226
15750 0.216997 0 -1.17805
15800 0.0376114 0 -1.24724
15850 0.160696 0 -1.29455
15900 0.111472 0 -1.2745
15950 0.080288 0 -1.27627
16000 0.123958 0 -1.20139
16050 -0.0311286 0 -1.25269
16100 0.032221 0 -1.21376
16150 -0.00249657 0 -1.08441
16200 0.0872896 0 -1.12828
16250 0.0473596 0 -1.07954
16300 0.0120738 0 -1.13374
16350 -0.0834394 0 -1.17752
16400 -0.03986 0 -1.1969
16450 0.0321477 0 -1.1895
16500 -0.0759376 0 -1.142
16550 0.0382829 0 -1.22439
16600 0.0456905 0 -1.16191
16650 -0.0406728 0 -1.12807
16700 0.129725 0 -1.17794
16750 0.0285187 0 -1.21766
16800 0.0145715 0 -1.29283
16850 0.0117334 0 -1.23494
16900 0.0710824 0 -1.2471
16950 0.150018 0 -1.07874
17000 0.0920556 0 -1.04576
17050 0.14471 0 -1.10896
17100 0.20937 0 -1.08708
17150 0.256782 0 -1.03212
17200 0.209592 0 -1.03285
17250 0.149875 0 -1.22073
17300 0.0707227 0 -1.22695
17350 0.0571143 0 -1.16779
17400 0.100305 0 -1.08625
17450 0.102189 0 -0.959405
17500 0.0044936 0 -1.03359
17550 -0.0950795 0 -0.960542
17600 -0.0430918 0 -1.02183
17650 -0.119351 0 -1.13606
17700 -0.0687302 0 -1.11533
17750 -0.255877 0 -1.16028
17800 -0.157264 0 -1.1188
17850 -0.020065 0 -0.834143
17900 -0.0455406 0 -0.876967
17950 0.0405622 0 -0.728992
18000 -0.0120839 0 -0.76683
18050 0.0821621 0 -0.703168
18100 0.114218 0 -0.757512
18150 0.174372 0 -0.755397
18200 0.205346 0 -0.80198
18250 0.18939 0 -0.823493
18300 0.181551 0 -0.761761
18350 0.253614 0 -0.750881
18400 0.154157 0 -0.832625
18450 0.150219 0 -0.875261
18500 0.0123828 0 -0.979476
18550 0.0307156 0 -1.11005
18600 0.219195 0 -1.13896
18650 0.22653 0 -1.0944
18700 0.222088 0 -1.16899
18750 0.295974 0 -1.14021
18800 0.267319 0 -1.19719
18850 0.183802 0 -1.25271
18900 0.161211 0 -1.2865
18950 0.101217 0 -1.33872
19000 0.198531 0 -1.11539
19050 0.283489 0 -1.09866
19100 0.152512 0 -1.0792
19150 0.070729 0 -1.11571
19200 0.078496 0 -1.30456
19250 -0.0197224 0 -1.12532
19300 0.27193 0 -1.00261
19350 0.237774 0 -0.918651
19400 0.484696 0 -0.935643
19450 0.301677 0 -0.955124
19500 0.203241 0 -0.968912
19550 0.142146 0 -0.965553
19600 0.074221 0 -1.07327
19650 0.185411 0 -1.12008
19700 0.026738 0 -1.20993
19750 0.200736 0 -1.2011
19800 0.100736 0 -1.1094
19850 -0.0167542 0 -1.21598
19900 0.0599209 0 -1.2504
19950 -0.0380937 0 -1.42757
20000 0.210785 0 -1.39093
20050 0.244243 0 -1.34892
20100 0.163201 0 -1.27245
20150 0.128608 0 -1.19506
20200 0.194519 0 -1.21731
20250 0.229252 0 -1.11201
20300 0.174954 0 -1.23914
20350 0.189809 0 -1.08827
20400 0.355889 0 -0.897791
20450 0.247815 0 -0.841158
20500 0.230139 0 -0.896905
20550 -0.100586 0 -1.12449
20600 -0.324514 0 -1.09203
20650 -0.275056 0 -1.14898
20700 -0.138873 0 -1.0761
20750 0.0758857 0 -1.05518
20800 0.390194 0 -0.961021
20850 0.287947 0 -0.906089
20900 0.389989 0 -0.994915
20950 0.456624 0 -0.891607
21000 0.501759 0 -0.939662
21050 0.397135 0 -0.98216
21100 0.333343 0 -1.01873
21150 0.42799 0 -0.976234
21200 0.292243 0 -0.97759
21250 0.312733 0 -0.986946
21300 0.199739 0 -1.05608
21350 0.275558 0 -1.02434
21400 0.275372 0 -0.967521
21450 0.234244 0 -1.01588
21500 0.190196 0 -1.01907
21550 0.243152 0 -1.05793
21600 0.156685 0 -1.0965
21650 0.26984 0 -1.18274
21700 0.310431 0 -1.12474
21750 0.213104 0 -1.21894
21800 0.332788 0 -1.17652
21850 0.275726 0 -1.12205
21900 0.183242 0 -1.20359
21950 0.136294 0 -1.10165
22000 0.320397 0 -1.19705
22050 0.249007 0 -1.17137
22100 0.197418 0 -1.1383
22150 0.165379 0 -1.23875
22200 0.124148 0 -1.16736
22250 0.285009 0 -1.12889
22300 0.206037 0 -1.20323
22350 0.337278 0 -1.20903
22400 0.33358 0 -1.04993
22450 0.364303 0 -1.01974
22500 0.354637 0 -1.07088
22550 0.252824 0 -1.1457
22600 0.0194611 0 -1.21398
22650 -0.195065 0 -1.18592
22700 -0.0705119 0 -1.20198
22750 0.00679494 0 -1.32868
22800 0.175778 0 -1.37916
22850 0.194206 0 -1.21677
22900 0.230225 0 -1.19422
22950 0.333003 0 -1.19859
23000 0.219111 0 -1.20971
23050 0.207582 0 -1.29573
23100 0.146016 0 -1.24942
23150 0.218766 0 -1.12681
23200 0.246896 0 -1.05028
23250 0.16888 0 -1.06535
23300 0.145068 0 -1.09062
23350 0.290359 0 -1.03504
23400 0.16772 0 -1.0781
23450 -0.0116956 0 -1.17408
23500 0.0476825 0 -1.23882
23550 0.146287 0 -1.23613
23600 0.152893 0 -1.28921
23650 0.249241 0 -1.35837
23700 0.113817 0 -1.3641
23750 -0.00635 0 -1.26557
23800 -0.0996857 0 -1.19929
23850 -0.0339538 0 -1.07959
23900 0.0277751 0 -1.2513
23950 0.0677205 0 -1.42006
24000 0.0216058 0 -1.48636
24050 0.226023 0 -1.45248
24100 0.308352 0 -1.3378
24150 0.0356598 0 -1.27189
24200 -0.0415053 0 -1.22889
24250 -0.033946 0 -1.2155
24300 -0.0680925 0 -1.32837
24350 -0.112734 0 -1.32538
24400 -0.0852148 0 -1.55051
24450 0.145238 0 -1.66743
24500 0.1664 0 -1.45278
24550 0.0954198 0 -1.33876
24600 0.047749 0 -1.40058
24650 0.244125 0 -1.38146
24700 0.308991 0 -1.44885
24750 0.232978 0 -1.41081
24800 0.140332 0 -1.36808
24850 0.0443166 0 -1.35308
24900 0.117914 0 -1.43883
24950 0.183977 0 -1.30923
25000 0.0884797 0 -1.35091
25050 0.164333 0 -1.4704
25100 0.180091 0 -1.6063
25150 0.122263 0 -1.458
25200 0.115939 0 -1.29251
25250 0.00664547 0 -1.11336
25300 -0.100758 0 -1.25995
25350 -0.13128 0 -1.27748
25400 -0.191974 0 -1.3303
25450 -0.0246471 0 -1.18689
25500 0.0437983 0 -1.53536
25550 0.282963 0 -1.44443
25600 0.419712 0 -1.43762
25650 0.331458 0 -1.30682
25700 0.132171 0 -1.41179
25750 0.0982839 0 -1.52047
25800 0.173504 0 -1.42898
25850 0.131286 0 -1.40401
25900 0.0736154 0 -1.39095
25950 -0.0558663 0 -1.43052
26000 -0.0565845 0 -1.408
26050 0.025596 0 -1.42525
26100 -0.0304203 0 -1.42939
26150 -0.0698367 0 -1.29034
26200 -0.122765 0 -1.12834
26250 0.0635463 0 -1.03083
26300 -0.0498001 0 -0.925112
26350 0.159703 0 -0.786903
26400 0.168319 0 -0.605874
26450 0.255335 0 -0.403437
26500 0.232374 0 -0.237113
26550 0.212661 0 -0.262784
26600 0.00287799 0 -0.134296
26650 -0.169466 0 -0.142481
26700 -0.142407 0 -0.233349
26750 -0.149481 0 -0.209552
