200 0.074526 0 -0.997219
250 0.0456028 0 -0.99896
300 0.0257312 0 -0.999669
350 -0.081662 0 -0.99666
400 -0.0265529 0 -0.999647
450 -0.156743 0 -0.987639
500 -0.0443193 0 -0.999017
550 0.0975126 0 -0.995234
600 0.150409 0 -0.988624
650 0.161972 0 -0.986795
700 0.205484 0 -0.97866
750 0.146024 0 -0.989281
800 0.0640248 0 -0.997948
850 0.206837 0 -0.978375
900 0.162917 0 -0.98664
950 0.128422 0 -0.99172
1000 0.0482559 0 -0.998835
1050 0.00499823 0 -0.999988
1100 0.0702401 0 -0.99753
1150 0.0335024 0 -0.999439
1200 0.0492692 0 -0.998786
1250 0.0104289 0 -0.999946
1300 0.0315186 0 -0.999503
1350 0.124295 0 -0.992245
1400 0.121354 0 -0.992609
1450 0.13318 0 -0.991092
1500 0.110826 0 -0.99384
1550 0.0610409 0 -0.998135
1600 -0.0287911 0 -0.999585
1650 0.0188388 0 -0.999823
1700 0.0701645 0 -0.997535
1750 0.113832 0 -0.9935
1800 0.0596428 0 -0.99822
1850 0.0871226 0 -0.996198
1900 -0.00518168 0 -0.999987
1950 0.0306045 0 -0.999532
2000 0.0900921 0 -0.995933
2050 0.0483361 0 -0.998831
2100 -0.0460374 0 -0.99894
2150 -0.0776972 0 -0.996977
2200 -0.169049 0 -0.985608
2250 -0.262441 0 -0.964948
2300 -0.18898 0 -0.981981
2350 -0.139443 0 -0.99023
2400 0.0568562 0 -0.998382
2450 0.0374047 0 -0.9993
2500 -0.0180712 0 -0.999837
2550 0.0564776 0 -0.998404
2600 0.0914022 0 -0.995814
2650 0.0268078 0 -0.999641
2700 0.0133817 0 -0.99991
2750 0.0344423 0 -0.999407
2800 0.172737 0 -0.984968
2850 0.161277 0 -0.986909
2900 0.175355 0 -0.984505
2950 0.145648 0 -0.989337
3000 0.220732 0 -0.975334
3050 0.141542 0 -0.989932
3100 0.163328 0 -0.986572
3150 0.132842 0 -0.991137
3200 0.229525 0 -0.973303
3250 0.155385 0 -0.987854
3300 0.0703034 0 -0.997526
3350 0.0767578 0 -0.99705
3400 0.100811 0 -0.994906
3450 0.0289206 0 -0.999582
3500 0.0172327 0 -0.999852
3550 0.0049711 0 -0.999988
3600 0.22691 0 -0.973916
3650 0.157503 0 -0.987519
3700 0.205132 0 -0.978734
3750 0.16718 0 -0.985926
3800 0.154937 0 -0.987924
3850 0.192113 0 -0.981373
3900 0.212826 0 -0.97709
3950 0.169228 0 -0.985577
4000 0.122638 0 -0.992451
4050 0.159861 0 -0.98714
4100 0.0620744 0 -0.998072
4150 0.0481281 0 -0.998841
4200 -0.000411694 0 -1
4250 0.0897906 0 -0.995961
4300 0.0510428 0 -0.998696
4350 0.037064 0 -0.999313
4400 -0.0975911 0 -0.995227
4450 -0.144818 0 -0.989458
4500 -0.249925 0 -0.968265
4550 -0.146388 0 -0.989227
4600 0.0189044 0 -0.999821
4650 0.0565457 0 -0.9984
4700 0.117175 0 -0.993111
4750 0.135296 0 -0.990805
4800 0.163145 0 -0.986602
4850 0.246838 0 -0.969057
4900 -0.0238788 0 -0.999715
4950 0.0571126 0 -0.998368
5000 0.00811503 0 -0.999967
5050 0.0515776 0 -0.998669
5100 0.0271031 0 -0.999633
5150 0.0603842 0 -0.998175
5200 0.0566606 0 -0.998393
5250 0.0763626 0 -0.99708
5300 0.138583 0 -0.990351
5350 0.194202 0 -0.980962
5400 0.157944 0 -0.987448
5450 0.118718 0 -0.992928
5500 0.1493 0 -0.988792
5550 0.124949 0 -0.992163
5600 0.13491 0 -0.990858
5650 0.115274 0 -0.993334
5700 0.168142 0 -0.985763
5750 3.78688e-06 0 -1
5800 0.0864226 0 -0.996259
5850 0.108822 0 -0.994061
5900 0.124234 0 -0.992253
5950 0.0533909 0 -0.998574
6000 0.106859 0 -0.994274
6050 0.0684342 0 -0.997656
6100 0.136364 0 -0.990659
6150 0.0430109 0 -0.999075
6200 0.101321 0 -0.994854
6250 0.0544477 0 -0.998517
6300 0.197326 0 -0.980338
6350 0.0815176 0 -0.996672
6400 0.210418 0 -0.977611
6450 0.0305215 0 -0.999534
6500 0.135296 0 -0.990805
6550 0.0190705 0 -0.999818
6600 -0.0600402 0 -0.998196
6650 -0.128931 0 -0.991654
6700 -0.127761 0 -0.991805
6750 -0.015229 0 -0.999884
6800 -0.0664178 0 -0.997792
6850 0.0337101 0 -0.999432
6900 0.128088 0 -0.991763
6950 0.169353 0 -0.985556
7000 0.0479743 0 -0.998849
7050 0.0661818 0 -0.997808
7100 0.214431 0 -0.976739
7150 0.147238 0 -0.989101
7200 0.117959 0 -0.993018
7250 0.101856 0 -0.994799
7300 0.15293 0 -0.988237
7350 0.222302 0 -0.974978
7400 0.127184 0 -0.991879
7450 0.116265 0 -0.993218
7500 -0.150472 0 -0.988614
7550 -0.0974897 0 -0.995237
7600 -0.174873 0 -0.984591
7650 -0.0156958 0 -0.999877
7700 -0.178136 0 -0.984006
7750 0.144248 0 -0.989542
7800 0.481272 0 -0.876571
7850 0.378705 0 -0.925517
7900 -0.279459 0 -0.960158
7950 -0.182925 0 -0.983127
8000 -0.0452982 0 -0.998974
8050 0.084064 0 -0.99646
8100 0.404605 0 -0.914491
8150 0.302426 0 -0.953173
8200 0.0270977 0 -0.999633
8250 -0.203015 0 -0.979176
8300 -0.0125831 0 -0.999921
8350 0.0130559 0 -0.999915
8400 0.0671608 0 -0.997742
8450 0.0599341 0 -0.998202
8500 0.129868 0 -0.991531
8550 0.117477 0 -0.993076
8600 0.146304 0 -0.98924
8650 0.0290065 0 -0.999579
8700 0.120881 0 -0.992667
8750 0.188044 0 -0.982161
8800 0.223679 0 -0.974663
8850 0.125241 0 -0.992126
8900 0.0108067 0 -0.999942
8950 -0.0711679 0 -0.997464
9000 0.0622503 0 -0.998061
9050 -0.0879466 0 -0.996125
9100 0.0160372 0 -0.999871
9150 -0.0156643 0 -0.999877
9200 0.204406 0 -0.978886
9250 0.211205 0 -0.977442
9300 0.282306 0 -0.959324
9350 0.180258 0 -0.983619
9400 0.127896 0 -0.991788
9450 0.112198 0 -0.993686
9500 0.118021 0 -0.993011
9550 0.0884439 0 -0.996081
9600 0.364068 0 -0.931373
9650 0.658487 0 -0.752592
9700 0.757095 0 -0.653304
9750 0.838104 0 -0.545511
9800 0.824318 0 -0.566127
9850 0.819723 0 -0.57276
9900 0.657345 0 -0.753589
9950 0.749836 0 -0.661624
10000 0.709343 0 -0.704864
10050 0.649322 0 -0.760514
10100 0.628249 0 -0.778012
10150 0.495695 0 -0.868497
10200 0.494232 0 -0.86933
10250 0.559678 0 -0.82871
10300 0.640308 0 -0.768118
10350 0.441308 0 -0.897356
10400 0.437784 0 -0.89908
10450 0.433488 0 -0.901159
10500 0.381783 0 -0.924252
10550 0.191455 0 -0.981501
10600 0.369282 0 -0.929317
10650 0.213587 0 -0.976924
10700 0.142235 0 -0.989833
10750 0.240873 0 -0.970557
10800 0.226353 0 -0.974045
10850 0.301456 0 -0.95348
10900 0.183718 0 -0.982979
10950 0.252502 0 -0.967596
11000 0.134776 0 -0.990876
11050 0.131111 0 -0.991368
11100 -0.0326875 0 -0.999466
11150 -0.015209 0 -0.999884
11200 0.107528 0 -0.994202
11250 0.0910607 0 -0.995845
11300 0.193677 0 -0.981065
11350 0.133778 0 -0.991011
11400 0.105262 0 -0.994445
11450 0.0789247 0 -0.996881
11500 0.0372494 0 -0.999306
11550 -0.0164502 0 -0.999865
11600 0.0478883 0 -0.998853
11650 0.108472 0 -0.994099
11700 0.121207 0 -0.992627
11750 0.193685 0 -0.981064
11800 0.0376945 0 -0.999289
11850 0.0218282 0 -0.999762
11900 0.222003 0 -0.975046
11950 0.273723 0 -0.961809
12000 0.218975 0 -0.975731
12050 0.243835 0 -0.969817
12100 0.258782 0 -0.965936
12150 0.305745 0 -0.952114
12200 0.263752 0 -0.964591
12250 0.209433 0 -0.977823
12300 0.148529 0 -0.988908
12350 0.286539 0 -0.958069
12400 0.24144 0 -0.970416
12450 0.0335791 0 -0.999436
12500 0.128079 0 -0.991764
12550 0.16347 0 -0.986548
12600 0.240192 0 -0.970725
12650 0.279175 0 -0.96024
12700 0.179515 0 -0.983755
12750 0.164394 0 -0.986395
12800 0.237593 0 -0.971365
12850 0.251214 0 -0.967932
12900 0.220282 0 -0.975436
12950 0.177647 0 -0.984094
13000 0.13231 0 -0.991208
13050 0.168029 0 -0.985782
13100 0.103174 0 -0.994663
13150 0.0518803 0 -0.998653
13200 0.100971 0 -0.994889
13250 0.23395 0 -0.972249
13300 0.229152 0 -0.973391
13350 0.199614 0 -0.979875
13400 0.161803 0 -0.986823
13450 0.116991 0 -0.993133
13500 0.128334 0 -0.991731
13550 0.180419 0 -0.98359
13600 0.16257 0 -0.986697
13650 0.119357 0 -0.992851
13700 0.202751 0 -0.97923
13750 0.122374 0 -0.992484
13800 0.068533 0 -0.997649
13850 0.179183 0 -0.983816
13900 0.0798722 0 -0.996805
13950 0.160707 0 -0.987002
14000 0.160862 0 -0.986977
14050 0.250655 0 -0.968077
14100 0.228516 0 -0.97354
14150 0.207249 0 -0.978288
14200 0.143382 0 -0.989667
14250 0.0773757 0 -0.997002
14300 0.159836 0 -0.987144
14350 0.0854845 0 -0.99634
14400 0.1547 0 -0.987961
14450 0.0165476 0 -0.999863
14500 -0.0222121 0 -0.999753
14550 0.0381221 0 -0.999273
14600 0.00354478 0 -0.999994
14650 0.09864 0 -0.995123
14700 0.0231512 0 -0.999732
14750 0.0212284 0 -0.999775
14800 0.0111261 0 -0.999938
14850 0.103096 0 -0.994671
14900 0.106045 0 -0.994361
14950 0.145771 0 -0.989318
15000 0.0145348 0 -0.999894
15050 0.0954809 0 -0.995431
15100 -0.0584546 0 -0.99829
15150 0.00446335 0 -0.99999
15200 -0.0686234 0 -0.997643
15250 -0.0594734 0 -0.99823
15300 0.197776 0 -0.980247
15350 0.202125 0 -0.97936
15400 0.140486 0 -0.990083
15450 -0.0830528 0 -0.996545
15500 -0.109093 0 -0.994031
15550 -0.0502193 0 -0.998738
15600 0.0983574 0 -0.995151
15650 0.121778 0 -0.992557
15700 0.0843479 0 -0.996436
15750 0.185169 0 -0.982707
15800 0.030142 0 -0.999546
15850 0.123187 0 -0.992383
15900 0.0871305 0 -0.996197
15950 0.0627844 0 -0.998027
16000 0.102634 0 -0.994719
16050 -0.0248417 0 -0.999691
16100 0.0265371 0 -0.999648
16150 -0.00230224 0 -0.999997
16200 0.077135 0 -0.997021
16250 0.043828 0 -0.999039
16300 0.0106489 0 -0.999943
16350 -0.0706833 0 -0.997499
16400 -0.109935 0 -0.993939
16450 -0.0551287 0 -0.998479
16500 -0.104007 0 -0.994577
16550 0.0322703 0 -0.999479
16600 0.0392932 0 -0.999228
16650 -0.036032 0 -0.999351
16700 0.109466 0 -0.993991
16750 0.0234145 0 -0.999726
16800 -0.0225731 0 -0.999745
16850 0.0101914 0 -0.999948
16900 0.0395291 0 -0.999218
16950 0.1183 0 -0.992978
17000 0.087688 0 -0.996148
17050 0.129394 0 -0.991593
17100 0.189122 0 -0.981954
17150 0.241431 0 -0.970418
17200 0.156274 0 -0.987714
17250 0.117847 0 -0.993032
17300 0.0505203 0 -0.998723
17350 0.0425714 0 -0.999093
17400 0.0919491 0 -0.995764
17450 0.105914 0 -0.994375
17500 0.00434754 0 -0.999991
17550 -0.0985039 0 -0.995137
17600 -0.0539033 0 -0.998546
17650 -0.108602 0 -0.994085
17700 -0.0630839 0 -0.998008
17750 -0.21836 0 -0.975868
17800 -0.139197 0 -0.990265
17850 -0.0240477 0 -0.999711
17900 -0.0518598 0 -0.998654
17950 0.0555555 0 -0.998456
18000 -0.0157563 0 -0.999876
18050 0.116056 0 -0.993243
18100 0.149095 0 -0.988823
18150 0.22492 0 -0.974377
18200 0.248047 0 -0.968748
18250 0.224133 0 -0.974559
18300 0.231838 0 -0.972754
18350 0.319996 0 -0.947419
18400 0.2972 0 -0.954815
18450 0.190118 0 -0.981761
18500 0.0382531 0 -0.999268
18550 0.0438565 0 -0.999038
18600 0.188984 0 -0.98198
18650 0.202695 0 -0.979242
18700 0.186645 0 -0.982427
18750 0.251251 0 -0.967922
18800 0.181729 0 -0.983349
18850 0.125815 0 -0.992054
18900 0.121768 0 -0.992559
18950 0.0750138 0 -0.997182
19000 0.175239 0 -0.984526
19050 0.249848 0 -0.968285
19100 0.139929 0 -0.990162
19150 0.0632666 0 -0.997997
19200 0.0692761 0 -0.997598
19250 -0.00379454 0 -0.999993
19300 0.210072 0 -0.977686
19350 0.243912 0 -0.969797
19400 0.459979 0 -0.88793
19450 0.301184 0 -0.953566
19500 0.205295 0 -0.9787
19550 0.145647 0 -0.989337
19600 0.121012 0 -0.992651
19650 0.209977 0 -0.977706
19700 0.0633648 0 -0.99799
19750 0.15896 0 -0.987285
19800 0.0904301 0 -0.995903
19850 -0.013777 0 -0.999905
19900 0.0478666 0 -0.998854
19950 -0.0266748 0 -0.999644
20000 0.149832 0 -0.988712
20050 0.178169 0 -0.984
20100 0.127216 0 -0.991875
20150 0.106998 0 -0.994259
20200 0.157792 0 -0.987472
20250 0.201913 0 -0.979403
20300 0.139803 0 -0.990179
20350 0.17182 0 -0.985128
20400 0.336371 0 -0.94173
20450 0.276118 0 -0.961124
20500 0.2388 0 -0.971069
20550 -0.0879187 0 -0.996128
20600 -0.284854 0 -0.958571
20650 -0.232814 0 -0.972521
20700 -0.12799 0 -0.991775
20750 0.0717317 0 -0.997424
20800 0.270342 0 -0.962764
20850 0.234674 0 -0.972074
20900 0.35824 0 -0.93363
20950 0.42077 0 -0.907168
21000 0.471031 0 -0.882117
21050 0.374863 0 -0.92708
21100 0.31099 0 -0.950413
21150 0.401517 0 -0.915851
21200 0.338944 0 -0.940807
21250 0.321257 0 -0.946992
21300 0.21811 0 -0.975924
21350 0.259561 0 -0.965727
21400 0.273744 0 -0.961803
21450 0.224687 0 -0.974431
21500 0.183469 0 -0.983025
21550 0.223998 0 -0.97459
21600 0.149276 0 -0.988796
21650 0.229213 0 -0.973376
21700 0.264354 0 -0.964426
21750 0.171841 0 -0.985125
21800 0.272179 0 -0.962247
21850 0.238635 0 -0.971109
21900 0.150512 0 -0.988608
21950 0.122782 0 -0.992434
22000 0.258553 0 -0.965997
22050 0.207932 0 -0.978143
22100 0.170882 0 -0.985292
22150 0.132331 0 -0.991206
22200 0.105753 0 -0.994392
22250 0.244787 0 -0.969577
22300 0.16878 0 -0.985654
22350 0.268707 0 -0.963222
22400 0.202709 0 -0.979239
22450 0.264383 0 -0.964418
22500 0.259757 0 -0.965674
22550 0.19128 0 -0.981535
22600 0.0160288 0 -0.999872
22650 -0.162303 0 -0.986741
22700 -0.0585623 0 -0.998284
22750 0.00511397 0 -0.999987
22800 0.156741 0 -0.98764
22850 0.139833 0 -0.990175
22900 0.177862 0 -0.984055
22950 0.269126 0 -0.963105
23000 0.178227 0 -0.983989
23050 0.158188 0 -0.987409
23100 0.116077 0 -0.99324
23150 0.190588 0 -0.98167
23200 0.209313 0 -0.977849
23250 0.134081 0 -0.99097
23300 0.125797 0 -0.992056
23350 0.263387 0 -0.96469
23400 0.15372 0 -0.988114
23450 -0.00996101 0 -0.99995
23500 0.0384618 0 -0.99926
23550 0.117523 0 -0.99307
23600 0.0819152 0 -0.996639
23650 0.172948 0 -0.984931
23700 0.0874359 0 -0.99617
23750 -0.0100512 0 -0.999949
23800 -0.0828348 0 -0.996563
23850 -0.0314352 0 -0.999506
23900 0.0221916 0 -0.999754
23950 0.0476343 0 -0.998865
24000 0.0145346 0 -0.999894
24050 0.153761 0 -0.988108
24100 0.224604 0 -0.97445
24150 0.0280258 0 -0.999607
24200 -0.0337553 0 -0.99943
24250 -0.0279167 0 -0.99961
24300 -0.051193 0 -0.998689
24350 -0.084752 0 -0.996402
24400 -0.0512902 0 -0.998684
24450 0.0791404 0 -0.996863
24500 0.108368 0 -0.994111
24550 0.0735154 0 -0.997294
24600 0.0340725 0 -0.999419
24650 0.174018 0 -0.984742
24700 0.208575 0 -0.978006
24750 0.162931 0 -0.986637
24800 0.101367 0 -0.994849
24850 0.0483746 0 -0.998829
24900 0.0743348 0 -0.997233
24950 0.138991 0 -0.990294
25000 0.0653563 0 -0.997862
25050 0.11107 0 -0.993813
25100 0.111417 0 -0.993774
25150 0.0835637 0 -0.996502
25200 0.089366 0 -0.995999
25250 0.00509171 0 -0.999987
25300 -0.0885993 0 -0.996067
25350 -0.10506 0 -0.994466
25400 -0.142829 0 -0.989747
25450 -0.0207617 0 -0.999784
25500 0.0285148 0 -0.999593
25550 0.192245 0 -0.981347
25600 0.233958 0 -0.972247
25650 0.224901 0 -0.974382
25700 0.103908 0 -0.994587
25750 0.0812795 0 -0.996691
25800 0.120533 0 -0.992709
25850 0.0931018 0 -0.995657
25900 0.0528506 0 -0.998602
25950 -0.0390234 0 -0.999238
26000 -0.0401554 0 -0.999193
26050 0.0179561 0 -0.999839
26100 -0.0212772 0 -0.999774
26150 -0.0540437 0 -0.998539
26200 -0.108164 0 -0.994133
26250 0.061529 0 -0.998105
26300 -0.0537536 0 -0.998554
26350 0.198897 0 -0.98002
26400 0.0465565 0 -0.998916
26450 0.501352 0 -0.865244
26500 0.865435 0 -0.501021
26550 0.727026 0 -0.68661
26600 0.0214253 0 -0.99977
26650 -0.765417 0 -0.643534
26700 -0.520929 0 -0.8536
26750 -0.580726 0 -0.814099
