200 0 0 -0.147373
250 0 0 -0.153746
300 0 0 -0.155706
350 0 0 -0.115237
400 0 0 -0.167078
450 0 0 -0.246275
500 0 0 -0.298464
550 0 0 -0.369419
600 0 0 -0.628845
650 0 0 -0.858593
700 0 0 -1.04127
750 0 0 -1.28421
800 0 0 -1.67777
850 0 0 -1.64975
900 0 0 -1.59909
950 0 0 -1.33636
1000 0 0 -1.31734
1050 0 0 -1.22836
1100 0 0 -1.15282
1150 0 0 -1.08557
1200 0 0 -1.29049
1250 0 0 -1.374
1300 0 0 -1.43694
1350 0 0 -1.414
1400 0 0 -1.29807
1450 0 0 -1.28358
1500 0 0 -1.27017
1550 0 0 -1.31059
1600 0 0 -1.25801
1650 0 0 -1.36573
1700 0 0 -1.30136
1750 0 0 -1.31889
1800 0 0 -1.19893
1850 0 0 -1.32345
1900 0 0 -1.26914
1950 0 0 -1.4168
2000 0 0 -1.43837
2050 0 0 -1.32133
2100 0 0 -1.22634
2150 0 0 -1.1467
2200 0 0 -1.45229
2250 0 0 -1.48694
2300 0 0 -1.48536
2350 0 0 -1.42203
2400 0 0 -1.44392
2450 0 0 -1.4613
2500 0 0 -1.41878
2550 0 0 -1.50544
2600 0 0 -1.39914
2650 0 0 -1.31492
2700 0 0 -1.3816
2750 0 0 -1.52218
2800 0 0 -1.46465
2850 0 0 -1.37438
2900 0 0 -1.33322
2950 0 0 -1.38399
3000 0 0 -1.3481
3050 0 0 -1.26071
3100 0 0 -1.47658
3150 0 0 -1.47273
3200 0 0 -1.29601
3250 0 0 -1.31991
3300 0 0 -1.22986
3350 0 0 -1.35085
3400 0 0 -1.42688
3450 0 0 -1.41207
3500 0 0 -1.49468
3550 0 0 -1.5391
3600 0 0 -1.58113
3650 0 0 -1.38524
3700 0 0 -1.31313
3750 0 0 -1.22425
3800 0 0 -1.22645
3850 0 0 -1.13805
3900 0 0 -1.27664
3950 0 0 -1.28179
4000 0 0 -1.35298
4050 0 0 -1.34955
4100 0 0 -1.37848
4150 0 0 -1.41362
4200 0 0 -1.43077
4250 0 0 -1.40562
4300 0 0 -1.31264
4350 0 0 -1.40468
4400 0 0 -1.21794
4450 0 0 -1.32409
4500 0 0 -1.20402
4550 0 0 -1.2244
4600 0 0 -1.26198
4650 0 0 -1.35932
4700 0 0 -1.2603
4750 0 0 -1.28845
4800 0 0 -1.28341
4850 0 0 -1.39677
4900 0 0 -1.31658
4950 0 0 -1.43911
5000 0 0 -1.24368
5050 0 0 -1.17733
5100 0 0 -1.19317
5150 0 0 -1.26602
5200 0 0 -1.2942
5250 0 0 -1.32814
5300 0 0 -1.34287
5350 0 0 -1.4417
5400 0 0 -1.44095
5450 0 0 -1.37228
5500 0 0 -1.35446
5550 0 0 -1.39863
5600 0 0 -1.4136
5650 0 0 -1.34539
5700 0 0 -1.29966
5750 0 0 -1.31067
5800 0 0 -1.36236
5850 0 0 -1.35934
5900 0 0 -1.36294
5950 0 0 -1.3443
6000 0 0 -1.42661
6050 0 0 -1.43641
6100 0 0 -1.34237
6150 0 0 -1.27274
6200 0 0 -1.36701
6250 0 0 -1.33677
6300 0 0 -1.27512
6350 0 0 -1.24535
6400 0 0 -1.29259
6450 0 0 -1.12222
6500 0 0 -1.21314
6550 0 0 -1.17571
6600 0 0 -1.15689
6650 0 0 -1.17752
6700 0 0 -1.30273
6750 0 0 -1.15254
6800 0 0 -1.20896
6850 0 0 -1.24906
6900 0 0 -1.39567
6950 0 0 -1.30093
7000 0 0 -1.34632
7050 0 0 -1.2166
7100 0 0 -1.23301
7150 0 0 -1.18573
7200 0 0 -1.21404
7250 0 0 -1.12478
7300 0 0 -0.968484
7350 0 0 -0.919433
7400 0 0 -0.734675
7450 0 0 -0.664702
7500 0 0 -0.584868
7550 0 0 -0.499788
7600 0 0 -0.369578
7650 0 0 -0.245791
7700 0 0 -0.24048
7750 0 0 -0.260118
7800 0 0 -0.325252
7850 0 0 -0.286344
7900 0 0 -0.188411
7950 0 0 -0.325252
8000 0 0 -0.353574
8050 0 0 -0.355311
8100 0 0 -0.319844
8150 0 0 -0.386301
8200 0 0 -0.480212
8250 0 0 -0.59359
8300 0 0 -0.750908
8350 0 0 -0.804523
8400 0 0 -0.916482
8450 0 0 -1.05687
8500 0 0 -1.25887
8550 0 0 -1.4165
8600 0 0 -1.30376
8650 0 0 -1.2488
8700 0 0 -1.31033
8750 0 0 -1.22609
8800 0 0 -1.15555
8850 0 0 -1.04935
8900 0 0 -1.12241
8950 0 0 -1.16002
9000 0 0 -1.14255
9050 0 0 -1.03408
9100 0 0 -1.14413
9150 0 0 -1.19678
9200 0 0 -1.03918
9250 0 0 -0.856753
9300 0 0 -0.858999
9350 0 0 -0.852108
9400 0 0 -1.03369
9450 0 0 -1.02522
9500 0 0 -0.969143
9550 0 0 -0.865419
9600 0 0 -0.652428
9650 0 0 -0.539779
9700 0 0 -0.767902
9750 0 0 -0.732297
9800 0 0 -0.644797
9850 0 0 -0.499879
9900 0 0 -0.472399
9950 0 0 -0.640891
10000 0 0 -0.548825
10050 0 0 -0.527651
10100 0 0 -0.445924
10150 0 0 -0.511316
10200 0 0 -0.481511
10250 0 0 -0.413067
10300 0 0 -0.522246
10350 0 0 -0.462338
10400 0 0 -0.632596
10450 0 0 -0.628538
10500 0 0 -0.680331
10550 0 0 -0.599725
10600 0 0 -0.638472
10650 0 0 -0.599917
10700 0 0 -0.626771
10750 0 0 -0.677531
10800 0 0 -0.84903
10850 0 0 -0.910681
10900 0 0 -1.00813
10950 0 0 -1.09789
11000 0 0 -0.994896
11050 0 0 -1.05975
11100 0 0 -0.980457
11150 0 0 -0.958145
11200 0 0 -0.899849
11250 0 0 -0.939149
11300 0 0 -1.03645
11350 0 0 -0.974957
11400 0 0 -0.916422
11450 0 0 -0.897871
11500 0 0 -0.993817
11550 0 0 -0.959719
11600 0 0 -0.854673
11650 0 0 -0.672661
11700 0 0 -0.633116
11750 0 0 -0.544082
11800 0 0 -0.425462
11850 0 0 -0.505059
11900 0 0 -0.505682
11950 0 0 -0.684054
12000 0 0 -0.850847
12050 0 0 -1.02304
12100 0 0 -1.27693
12150 0 0 -1.34812
12200 0 0 -1.37476
12250 0 0 -1.36224
12300 0 0 -1.44595
12350 0 0 -1.46776
12400 0 0 -1.3644
12450 0 0 -1.34243
12500 0 0 -1.25677
12550 0 0 -1.3074
12600 0 0 -1.32357
12650 0 0 -1.28739
12700 0 0 -1.31573
12750 0 0 -1.21444
12800 0 0 -1.25904
12850 0 0 -1.1564
12900 0 0 -1.22712
12950 0 0 -1.23492
13000 0 0 -1.21265
13050 0 0 -1.22778
13100 0 0 -1.22239
13150 0 0 -1.32942
13200 0 0 -1.28063
13250 0 0 -1.40961
13300 0 0 -1.31001
13350 0 0 -1.36031
13400 0 0 -1.29305
13450 0 0 -1.28388
13500 0 0 -1.33727
13550 0 0 -1.31187
13600 0 0 -1.37657
13650 0 0 -1.33739
13700 0 0 -1.37838
13750 0 0 -1.45835
13800 0 0 -1.46668
13850 0 0 -1.55005
13900 0 0 -1.39059
13950 0 0 -1.2893
14000 0 0 -1.33861
14050 0 0 -1.4508
14100 0 0 -1.40336
14150 0 0 -1.26562
14200 0 0 -1.26437
14250 0 0 -1.3244
14300 0 0 -1.40059
14350 0 0 -1.19122
14400 0 0 -1.3477
14450 0 0 -1.27363
14500 0 0 -1.24824
14550 0 0 -1.25795
14600 0 0 -1.23526
14650 0 0 -1.21677
14700 0 0 -1.3296
14750 0 0 -1.36879
14800 0 0 -1.30867
14850 0 0 -1.2813
14900 0 0 -1.22158
14950 0 0 -1.20785
15000 0 0 -1.16503
15050 0 0 -1.27631
15100 0 0 -1.25655
15150 0 0 -1.20333
15200 0 0 -1.26137
15250 0 0 -1.38337
15300 0 0 -1.41358
15350 0 0 -1.26174
15400 0 0 -1.25846
15450 0 0 -1.04224
15500 0 0 -1.18996
15550 0 0 -1.19501
15600 0 0 -1.20043
15650 0 0 -1.21014
15700 0 0 -1.23729
15750 0 0 -1.1971
15800 0 0 -1.24781
15850 0 0 -1.30449
15900 0 0 -1.27937
15950 0 0 -1.27879
16000 0 0 -1.20777
16050 0 0 -1.25308
16100 0 0 -1.21419
16150 0 0 -1.08441
16200 0 0 -1.13165
16250 0 0 -1.08058
16300 0 0 -1.13381
16350 0 0 -1.18047
16400 0 0 -1.14646
16450 0 0 -1.1603
16500 0 0 -1.11021
16550 0 0 -1.22922
16600 0 0 -1.16281
16650 0 0 -1.1288
16700 0 0 -1.18506
16750 0 0 -1.21799
16800 0 0 -1.25807
16850 0 0 -1.20781
16900 0 0 -1.26422
16950 0 0 -1.1016
17000 0 0 -1.04981
17050 0 0 -1.11837
17100 0 0 -1.10706
17150 0 0 -1.06358
17200 0 0 -1.05338
17250 0 0 -1.23406
17300 0 0 -1.2333
17350 0 0 -1.17002
17400 0 0 -1.09087
17450 0 0 -0.964832
17500 0 0 -1.03359
17550 0 0 -0.965236
17600 0 0 -0.988609
17650 0 0 -1.10888
17700 0 0 -1.10144
17750 0 0 -1.18908
17800 0 0 -1.12979
17850 0 0 -0.834384
17900 0 0 -0.878149
17950 0 0 -0.73012
18000 0 0 -0.766925
18050 0 0 -0.707952
18100 0 0 -0.766074
18150 0 0 -0.775262
18200 0 0 -0.827852
18250 0 0 -0.84499
18300 0 0 -0.783096
18350 0 0 -0.792555
18400 0 0 -0.829367
18450 0 0 -0.944969
18500 0 0 -0.981773
18550 0 0 -1.10525
18600 0 0 -1.15986
18650 0 0 -1.11759
18700 0 0 -1.1899
18750 0 0 -1.178
18800 0 0 -1.26325
18850 0 0 -1.28919
18900 0 0 -1.30421
18950 0 0 -1.3328
19000 0 0 -1.13292
19050 0 0 -1.13465
19100 0 0 -1.08992
19150 0 0 -1.11795
19200 0 0 -1.28432
19250 0 0 -1.09238
19300 0 0 -1.07955
19350 0 0 -0.943973
19400 0 0 -1.05374
19450 0 0 -1.00163
19500 0 0 -0.989998
19550 0 0 -0.97596
19600 0 0 -1.08301
19650 0 0 -1.1511
19700 0 0 -1.1938
19750 0 0 -1.22614
19800 0 0 -1.11396
19850 0 0 -1.21609
19900 0 0 -1.25183
19950 0 0 -1.42808
20000 0 0 -1.40682
20050 0 0 -1.37086
20100 0 0 -1.28287
20150 0 0 -1.20196
20200 0 0 -1.23276
20250 0 0 -1.1354
20300 0 0 -1.25143
20350 0 0 -1.1047
20400 0 0 -1.00675
20450 0 0 -0.894689
20500 0 0 -0.936402
20550 0 0 -1.12732
20600 0 0 -1.13923
20650 0 0 -1.18144
20700 0 0 -1.08502
20750 0 0 -1.05791
20800 0 0 -1.0361
20850 0 0 -0.93838
20900 0 0 -1.01901
20950 0 0 -0.997851
21000 0 0 -1.06524
21050 0 0 -1.05941
21100 0 0 -1.07188
21150 0 0 -1.06593
21200 0 0 -1.03952
21250 0 0 -1.08201
21300 0 0 -1.07386
21350 0 0 -1.04619
21400 0 0 -1.00595
21450 0 0 -1.04254
21500 0 0 -1.03667
21550 0 0 -1.08551
21600 0 0 -1.07682
21650 0 0 -1.18938
21700 0 0 -1.16083
21750 0 0 -1.22533
21800 0 0 -1.22268
21850 0 0 -1.15543
21900 0 0 -1.21746
21950 0 0 -1.11005
22000 0 0 -1.23919
22050 0 0 -1.19754
22100 0 0 -1.15529
22150 0 0 -1.24974
22200 0 0 -1.17394
22250 0 0 -1.16431
22300 0 0 -1.22074
22350 0 0 -1.25519
22400 0 0 -1.0953
22450 0 0 -1.07677
22500 0 0 -1.12485
22550 0 0 -1.1742
22600 0 0 -1.21413
22650 0 0 -1.20186
22700 0 0 -1.20405
22750 0 0 -1.3287
22800 0 0 -1.35695
22850 0 0 -1.25278
22900 0 0 -1.21096
22950 0 0 -1.24171
23000 0 0 -1.22939
23050 0 0 -1.31225
23100 0 0 -1.25792
23150 0 0 -1.14785
23200 0 0 -1.06534
23250 0 0 -1.07348
23300 0 0 -1.10385
23350 0 0 -1.07792
23400 0 0 -1.09107
23450 0 0 -1.17413
23500 0 0 -1.23974
23550 0 0 -1.24475
23600 0 0 -1.30971
23650 0 0 -1.38842
23700 0 0 -1.37095
23750 0 0 -1.26828
23800 0 0 -1.20343
23850 0 0 -1.08012
23900 0 0 -1.25161
23950 0 0 -1.42168
24000 0 0 -1.48651
24050 0 0 -1.46996
24100 0 0 -1.37287
24150 0 0 -1.27239
24200 0 0 -1.22959
24250 0 0 -1.21598
24300 0 0 -1.33011
24350 0 0 -1.33017
24400 0 0 -1.54271
24450 0 0 -1.68882
24500 0 0 -1.46592
24550 0 0 -1.33637
24600 0 0 -1.4014
24650 0 0 -1.40287
24700 0 0 -1.48144
24750 0 0 -1.42991
24800 0 0 -1.38663
24850 0 0 -1.3701
24900 0 0 -1.45503
24950 0 0 -1.30845
25000 0 0 -1.3538
25050 0 0 -1.47955
25100 0 0 -1.61637
25150 0 0 -1.46312
25200 0 0 -1.30968
25250 0 0 -1.15374
25300 0 0 -1.29037
25350 0 0 -1.28663
25400 0 0 -1.34408
25450 0 0 -1.18714
25500 0 0 -1.53599
25550 0 0 -1.47189
25600 0 0 -1.46405
25650 0 0 -1.38721
25700 0 0 -1.42497
25750 0 0 -1.52672
25800 0 0 -1.43948
25850 0 0 -1.41013
25900 0 0 -1.39289
25950 0 0 -1.43161
26000 0 0 -1.40914
26050 0 0 -1.42548
26100 0 0 -1.42971
26150 0 0 -1.29223
26200 0 0 -1.13499
26250 0 0 -1.03279
26300 0 0 -0.926452
26350 0 0 -0.802945
26400 0 0 -0.537412
26450 0 0 -0.345577
26500 0 0 -0.259562
26550 0 0 -0.303035
26600 0 0 -0.134327
26650 0 0 -0.221404
26700 0 0 -0.27337
26750 0 0 -0.257403
