# Created at Wed Sep 27 16:42:01 CDT 2017
1836157309034152 1
1836157980573458 2
1836158474347872 3
1836159007734103 4
1836159600263400 5
1836160133527560 6
1836160686597628 7
1836161180402560 8
1836161713727755 9
1836162227308077 10
1836162701337618 11
1836163274152560 12
1836163807447237 13
1836164261762423 14
1836164755567355 15
1836165269118741 16
1836165762954191 17
1836166296248868 18
1836166770308927 19
1836167283858732 20
1836167777694181 21
1836168271468595 22
1836168765273527 23
1836169259139493 24
1836169792403653 25
1836170266524747 26
1836170799758390 27
1836171372573331 28
1836171886153653 29
1836172419448331 30
1836172913253263 31
1836173426803068 32
1836173940383390 33
1836174473708585 34
1836174967501295 35
1836175481112135 36
1836176014376295 37
1836176508211744 38
1836177061281813 39
1836177594607008 40
1836178108156813 41
1836178621676100 42
1836179155031813 43
1836179668612135 44
1836180182100905 45
1836180675905836 46
1836181189486158 47
1836181703035963 48
1836182216616285 49
1836182730196608 50
1836183243715895 51
1836183737520826 52
1836184251101149 53
1836184764681471 54
1836185278216656 55
1836185791735943 56
1836186265826519 57
1836186818896587 58
1836187312732037 59
1836187806506451 60
1836188320086773 61
1836188912616070 62
1836189485461529 63
1836195569200917 64
1836196102495595 65
1836196616075917 66
1836197109880849 67
1836197643145009 68
1836198077715321 69
1836198611071034 70
1836199124620839 71
1836199598619862 72
1836200171465321 73
1836200685015126 74
1836201257860585 75
1836201830645009 76
1836206255206278 77
1836206828021219 78
1836207420611551 79
1836207953906229 80
1836208546466043 81
1836209099536112 82
1836209613085916 83
1836210205676248 84
1836210699481180 85
1836211252581766 86
1836212635241678 87
1836213287036112 88
1836213879595926 89
1836214393176248 90
1836215005533569 91
1836215558542602 92
1836216151102417 93
1836216723947876 94
1836217276987427 95
1836217849863403 96
1836218383158081 97
1836218955942505 98
1836219548563354 99
1836220101602905 100
1836220654642456 101
1836221247232788 102
1836221879312866 103
1836222373148315 104
1836222926248901 105
1836223459513061 106
1836223992807739 107
1836224526163452 108
1836225138440883 109
1836225632306850 110
1836226205121791 111
1836226758130824 112
1836227291486537 113
1836227844526088 114
1836228417371547 115
1836228990186488 116
1836229582776820 117
1836230135785854 118
1836230728406703 119
1836231320936000 120
1836231834546840 121
1836232446821010 122
1836233019696986 123
1836233572706020 124
1836234145520961 125
1836234757886684 126
1836235330669700 127
1836235844250023 128
1836236535595238 129
1836237088665306 130
1836237740490257 131
1836238273784935 132
1836238866344749 133
1836239478710472 134
1836240051525413 135
1836240624309837 136
1836241197185814 137
1836241671215355 138
1836242342815697 139
1836242974865257 140
1836243567425072 141
1836244239086448 142
1836244811842685 143
1836245384688144 144
1836245996962314 145
1836246510573153 146
1836247024092441 147
1836247774702792 148
1836248347548251 149
1836248900587802 150
1836249453657870 151
1836250006727939 152
1836250579573398 153
1836251152388339 154
1836251665907626 155
1836252199263339 156
1836252831343417 157
1836253404158359 158
1836254016493564 159
1836254352247958 160
1836255162121782 161
1836255715161333 162
1836256327496538 163
1836256900280962 164
1836257413861284 165
1836257986737261 166
1836258480481157 167
1836259073071489 168
1836259626111040 169
1836260159497271 170
1836260752057085 171
1836261305096636 172
1836261858136187 173
1836262450757036 174
1836262984051714 175
1836263576581011 176
1836264188946734 177
1836264702494452 178
1836265314860175 179
1836265887675116 180
1836266420969794 181
1836266934519599 182
1836267487559150 183
1836268040629218 184
1836268593699286 185
1836269087473700 186
1836269699839423 187
1836270213419745 188
1836270766459296 189
1836271319529364 190
1836271813334296 191
1836272346659491 192
1836272840464423 193
1836273334299872 194
1836273808359931 195
1836274282389472 196
1836274795976082 197
1836275309556404 198
1836275783585945 199
1836276316941658 200
1836276810716072 201
1836277284745613 202
1836277798356453 203
1836278292161385 204
1836278805741707 205
1836279260026375 206
1836279753800789 207
1836280267381111 208
1836280780900399 209
1836281274766365 210
1836281808061043 211
1836282321671883 212
1836282894486824 213
1836283408036629 214
1836284040086190 215
