200 -0.00171626 0 -0.104125
250 -0.0204612 0 -0.128946
300 -0.0406081 0 -0.122992
350 -0.0708547 0 -0.0977212
400 -0.0984432 0 -0.111751
450 -0.140754 0 -0.225877
500 -0.535924 0 0.0976218
550 -0.795559 0 0.154281
600 -0.637481 0 -0.840838
650 -1.14848 0 0.352837
700 -1.30238 0 0.326907
750 -1.4666 0 0.300724
800 -1.28768 0 0.216345
850 -1.37142 0 0.238624
900 -1.6132 0 0.21295
950 -1.47978 0 0.218007
1000 -1.38013 0 0.137127
1050 -1.29771 0 0.105499
1100 -1.41948 0 0.169791
1150 -1.38936 0 0.209227
1200 -1.39213 0 0.14945
1250 -1.28536 0 0.0787826
1300 -1.39673 0 0.0588428
1350 -1.35635 0 0.193157
1400 -1.3367 0 0.227989
1450 -1.25124 0 0.0971616
1500 -1.38592 0 0.132193
1550 -1.43567 0 0.145451
1600 -1.39306 0 0.147704
1650 -1.37313 0 0.111952
1700 -1.36932 0 0.0739046
1750 -1.47355 0 0.206783
1800 -1.43275 0 0.180873
1850 -1.41507 0 0.0795606
1900 -1.37548 0 -0.00594356
1950 -1.4722 0 0.114192
2000 -1.37605 0 0.180104
2050 -1.34062 0 0.175541
2100 -1.2419 0 0.0628162
2150 -1.33102 0 0.109898
2200 -1.30517 0 0.210879
2250 -1.30249 0 0.274115
2300 -1.28711 0 0.287411
2350 -1.37603 0 0.288823
2400 -1.52302 0 0.281651
2450 -1.57951 0 0.198167
2500 -1.38829 0 0.0136666
2550 -1.41246 0 -0.0166401
2600 -1.54756 0 0.139103
2650 -1.47533 0 0.152217
2700 -1.39408 0 0.0891425
2750 -1.30514 0 0.022407
2800 -1.47015 0 0.142321
2850 -1.38753 0 0.236805
2900 -1.4284 0 0.256441
2950 -1.45854 0 0.244871
3000 -1.54086 0 0.438401
3050 -1.5693 0 0.451431
3100 -1.49319 0 0.286848
3150 -1.41069 0 0.26279
3200 -1.26087 0 0.28747
3250 -1.11951 0 0.231069
3300 -0.927539 0 0.174416
3350 -0.733976 0 0.135175
3400 -0.480129 0 0.017596
3450 -0.362955 0 0.0293361
3500 -0.574313 0 0.189121
3550 -0.732785 0 0.234319
3600 -0.601917 0 0.183641
3650 -0.630804 0 0.226041
3700 -0.746604 0 0.220346
3750 -1.19664 0 0.425642
3800 -1.21072 0 0.337559
3850 -1.24249 0 0.236743
3900 -1.09885 0 0.144867
3950 -1.20342 0 0.439105
4000 -1.04569 0 0.37027
4050 -1.16041 0 0.320455
4100 -1.07433 0 0.242882
4150 -1.15 0 0.314131
4200 -1.33975 0 0.270948
4250 -1.30101 0 0.195738
4300 -1.10803 0 0.179072
4350 -1.05379 0 0.0928248
4400 -1.40181 0 0.234823
4450 -1.3729 0 0.141621
4500 -1.29474 0 0.245843
4550 -1.15503 0 0.177635
4600 -1.24602 0 0.348723
4650 -1.31835 0 0.328074
4700 -1.30947 0 0.279657
4750 -1.16945 0 0.227942
4800 -1.15871 0 0.210809
4850 -1.35608 0 0.345189
4900 -1.30194 0 0.278506
4950 -1.37279 0 0.158384
5000 -1.08517 0 -0.0805826
5050 -1.17492 0 -0.0196925
5100 -1.28045 0 0.0678315
5150 -1.2683 0 0.127436
5200 -1.09425 0 0.0490204
5250 -0.85384 0 0.161545
5300 -1.07698 0 0.29673
5350 -1.0364 0 0.336688
5400 -1.09706 0 0.268577
5450 -0.92615 0 0.245929
5500 -1.1453 0 0.439662
5550 -1.20794 0 0.331022
5600 -1.22383 0 0.300775
5650 -1.16452 0 0.211882
5700 -1.11243 0 0.171115
5750 -1.28651 0 0.18089
5800 -1.2179 0 0.0442244
5850 -1.33561 0 0.14061
5900 -1.12623 0 -0.0236228
5950 -1.33396 0 0.0401722
6000 -1.32937 0 0.0493852
6050 -1.16397 0 0.0732839
6100 -1.14068 0 0.130014
6150 -1.14837 0 0.184573
6200 -1.18187 0 0.328941
6250 -1.18928 0 0.303273
6300 -1.22621 0 0.193454
6350 -0.946809 0 0.178185
6400 -1.05081 0 0.332721
6450 -1.08572 0 0.515363
6500 -1.05278 0 0.408537
6550 -0.949276 0 0.282535
6600 -0.883031 0 0.25172
6650 -1.06986 0 0.270107
6700 -1.04515 0 0.263796
6750 -1.14013 0 0.264703
6800 -1.0668 0 0.194379
6850 -1.00655 0 0.196784
6900 -1.31619 0 0.362203
6950 -1.25295 0 0.291861
7000 -1.33117 0 0.192755
7050 -1.09049 0 0.161805
7100 -1.10381 0 0.200006
7150 -1.37109 0 0.229699
7200 -1.0603 0 0.127295
7250 -1.164 0 0.213162
7300 -0.796068 0 0.121983
7350 -0.597358 0 0.12929
7400 -0.568188 0 0.224553
7450 -0.465233 0 0.107606
7500 -0.0255245 0 -0.432483
7550 0.00743339 0 -0.445318
7600 -0.0396513 0 -0.406701
7650 -0.0589536 0 -0.272807
7700 -0.0456982 0 -0.17619
7750 -0.0441252 0 -0.159842
7800 -0.0608407 0 -0.139751
7850 -0.0329787 0 -0.12504
7900 -0.0431608 0 -0.123508
7950 -0.0398399 0 -0.129137
8000 -0.00866077 0 -0.121305
