# Created at Wed Sep 27 16:48:56 CDT 2017
1836570664388172 1
1836571158193104 2
1836571691548817 3
1836572205098621 4
1836572738362782 5
1836573251973621 6
1836573805013172 7
1836574279056306 8
1836574832126374 9
1836575325992341 10
1836575879031892 11
1836576372806306 12
1836576945651765 13
1836577439426179 14
1836577992496247 15
1836578506107087 16
1836579039432282 17
1836579552951570 18
1836580105991120 19
1836580599826570 20
1836581133151765 21
1836581587436433 22
1836582101047273 23
1836582555301423 24
1836583049136872 25
1836583503452058 26
1836584017060970 27
1836584530641292 28
1836585083650326 29
1836585656526302 30
1836586288575863 31
1836586960145687 32
1836590199586605 33
1836590693361019 34
1836591246461605 35
1836591760041927 36
1836592372346615 37
1836592905702327 38
1836593498201107 39
1836594011764189 40
1836594604354521 41
1836595117934843 42
1836595710525175 43
1836596243850371 44
1836596836410185 45
1836597369704863 46
1836597962325712 47
1836598456130644 48
1836599107986113 49
1836599601821562 50
1836600194320341 51
1836600707961699 52
1836601280746123 53
1836601814071318 54
1836602446151396 55
1836602920211455 56
1836603552261015 57
1836604085604254 58
1836604737429205 59
1836605290499274 60
1836605942324225 61
1836606515139166 62
1836607107698981 63
1836607739809576 64
1836608292910162 65
