200 0.0253371 0 -0.0285452
250 0.01788 0 -0.0175556
300 0.0135453 0 0.00548025
350 0.0174521 0 -0.00299902
400 0.0165424 0 -0.0220061
450 0.0140873 0 -0.0243564
500 0.020891 0 -0.00821311
550 0.00878389 0 0.00113457
600 0.0166545 0 -0.0223052
650 0.0130623 0 -0.0562617
700 -0.00599943 0 -0.0823877
750 -0.00160806 0 -0.178976
800 0.0883049 0 -0.275859
850 0.225902 0 -0.754052
900 0.580543 0 -0.82246
950 0.373622 0 -0.664701
1000 0.166946 0 -0.625444
1050 0.244095 0 -0.526791
1100 0.286308 0 -0.573923
1150 0.291216 0 -0.530466
1200 0.236152 0 -0.593596
1250 0.23801 0 -0.521913
1300 0.261173 0 -0.503737
1350 0.283047 0 -0.524659
1400 0.258718 0 -0.529815
1450 0.216845 0 -0.571233
1500 0.249735 0 -0.501643
1550 0.27679 0 -0.520379
1600 0.272506 0 -0.523244
1650 0.2323 0 -0.495493
1700 0.246932 0 -0.503439
1750 0.27258 0 -0.516125
1800 0.270631 0 -0.504111
1850 0.242462 0 -0.530208
1900 0.25157 0 -0.500251
1950 0.265545 0 -0.490216
2000 0.271024 0 -0.488891
2050 0.257284 0 -0.486822
2100 0.243037 0 -0.50732
2150 0.256588 0 -0.476004
2200 0.273938 0 -0.487544
2250 0.273797 0 -0.489433
2300 0.248157 0 -0.497727
2350 0.249279 0 -0.479742
2400 0.263817 0 -0.495442
2450 0.270072 0 -0.487351
2500 0.257929 0 -0.546791
2550 0.22468 0 -0.556656
2600 0.254895 0 -0.503794
2650 0.275552 0 -0.529402
2700 0.267933 0 -0.512272
2750 0.223551 0 -0.518048
2800 0.246938 0 -0.515559
2850 0.28839 0 -0.544837
2900 0.28961 0 -0.547682
2950 0.224056 0 -0.603701
3000 0.243238 0 -0.519301
3050 0.265595 0 -0.507973
3100 0.274942 0 -0.506584
3150 0.253823 0 -0.507811
3200 0.22446 0 -0.536667
3250 0.255756 0 -0.499572
3300 0.277546 0 -0.525975
3350 0.270171 0 -0.516368
3400 0.230181 0 -0.510848
3450 0.252571 0 -0.483792
3500 0.2686 0 -0.492689
3550 0.264455 0 -0.496311
3600 0.237592 0 -0.513898
3650 0.232339 0 -0.523922
3700 0.24586 0 -0.50703
3750 0.277004 0 -0.51937
3800 0.250688 0 -0.522694
3850 0.223691 0 -0.607335
3900 0.247958 0 -0.511604
3950 0.286444 0 -0.537323
4000 0.283553 0 -0.537938
4050 0.228151 0 -0.521564
4100 0.241681 0 -0.5077
4150 0.273698 0 -0.534945
4200 0.280633 0 -0.522161
4250 0.253171 0 -0.551302
4300 0.239668 0 -0.548312
4350 0.257926 0 -0.502171
4400 0.287019 0 -0.515934
4450 0.268898 0 -0.527624
4500 0.237569 0 -0.495697
4550 0.25228 0 -0.492585
4600 0.277846 0 -0.510864
4650 0.275049 0 -0.50667
4700 0.240488 0 -0.520445
4750 0.242291 0 -0.492588
4800 0.272248 0 -0.514658
4850 0.277299 0 -0.498806
4900 0.25315 0 -0.549485
4950 0.232001 0 -0.538244
5000 0.253977 0 -0.496623
5050 0.27698 0 -0.510306
5100 0.268301 0 -0.506432
5150 0.237487 0 -0.497733
5200 0.251193 0 -0.487768
5250 0.276128 0 -0.501305
5300 0.270966 0 -0.505736
5350 0.24462 0 -0.530217
5400 0.249336 0 -0.501047
5450 0.26901 0 -0.50202
5500 0.26993 0 -0.493798
5550 0.252921 0 -0.497593
5600 0.230986 0 -0.53607
5650 0.256698 0 -0.480592
5700 0.268921 0 -0.494549
5750 0.265229 0 -0.49044
5800 0.244242 0 -0.481931
5850 0.252508 0 -0.482364
5900 0.270222 0 -0.493003
5950 0.270087 0 -0.501274
6000 0.247984 0 -0.507845
6050 0.248388 0 -0.484973
6100 0.263269 0 -0.488799
6150 0.268193 0 -0.489619
6200 0.258501 0 -0.533368
6250 0.197528 0 -0.646546
6300 0.249724 0 -0.553349
6350 0.2904 0 -0.558073
6400 0.26273 0 -0.554281
6450 0.232206 0 -0.510606
6500 0.24419 0 -0.501589
6550 0.278132 0 -0.525488
6600 0.275426 0 -0.515744
6650 0.247361 0 -0.50223
6700 0.2551 0 -0.478545
6750 0.270626 0 -0.489477
6800 0.268928 0 -0.482614
6850 0.257314 0 -0.53121
6900 0.243099 0 -0.523354
6950 0.256679 0 -0.483156
7000 0.269987 0 -0.487528
7050 0.264216 0 -0.493739
7100 0.222123 0 -0.512351
7150 0.244328 0 -0.524174
7200 0.280627 0 -0.550866
7250 0.295988 0 -0.544928
7300 0.244976 0 -0.564966
7350 0.250096 0 -0.499651
7400 0.260041 0 -0.491711
7450 0.274483 0 -0.502603
7500 0.261806 0 -0.532471
7550 0.215312 0 -0.568495
7600 0.258608 0 -0.512586
7650 0.281622 0 -0.539141
7700 0.268442 0 -0.519684
7750 0.24602 0 -0.49632
7800 0.255811 0 -0.478932
7850 0.265976 0 -0.481736
7900 0.264546 0 -0.487772
7950 0.248063 0 -0.500413
8000 0.252921 0 -0.487103
8050 0.266546 0 -0.487978
8100 0.266193 0 -0.480204
8150 0.258371 0 -0.492554
8200 0.235024 0 -0.522486
8250 0.254031 0 -0.472839
8300 0.261539 0 -0.48053
8350 0.259849 0 -0.476687
8400 0.244624 0 -0.477604
8450 0.255402 0 -0.479594
8500 0.266106 0 -0.486544
8550 0.266793 0 -0.481129
8600 0.247641 0 -0.513325
8650 0.249895 0 -0.490504
8700 0.261097 0 -0.481556
8750 0.269691 0 -0.485693
8800 0.262266 0 -0.502426
8850 0.244715 0 -0.524407
8900 0.262439 0 -0.482576
8950 0.264801 0 -0.484103
9000 0.264163 0 -0.484481
9050 0.238103 0 -0.477924
9100 0.250575 0 -0.484893
9150 0.268882 0 -0.494261
9200 0.264934 0 -0.485525
9250 0.248303 0 -0.532058
9300 0.249369 0 -0.498406
9350 0.256212 0 -0.477243
9400 0.270784 0 -0.486608
9450 0.259953 0 -0.485594
9500 0.242344 0 -0.498874
9550 0.25235 0 -0.475854
9600 0.267838 0 -0.484216
9650 0.261078 0 -0.482627
9700 0.245023 0 -0.502894
9750 0.250624 0 -0.483361
9800 0.262577 0 -0.483234
9850 0.267169 0 -0.484356
9900 0.25057 0 -0.515152
9950 0.222913 0 -0.555075
10000 0.251748 0 -0.498805
10050 0.276976 0 -0.526091
10100 0.264197 0 -0.530478
10150 0.176593 0 -0.592696
10200 0.231822 0 -0.605641
10250 0.330433 0 -0.653017
10300 0.331027 0 -0.609293
10350 0.237393 0 -0.591197
10400 0.240199 0 -0.543924
10450 0.260866 0 -0.527153
10500 0.281457 0 -0.531656
10550 0.254458 0 -0.562724
10600 0.234925 0 -0.542276
10650 0.260186 0 -0.495574
10700 0.267217 0 -0.496631
10750 0.265345 0 -0.497043
10800 0.230723 0 -0.490324
10850 0.243847 0 -0.49777
10900 0.274814 0 -0.515597
10950 0.271408 0 -0.502704
11000 0.239658 0 -0.567732
11050 0.241103 0 -0.547827
11100 0.25997 0 -0.508141
11150 0.290595 0 -0.524568
11200 0.267862 0 -0.525664
11250 0.235304 0 -0.515773
11300 0.249921 0 -0.492795
11350 0.271839 0 -0.503319
11400 0.266909 0 -0.495745
11450 0.240555 0 -0.545207
11500 0.253297 0 -0.487292
11550 0.26507 0 -0.48441
11600 0.270194 0 -0.483503
11650 0.260851 0 -0.487059
11700 0.248926 0 -0.485418
11750 0.257346 0 -0.466446
11800 0.261041 0 -0.468747
11850 0.262743 0 -0.475876
11900 0.245346 0 -0.482177
11950 0.250835 0 -0.469919
12000 0.26235 0 -0.480913
12050 0.262518 0 -0.469785
12100 0.255624 0 -0.5001
12150 0.23973 0 -0.504875
12200 0.253879 0 -0.47647
12250 0.262631 0 -0.4762
12300 0.257069 0 -0.473718
12350 0.216743 0 -0.466475
12400 0.237913 0 -0.468045
12450 0.256097 0 -0.482153
12500 0.26384 0 -0.474413
12550 0.254052 0 -0.492221
12600 0.216212 0 -0.552819
12650 0.241155 0 -0.486844
12700 0.225557 0 -0.405585
12750 0.120066 0 -0.245568
12800 -0.0866958 0 -0.0174736
12850 -0.165574 0 0.0917087
12900 0.0103152 0 0.0101622
12950 0.0511972 0 0.00991257
13000 0.0965589 0 0.0435183
13050 0.0806722 0 -0.0606954
13100 -0.00888147 0 0.0365783
13150 0.0135981 0 -0.0815559
13200 0.0999366 0 -0.174334
13250 -0.00711575 0 -0.185435
13300 0.134621 0 -0.185991
13350 -0.266005 0 0.0545031
13400 0.0353054 0 -0.161547
13450 -0.00237035 0 0.0306106
13500 -0.057141 0 0.0425595
13550 0.0209842 0 -0.043821
13600 0.0237594 0 -0.0202871
13650 0.00188354 0 -0.0255214
13700 0.0546341 0 -0.0807782
13750 0.0663417 0 -0.0643208
13800 0.0887532 0 -0.0345606
13850 0.107718 0 0.0406206
13900 0.0654092 0 0.0285432
13950 0.0736334 0 0.0541814
