# Created at Thu Mar 08 13:38:48 CST 2018
2236428647936277 1
2236429161516599 2
2236429754137448 3
2236430228166989 4
2236430801042966 5
2236431275103025 6
2236431847948484 7
2236432361559323 8
2236432914645087 9
2236433388735663 10
2236433941805732 11
2236434415896308 12
2236434988680732 13
2236435462771308 14
2236436015871894 15
2236436509737861 16
2236437043063056 17
2236437536929023 18
2236438070223701 19
2236438524569404 20
2236439057925117 21
2236439532015693 22
2236440085085761 23
2236440578921210 24
2236441112276923 25
2236441606081855 26
2236442159182441 27
2236442613497626 28
2236443146905051 29
2236443620995627 30
2236444154290305 31
2236444648156272 32
2236445181481467 33
2236445655572043 34
2236446188927756 35
2236446682763205 36
2236447216088400 37
2236447690178977 38
2236448263024436 39
2236448737115012 40
2236449250695334 41
2236449744530783 42
2236450317376242 43
2236450811211691 44
2236451364312277 45
2236451877923117 46
2236452411248313 47
2236452924848006 48
2236453477918075 49
2236453952069686 50
2236454505109237 51
2236454998975204 52
2236455571790145 53
2236456045880721 54
2236456598950790 55
2236457112592147 56
2236457645886825 57
2236458159467147 58
2236458732343124 59
2236459206433700 60
2236459799024032 61
2236460292859481 62
2236460885510848 63
2236461399091170 64
2236461932416366 65
2236462465772079 66
2236463018844028 67
2236463532424350 68
2236464164595981 69
2236464638625522 70
2236465330031772 71
2236465744857212 72
2236466258407016 73
2236466752242466 74
2236467344863315 75
2236467818953891 76
2236468391799350 77
2236468885665317 78
2236469419021030 79
2236469952346225 80
2236470525191684 81
2236471019057651 82
2236471572127719 83
2236472105452915 84
2236472678359409 85
2236473172165040 86
2236473764755372 87
2236474278396729 88
2236474851211670 89
2236475345047120 90
2236475878433350 91
2236476392013672 92
2236476945083741 93
2236477438919190 94
2236477992050293 95
2236478485916260 96
2236478999466065 97
2236479473587159 98
2236479987136963 99
2236480500717286 100
2236481034103516 101
2236481527938965 102
2236482041488770 103
2236482555099610 104
2236483068670547 105
2236483562567031 106
2236484095861709 107
2236484569952285 108
2236485103338516 109
2236485616918838 110
2236486209539688 111
2236486703375137 112
2236487276190078 113
2236487770056045 114
2236488323187149 115
2236488856481826 116
2236489449102676 117
2236490100988662 118
2236490575109756 119
2236491068884170 120
2236491681280410 121
2236492175115860 122
2236492708441055 123
2236493162761913 124
2236493755382763 125
2236494288738476 126
2236494782573925 127
2236495296154247 128
2236495770244824 129
2236496264110790 130
2236496817180859 131
2236497291271435 132
2236497804851757 133
2236498357952343 134
2236498891308056 135
2236499404918896 136
2236499938274609 137
2236500432079540 138
2236500985210644 139
2236501479076611 140
2236502051922070 141
2236502565502392 142
2236503138347851 143
2236503651989208 144
2236504264312505 145
2236504758147955 146
2236505311218023 147
2236505844573736 148
2236506358184576 149
2236506931030035 150
2236507503906011 151
2236507997710943 152
2236508610076666 153
2236509123687505 154
2236509696563482 155
2236510210113287 156
2236510743469000 157
2236511375610113 158
2236511948486089 159
2236512244781255 160
2236515820207512 161
2236517064653313 162
2236517578233635 163
2236518032579338 164
2236518546159660 165
2236519040056145 166
2236519514146721 167
2236520007982170 168
2236520580797112 169
2236521015367424 170
2236521509233391 171
2236522062333977 172
2236522595689690 173
2236523109270012 174
2236523642623602 175
2236524116714178 176
2236524748824774 177
2236525242690741 178
2236525914291082 179
2236529213149725 180
2236529687301336 181
2236530220596014 182
2236530714431463 183
2236531267532049 184
2236531702132879 185
2236532215713202 186
2236532689803778 187
2236533163863836 188
2236533618209539 189
2236534092319454 190
2236534566379513 191
2236535040500607 192
2236535514591183 193
2236535988681759 194
2236536482486690 195
2236536956607784 196
2236537430698360 197
2236537904788937 198
2236538398624386 199
2236538892459835 200
2236539366519894 201
2236539840640987 202
2236540314731564 203
2236540828342403 204
2236541322177853 205
2236541855472530 206
2236542369083370 207
2236542882724728 208
2236543139469112 209
2236543455570187 210
2236544186434265 211
