# Created at Wed Mar 07 18:07:51 CST 2018
2166177075961785 1
2166177708041863 2
2166178122836785 3
2166178695682244 4
2166179169742302 5
2166179742618279 6
2166180216678337 7
2166180730258660 8
2166181243838982 9
2166181816714959 10
2166182271060662 11
2166182804318907 12
2166183298154356 13
2166183831479551 14
2166184285825254 15
2166184759915831 16
2166185214231016 17
2166185727811338 18
2166186162381651 19
2166186636472227 20
2166187130338194 21
2166187624143126 22
2166188098264219 23
2166188552518370 24
2166189105588438 25
2166189559934141 26
2166189974759581 27
2166190448850157 28
2166190962460997 29
2166191436521055 30
2166191930356504 31
2166192424222471 32
2166192898301451 33
2166193451371519 34
2166193866257994 35
2166194419297545 36
2166194893327086 37
2166195327927916 38
2166195841508238 39
2166196374833433 40
2166196888474791 41
2166197461350767 42
2166197915604918 43
2166198508225767 44
2166199081101744 45
2166199515641539 46
2166200088456480 47
2166200602067320 48
2166201115647642 49
2166201708299009 50
2166202182328550 51
2166202715653746 52
2166203189787564 53
2166203762602505 54
2166204197233853 55
2166205204619107 56
2166205757719692 57
2166206231779751 58
2166206824370083 59
2166207278746304 60
2166207812040982 61
2166208365172085 62
2166208858977017 63
2166209431852993 64
2166209925657925 65
2166211150389370 66
2166211742949185 67
2166212236784634 68
2166215041756106 69
2166215555336428 70
2166216108437014 71
2166216701027346 72
2166217175148440 73
2166217748024416 74
2166218222084475 75
2166218755379153 76
2166219189949465 77
2166219802345705 78
2166220276436281 79
2166220789986086 80
2166221244301272 81
2166221836922121 82
2166222330788088 83
2166222883848767 84
2166223357939343 85
2166223832060437 86
2166224365385632 87
2166224918516736 88
2166225412321667 89
2166225827116589 90
2166227446928601 91
2166227940764050 92
2166228474089245 93
2166229007444958 94
2166230014860730 95
2166230528502087 96
2166231042021374 97
2166231535887341 98
2166231990202527 99
2166232464293103 100
2166233017405837 101
2166233550700515 102
2166234064280837 103
2166234538371413 104
2166235071727126 105
2166235545848220 106
2166236039653152 107
2166236573008865 108
2166237086528152 109
2166237580394119 110
2166238113780349 111
2166238647075027 112
2166239200175613 113
2166239654521316 114
2166240108836501 115
2166240760753005 116
2166241787883132 117
2166242202739089 118
2166242716267802 119
2166243190388896 120
2166243763234355 121
2166244217549540 122
2166244810139872 123
2166245343526103 124
2166245857106425 125
2166246350911357 126
2166246904011943 127
2166247378102519 128
2166247950978495 129
2166248405293681 130
2166248918904521 131
2166249412678935 132
2166249946065165 133
2166250380635478 134
2166251980641581 135
2166252454732157 136
2166252909099335 137
2166253481944794 138
2166253956065887 139
2166254548656219 140
2166254943706268 141
2166256089397186 142
2166256603038544 143
2166257057353729 144
2166257649913544 145
2166258064738983 146
2166258657359833 147
2166262193217987 148
2166263299431425 149
2166263793297392 150
2166264326592070 151
2166264780876738 152
2166265432793242 153
2166265867363554 154
2166266361199003 155
2166266855064970 156
2166267388420683 157
2166267882225615 158
2166268494591337 159
2166268968681914 160
2166269462517363 161
2166269995812041 162
2166270469933134 163
2166271082268339 164
2166271497093779 165
2166272563858155 166
2166273077468995 167
2166273551529054 168
2166274124343995 169
2166274558944825 170
2166275131790284 171
2166275645370606 172
2166276198501710 173
2166276672531251 174
2166277166397218 175
2166277640487794 176
2166278193557862 177
2166278726913575 178
2166279220779542 179
2166279714614991 180
2166280247940186 181
2166280722000245 182
2166281255355958 183
2166281729477052 184
2166282262771729 185
2166282697368685 186
2166283250499789 187
2166283744365756 188
2166284277660434 189
2166284712230746 190
2166285304821078 191
2166285699932162 192
2166293858159529 193
2166294450688826 194
2166294924779402 195
2166295497655378 196
2166295932256208 197
2166297710027204 198
2166298184148298 199
2166298737218367 200
2166299231053816 201
2166299685399519 202
2166300060735212 203
2166300653295027 204
2166301107640730 205
2166301641026960 206
2166302075597273 207
2166302608922468 208
2166303063268171 209
2166303596595361 210
2166304050971581 211
2166304564521386 212
2166305018836571 213
2166305552222802 214
2166305986762597 215
2166306539863183 216
2166307053474023 217
2166307527564599 218
2166308021400048 219
2166308534980370 220
2166308989387109 221
2166309502967431 222
2166309976996972 223
2166310490577294 224
2166311004157616 225
2166311537513329 226
2166311991828515 227
2166312564765527 228
2166313058539941 229
