200 -0.0118402 0 0.0239304
250 -0.0103574 0 0.0163285
300 -0.00278548 0 0.0149238
350 -0.00335814 0 0.0176845
400 -0.00557697 0 0.0194495
450 -0.0141786 0 0.0202106
500 -0.014734 0 0.0184226
550 -0.0182951 0 0.0252739
600 -0.0237335 0 0.0295579
650 -0.0194308 0 0.0154904
700 -0.0165172 0 0.00590921
750 -0.0549131 0 -0.0317895
800 -0.0100451 0 -0.0680981
850 -0.20588 0 0.0763175
900 -0.304749 0 0.251501
950 -0.412125 0 0.47823
1000 -0.502429 0 0.347904
1050 -0.557745 0 0.245803
1100 -0.653326 0 0.149497
1150 -0.63103 0 0.187194
1200 -0.566664 0 0.427229
1250 -0.59179 0 0.50269
1300 -0.68304 0 0.356944
1350 -0.750669 0 0.299952
1400 -0.682391 0 0.237489
1450 -0.501738 0 0.232323
1500 -0.582308 0 0.41142
1550 -0.581403 0 0.392352
1600 -0.620141 0 0.260348
1650 -0.860036 0 0.193097
1700 -0.685526 0 0.137197
1750 -0.642543 0 0.378573
1800 -0.650215 0 0.494536
1850 -0.630951 0 0.424486
1900 -0.753992 0 0.273349
1950 -0.742022 0 0.17437
2000 -0.584334 0 0.248587
2050 -0.742662 0 0.481528
2100 -0.712642 0 0.49371
2150 -0.845433 0 0.398457
2200 -0.967916 0 0.311463
2250 -0.738293 0 0.245439
2300 -0.769843 0 0.429525
2350 -0.902401 0 0.538781
2400 -1.02656 0 0.523058
2450 -1.06618 0 0.460747
2500 -1.07222 0 0.405054
2550 -1.05858 0 0.563001
2600 -1.09693 0 0.659655
2650 -1.19729 0 0.618765
2700 -1.18615 0 0.562148
2750 -1.24019 0 0.644821
2800 -1.25616 0 0.695913
2850 -1.33316 0 0.724805
2900 -1.28593 0 0.536978
2950 -1.28694 0 0.718115
3000 -1.27821 0 0.677046
3050 -1.32142 0 0.65205
3100 -1.33141 0 0.564973
3150 -1.34876 0 0.756152
3200 -1.39 0 0.666067
3250 -1.33845 0 0.63771
3300 -1.36168 0 0.528233
3350 -1.33433 0 0.63094
3400 -1.26247 0 0.615439
3450 -1.30261 0 0.5542
3500 -1.29886 0 0.565434
3550 -1.37911 0 0.655836
3600 -1.27292 0 0.656672
3650 -1.28838 0 0.587551
3700 -1.33173 0 0.623546
3750 -1.29617 0 0.680475
3800 -1.31608 0 0.637541
3850 -1.31352 0 0.611501
3900 -1.29647 0 0.723809
3950 -1.35441 0 0.765037
4000 -1.37877 0 0.70275
4050 -1.31164 0 0.602319
4100 -1.33427 0 0.749285
4150 -1.3252 0 0.725803
4200 -1.32536 0 0.701351
4250 -1.31617 0 0.589977
4300 -1.20505 0 0.827174
4350 -1.13287 0 0.773692
4400 -1.25759 0 0.737218
4450 -1.2013 0 0.563477
4500 -1.03517 0 0.707958
4550 -0.848538 0 0.742204
4600 -0.929546 0 0.604168
4650 -0.954302 0 0.476486
4700 -0.922921 0 0.528532
4750 -0.760895 0 0.617422
4800 -0.807671 0 0.603406
4850 -1.07925 0 0.417144
4900 -0.853394 0 0.273444
4950 -0.712526 0 0.413197
5000 -0.900231 0 0.606711
5050 -0.855247 0 0.545399
5100 -0.974559 0 0.38161
5150 -0.746121 0 0.224038
5200 -0.715998 0 0.444077
5250 -0.795508 0 0.574956
5300 -0.777319 0 0.46939
5350 -0.96806 0 0.405789
5400 -0.781023 0 0.276118
5450 -0.818696 0 0.426413
5500 -0.815054 0 0.536513
5550 -0.729484 0 0.43149
5600 -0.928945 0 0.307293
5650 -0.737065 0 0.227887
5700 -0.707656 0 0.469126
5750 -0.758187 0 0.564167
5800 -0.716074 0 0.462501
5850 -0.747239 0 0.320306
5900 -0.714808 0 0.174314
5950 -0.628434 0 0.332589
6000 -0.673862 0 0.513383
6050 -0.53942 0 0.38668
6100 -0.629968 0 0.264204
6150 -0.83599 0 0.151824
6200 -0.645831 0 0.185315
6250 -0.71002 0 0.481253
6300 -0.59342 0 0.473252
6350 -0.629766 0 0.328057
6400 -0.844673 0 0.295063
6450 -0.704386 0 0.166496
6500 -0.52391 0 0.33989
6550 -0.584073 0 0.459419
6600 -0.524992 0 0.390624
6650 -0.688666 0 0.297592
6700 -0.883277 0 0.202973
6750 -0.645526 0 0.200244
6800 -0.824264 0 0.520097
6850 -0.925741 0 0.525279
6900 -0.866032 0 0.443158
6950 -1.04818 0 0.376139
7000 -1.05655 0 0.409053
7050 -1.05339 0 0.557877
7100 -1.14152 0 0.658507
7150 -1.23218 0 0.590009
7200 -1.29322 0 0.503827
7250 -1.36503 0 0.693157
7300 -1.29537 0 0.693856
7350 -1.31915 0 0.678238
7400 -1.28288 0 0.529194
7450 -1.34023 0 0.712869
7500 -1.32133 0 0.673244
7550 -1.2854 0 0.671092
7600 -1.29521 0 0.559156
7650 -1.33787 0 0.738465
7700 -1.33163 0 0.660156
7750 -1.36086 0 0.607933
7800 -1.37508 0 0.548566
7850 -1.43712 0 0.698304
7900 -1.39019 0 0.71889
7950 -1.47201 0 0.550252
8000 -1.42724 0 0.524133
8050 -1.33724 0 0.72364
8100 -1.34455 0 0.733811
8150 -1.30615 0 0.565475
8200 -1.31318 0 0.529591
8250 -1.24257 0 0.616548
8300 -1.21022 0 0.60726
8350 -1.15679 0 0.549018
8400 -1.05053 0 0.597989
8450 -0.901499 0 0.704349
8500 -0.87727 0 0.673538
8550 -0.949395 0 0.596294
8600 -0.835368 0 0.586957
8650 -0.68325 0 0.724729
8700 -0.578015 0 0.689528
8750 -0.83176 0 0.514737
8800 -0.877876 0 0.355856
8850 -0.66876 0 0.426094
8900 -0.712401 0 0.480743
8950 -0.635545 0 0.420781
9000 -0.784993 0 0.289958
9050 -0.823436 0 0.19581
9100 -0.658868 0 0.386497
9150 -0.744894 0 0.423036
9200 -0.69219 0 0.35296
9250 -0.851321 0 0.301741
9300 -0.876 0 0.182578
9350 -0.746691 0 0.290901
9400 -0.768766 0 0.550394
9450 -0.767056 0 0.418969
9500 -0.850494 0 0.35085
9550 -0.891691 0 0.225853
9600 -0.711104 0 0.287344
9650 -0.703884 0 0.482829
9700 -0.660074 0 0.43956
9750 -0.765181 0 0.361066
9800 -0.963823 0 0.265803
9850 -0.777365 0 0.187402
9900 -0.700706 0 0.349235
9950 -0.701769 0 0.386614
10000 -0.784186 0 0.328208
10050 -0.930377 0 0.31687
10100 -0.880341 0 0.180889
10150 -0.827501 0 0.17744
10200 -0.753813 0 0.325851
10250 -0.686039 0 0.343445
10300 -0.720316 0 0.359811
10350 -0.872039 0 0.215801
10400 -0.790908 0 0.191336
10450 -0.586181 0 0.235607
10500 -0.516477 0 0.276081
10550 -0.434763 0 0.219892
10600 -0.571696 0 0.123931
10650 0.0264715 0 -0.197077
10700 -0.561917 0 0.0813511
10750 -0.417258 0 0.186767
10800 -0.470025 0 0.363303
10850 -0.597371 0 0.355868
10900 -0.826189 0 0.178623
10950 -0.793739 0 0.161769
11000 -0.709946 0 0.213805
11050 -0.725942 0 0.559179
11100 -0.620927 0 0.44889
11150 -0.747629 0 0.292979
11200 -0.748565 0 0.25588
11250 -0.565055 0 0.228384
11300 -0.561714 0 0.440559
11350 -0.522823 0 0.447936
11400 -0.617072 0 0.3367
11450 -0.913414 0 0.248578
11500 -0.834936 0 0.149912
11550 -0.639906 0 0.27196
11600 -0.532688 0 0.380052
11650 -0.509527 0 0.334437
11700 -0.63815 0 0.294338
11750 -0.693985 0 0.172922
11800 -0.79247 0 0.219754
11850 -1.06882 0 0.667514
11900 -1.05816 0 0.669244
11950 -1.20937 0 0.524126
12000 -1.14763 0 0.323899
12050 -1.18952 0 0.421764
12100 -1.21189 0 0.668479
12150 -1.30038 0 0.666
12200 -1.3631 0 0.546087
12250 -1.36844 0 0.570042
12300 -1.29928 0 0.594442
12350 -1.27288 0 0.58833
12400 -1.33029 0 0.456499
12450 -1.4064 0 0.564664
12500 -1.42012 0 0.646632
12550 -1.38427 0 0.656793
12600 -1.32377 0 0.460895
12650 -1.3548 0 0.607532
12700 -1.27211 0 0.562726
12750 -1.25195 0 0.545494
12800 -1.30023 0 0.471082
12850 -1.35863 0 0.628167
12900 -1.33814 0 0.60527
12950 -1.28851 0 0.530572
13000 -1.34544 0 0.487702
13050 -1.38706 0 0.59784
13100 -1.3121 0 0.621768
13150 -1.43403 0 0.565017
13200 -1.46596 0 0.567411
13250 -1.42764 0 0.672674
13300 -1.36096 0 0.649716
13350 -1.39098 0 0.524521
13400 -1.32238 0 0.644125
13450 0.394364 0 -1.03704
13500 -1.18953 0 0.555006
13550 -1.19615 0 0.460981
13600 -1.16786 0 0.575008
13650 -1.30154 0 0.631297
13700 -1.2858 0 0.597038
13750 -1.32063 0 0.459671
13800 -1.28993 0 0.571758
13850 -1.27781 0 0.566655
13900 -1.3336 0 0.521997
13950 -1.34435 0 0.530685
14000 -1.37857 0 0.695278
14050 -1.39502 0 0.698131
14100 -1.34182 0 0.623453
14150 -1.35974 0 0.629383
14200 -1.29149 0 0.69849
14250 -1.33892 0 0.667656
14300 -1.2987 0 0.512675
14350 -1.23646 0 0.572965
14400 -1.19846 0 0.642514
14450 -1.18968 0 0.599857
14500 -1.09854 0 0.478244
14550 -1.1104 0 0.516761
14600 -0.998686 0 0.565954
14650 -1.01403 0 0.483723
14700 -0.997631 0 0.390151
14750 -0.895022 0 0.397647
14800 -0.824655 0 0.518198
14850 -0.845055 0 0.562707
14900 -0.982484 0 0.452159
14950 -0.870428 0 0.334991
15000 -0.734106 0 0.372438
15050 -0.813865 0 0.535452
15100 -0.75394 0 0.523192
15150 -0.947258 0 0.328593
15200 -0.921142 0 0.245598
15250 -0.685934 0 0.382765
15300 -0.766536 0 0.501078
15350 -0.704052 0 0.422547
15400 -0.724625 0 0.317961
15450 -0.820066 0 0.26889
15500 -0.652961 0 0.2223
15550 -0.64949 0 0.473413
15600 -0.582225 0 0.453087
15650 -0.708939 0 0.308681
15700 -0.896619 0 0.230156
15750 -0.815168 0 0.110355
15800 -0.60346 0 0.251412
15850 -0.680128 0 0.407871
15900 -0.59243 0 0.374569
15950 -0.750164 0 0.244263
16000 -0.983588 0 0.166715
16050 -0.730432 0 0.0999412
16100 -0.703046 0 0.295937
16150 -0.654018 0 0.374944
16200 -0.648045 0 0.373713
16250 -0.753578 0 0.289632
16300 -0.806127 0 0.207366
16350 -0.645069 0 0.264354
16400 -0.651532 0 0.463746
16450 -0.610603 0 0.46471
16500 -0.769141 0 0.346755
16550 -0.989433 0 0.322369
16600 -0.840334 0 0.290057
16650 -0.718566 0 0.482213
16700 -0.744755 0 0.469057
16750 -0.746541 0 0.375631
16800 -0.851225 0 0.285986
16850 -0.689255 0 0.225618
16900 -0.546426 0 0.392257
16950 -0.573781 0 0.438994
17000 -0.524974 0 0.277018
17050 -0.66097 0 0.221849
17100 -0.692438 0 0.134042
17150 -0.432215 0 0.257404
17200 -0.638544 0 0.464336
17250 -0.541258 0 0.392662
17300 -0.634417 0 0.299107
17350 -0.848527 0 0.214016
17400 -0.64606 0 0.175208
17450 -0.439676 0 0.437837
17500 -0.566643 0 0.429512
17550 -0.65227 0 0.346453
17600 -0.759699 0 0.250525
17650 -0.784411 0 0.127487
17700 -0.542285 0 0.219563
17750 -0.562098 0 0.463461
17800 -0.586166 0 0.446441
17850 -0.565161 0 0.291766
17900 -0.716711 0 0.218891
17950 -0.773297 0 0.139027
18000 -0.553154 0 0.209246
18050 -0.42668 0 0.428974
18100 -0.562503 0 0.439202
18150 -0.495759 0 0.315855
18200 -0.6781 0 0.254938
18250 -0.859803 0 0.115796
18300 -0.638961 0 0.0906973
18350 -0.603811 0 0.305573
18400 -0.743698 0 0.42528
18450 -0.65653 0 0.327235
18500 -0.73711 0 0.285853
18550 -0.77433 0 0.172253
18600 -0.664586 0 0.208866
18650 -0.797744 0 0.608007
18700 -0.892761 0 0.574085
18750 -1.0425 0 0.55702
18800 -1.10243 0 0.405424
18850 -1.09478 0 0.494735
18900 -1.08879 0 0.731701
18950 -1.1627 0 0.680126
19000 -1.17521 0 0.562088
19050 -1.1943 0 0.515699
19100 -1.18029 0 0.677208
19150 -1.14895 0 0.802345
19200 -1.3072 0 0.698813
19250 -1.26843 0 0.5444
19300 -1.29195 0 0.628698
19350 -1.18855 0 0.598909
19400 -1.21201 0 0.549712
19450 -1.29289 0 0.50761
19500 -1.24874 0 0.659464
19550 -1.29021 0 0.647463
19600 -1.33788 0 0.617126
19650 -1.35797 0 0.547525
19700 -1.29391 0 0.752434
19750 -1.25786 0 0.725851
19800 -1.24579 0 0.628163
19850 -1.29103 0 0.565503
19900 -1.31255 0 0.723148
19950 -1.30905 0 0.709897
20000 -1.26777 0 0.627906
20050 -1.30497 0 0.600962
20100 -1.17764 0 0.794803
20150 -1.20947 0 0.762656
20200 -1.22228 0 0.64626
20250 -1.24335 0 0.565537
20300 -1.23372 0 0.589918
20350 -1.2204 0 0.593159
20400 -1.26739 0 0.523353
20450 -1.2794 0 0.569212
20500 -1.34908 0 0.733715
20550 -1.41614 0 0.692404
20600 -1.3277 0 0.577578
20650 -1.31178 0 0.642451
20700 -1.22802 0 0.76103
20750 -1.24455 0 0.69974
20800 -1.30074 0 0.62817
20850 -1.32274 0 0.621122
20900 -1.16389 0 0.69961
20950 -1.18961 0 0.661435
21000 -1.27511 0 0.548719
21050 -1.27759 0 0.493928
21100 -1.19777 0 0.57993
21150 -1.23575 0 0.511021
21200 -1.21931 0 0.40457
21250 -1.21883 0 0.40316
21300 -1.22396 0 0.424724
21350 -1.16841 0 0.368032
21400 -1.18437 0 0.374222
21450 -1.22906 0 0.37431
21500 -1.17659 0 0.580234
21550 -1.20619 0 0.633757
21600 -1.32381 0 0.545399
21650 -1.29656 0 0.532101
21700 -1.2637 0 0.742574
21750 -1.29874 0 0.709287
21800 -1.2864 0 0.588097
21850 -1.26693 0 0.594537
21900 -1.28451 0 0.657597
21950 -1.26643 0 0.620009
22000 -1.29267 0 0.551819
22050 -1.34817 0 0.567326
22100 -1.32919 0 0.714509
22150 -1.35453 0 0.659695
22200 -1.33293 0 0.552447
22250 -1.31427 0 0.588359
22300 -1.25797 0 0.651739
22350 -1.27118 0 0.614293
22400 -1.26711 0 0.513223
22450 -1.32013 0 0.619267
22500 -1.31386 0 0.641857
22550 -1.33144 0 0.654423
22600 -1.38986 0 0.46913
22650 -1.37078 0 0.646756
22700 -1.29096 0 0.638136
22750 -1.25333 0 0.587094
22800 -1.17649 0 0.415423
22850 -1.14924 0 0.567724
22900 -1.11172 0 0.528732
22950 -1.11077 0 0.509615
23000 -1.17055 0 0.430757
23050 -1.08482 0 0.509233
23100 -0.907292 0 0.629398
23150 -1.01196 0 0.534821
23200 -1.15513 0 0.430874
23250 -1.09444 0 0.348086
23300 -0.874182 0 0.530112
23350 -1.01017 0 0.558408
23400 -1.09009 0 0.450979
23450 -1.06835 0 0.325995
23500 -0.901547 0 0.40909
23550 -0.841534 0 0.583922
23600 -0.89607 0 0.488483
23650 -1.03832 0 0.34472
23700 -0.881627 0 0.284956
23750 -0.730536 0 0.431418
23800 -0.944609 0 0.499593
23850 -0.91629 0 0.345183
23900 -1.04723 0 0.26706
23950 -0.818158 0 0.268673
24000 -0.815633 0 0.436969
24050 -0.833734 0 0.493136
24100 -0.939488 0 0.368678
24150 -0.947779 0 0.236284
24200 -0.735443 0 0.301163
24250 -0.767966 0 0.364961
24300 -0.681515 0 0.345386
24350 -0.842624 0 0.287525
24400 -1.02499 0 0.246905
24450 -0.690094 0 0.190065
24500 -0.75156 0 0.35323
24550 -0.67933 0 0.477581
24600 -0.783145 0 0.323359
24650 -1.06278 0 0.220024
24700 -0.715316 0 0.143591
24750 -0.537066 0 0.272886
24800 -0.702076 0 0.409899
24850 -0.660727 0 0.385975
24900 -0.846182 0 0.256933
24950 -1.05202 0 0.175099
25000 -0.707371 0 0.156712
25050 -0.60278 0 0.297856
25100 -0.662939 0 0.38608
25150 -0.637922 0 0.342832
25200 -0.753712 0 0.235654
25250 -0.905796 0 0.151856
25300 -0.768891 0 0.183565
25350 -0.797924 0 0.475169
25400 -0.961996 0 0.536745
25450 -1.00921 0 0.445773
25500 -1.14018 0 0.406499
25550 -1.11011 0 0.431083
25600 -1.05208 0 0.648415
25650 -1.06902 0 0.790222
25700 -1.27998 0 0.669026
25750 -1.2434 0 0.515516
25800 -1.34421 0 0.632313
25850 -1.26689 0 0.583793
25900 -1.29608 0 0.626438
25950 -1.25155 0 0.522697
26000 -1.32239 0 0.703637
26050 -1.30208 0 0.696936
26100 -1.34635 0 0.703806
26150 -1.34169 0 0.536876
26200 -1.37088 0 0.682141
26250 -1.33664 0 0.635354
26300 -1.41006 0 0.575191
26350 -1.38068 0 0.515218
26400 -1.31436 0 0.684726
26450 -1.28094 0 0.68752
26500 -1.30711 0 0.641896
26550 -1.29395 0 0.590913
26600 -1.23108 0 0.778443
26650 -1.24302 0 0.732016
26700 -1.24368 0 0.667556
26750 -1.23397 0 0.569873
26800 -1.17859 0 0.755624
26850 -1.10166 0 0.733834
26900 -1.10731 0 0.658679
26950 -1.02114 0 0.524019
27000 -0.868064 0 0.667778
27050 -0.892435 0 0.629264
27100 -1.00862 0 0.469748
27150 -1.03804 0 0.315118
27200 -0.876429 0 0.378898
27250 -0.926487 0 0.488797
27300 -0.838224 0 0.398886
27350 -1.08388 0 0.321674
27400 -0.959431 0 0.228935
27450 -0.768208 0 0.413983
27500 -0.888774 0 0.50788
27550 -0.83983 0 0.441028
27600 -1.08534 0 0.29984
27650 -0.943006 0 0.200973
27700 -0.821236 0 0.286675
27750 -0.854186 0 0.288139
27800 -0.806134 0 0.331643
27850 -0.929568 0 0.210916
27900 -0.694948 0 0.18532
27950 -0.5568 0 0.305478
28000 -0.503324 0 0.397286
28050 -0.513915 0 0.239212
28100 -0.638472 0 0.061521
28150 -0.296434 0 0.0530118
28200 -0.0847304 0 0.130244
28250 0.285929 0 -0.457549
28300 -0.233016 0 -0.107641
28350 -0.0117774 0 -0.149713
28400 -0.0517301 0 -0.116905
28450 -0.0265989 0 -0.0855154
28500 -0.0269492 0 -0.0587979
28550 -0.011905 0 -0.0335301
28600 -0.0210389 0 -0.019376
28650 -0.021249 0 -0.00504741
28700 -0.020952 0 0.0102134
28750 -0.0219712 0 0.0132951
28800 -0.0176563 0 0.0108986
28850 -0.0101695 0 0.0122662
28900 -0.00780345 0 0.012964
28950 -0.00387866 0 0.00813568
29000 -0.00394675 0 0.00359929
29050 -0.00368794 0 0.0125433
29100 -0.00608201 0 0.0120728
29150 -0.00947514 0 0.0174498
29200 -0.00974398 0 0.018936
29250 -0.0135281 0 0.0223003
29300 -0.0245476 0 0.0418832
29350 -0.0202013 0 0.0456151
29400 -0.027744 0 0.0581175
29450 0.02602 0 -0.0488195
