# Created at Thu Mar 08 15:47:36 CST 2018
2244159003987773 1
2244159537251934 2
2244160090230449 3
2244160524709209 4
2244161097493633 5
2244161551778301 6
2244162085011943 7
2244162539266094 8
2244163112081035 9
2244163507070049 10
2244164099629863 11
2244164514363750 12
2244165067403301 13
2244165501912578 14
2244166035176738 15
2244166469686016 16
2244167062184795 17
2244167437459453 18
2244168010243877 19
2244168484242900 20
2244169096521184 21
2244169471795843 22
2244170024804876 23
2244170538385198 24
2244171111108587 25
2244171545587346 26
2244172098626897 27
2244172710962102 28
2244173145532415 29
2244173718225286 30
2244174330468938 31
2244174903314397 32
2244175515527532 33
2244176029077337 34
2244176601861761 35
2244178379449651 36
2244178971961451 37
2244179584235621 38
2244180196479273 39
2244180789039088 40
2244181421027613 41
2244181974067164 42
2244182625831080 43
2244183040626002 44
2244183672645045 45
2244184087409449 46
2244184600959254 47
2244185074958277 48
2244185726722193 49
2244186102027369 50
2244186674781275 51
2244187129096461 52
2244187622809840 53
2244188156104517 54
2244188689429713 55
2244189202918482 56
2244189696692896 57
2244190230033648 58
2244190704002154 59
2244191276786577 60
2244191731040728 61
2244192363090288 62
2244192777854693 63
2244193271629107 64
2244193785239946 65
2244194180167925 66
2244194654227984 67
2244195088767779 68
2244195641776812 69
2244196016990435 70
2244196530570757 71
2244197004600298 72
2244197498374712 73
2244197853904497 74
2244198367393267 75
2244198821769488 76
2244199256217730 77
2244203996529535 78
2244204509987787 79
2244204984047846 80
2244205537117914 81
2244205951821283 82
2244206465340571 83
2244206959145502 84
2244207452950434 85
2244207966408686 86
2244208539223627 87
2244208953988032 88
2244209586037592 89
2244210079826523 90
2244210474846054 91
2244210968620468 92
2244211521660019 93
2244212074699570 94
2244212449974228 95
2244212924003769 96
2244213477012802 97
2244213911552597 98
2244214425102402 99
2244214958397080 100
2244215511406113 101
2244216202690293 102
2244216538475205 103
2244219678865856 104
2244220271425670 105
2244220923281139 106
2244221417025035 107
2244221950258678 108
2244222424318737 109
2244222819338268 110
2244223332888073 111
2244223846407360 112
2244224498232311 113
2244225011690563 114
2244225367250865 115
2244226058565563 116
2244226414034313 117
2244226967134899 118
2244227460909313 119
2244227954653209 120
2244228507692760 121
2244229060762828 122
2244229455751842 123
2244230048274078 124
2244230522303619 125
2244230956873931 126
2244231430903472 127
2244231944392242 128
2244232398707428 129
2244232912226715 130
2244233425807037 131
2244233860285797 132
2244234373805084 133
2244235005854644 134
2244235420649566 135
2244235973719635 136
2244236408198394 137
2244236882227935 138
2244237376032867 139
2244237929102935 140
2244238403101959 141
2244238916621246 142
2244239430140533 143
2244239943684386 144
2244240476948546 145
2244240911488341 146
2244241425038145 147
2244241997853087 148
2244242432331847 149
2244242945881651 150
2244243459431456 151
2244244111225890 152
2244244486500548 153
2244245059315489 154
2244245592549132 155
2244246046833800 156
2244246540669249 157
2244247073902892 158
2244247587452696 159
2244248120777892 160
2244248654042052 161
2244249108387755 162
2244249621825544 163
2244250174895613 164
2244250648955671 165
2244251162474958 166
2244251616759626 167
2244252110503523 168
2244252643859236 169
2244253196898786 170
2244253493132917 171
2244257226195661 172
2244257779235212 173
2244258312468855 174
2244258845763532 175
2244259319823591 176
2244259813615990 177
2244260425890160 178
2244261018449975 179
2244261591203881 180
2244261966570092 181
2244262420793725 182
2244262934313012 183
2244263408342553 184
2244263902147484 185
2244264336717797 186
2244264810686303 187
2244265304491234 188
2244265818010521 189
2244266351366234 190
2244266825395775 191
2244267378404809 192
2244267852434350 193
2244268306719017 194
2244268820238305 195
2244269353532982 196
2244269867075351 197
2244270341135410 198
2244270834909824 199
2244271328684238 200
2244271822489169 201
2244272336069492 202
2244272869303134 203
2244273402567294 204
2244273896372226 205
2244274409922031 206
2244274923441318 207
2244275456735996 208
2244275950540927 209
2244276483805087 210
2244276957895664 211
2244277491159824 212
2244277984934238 213
2244278439249423 214
