# Created at Thu Nov 09 10:55:34 CST 2017
85892261772993 1
85892913597944 2
85893328392866 3
85894592553022 4
85894967796964 5
85895481346769 6
85895935661954 7
85896468987150 8
85897101036710 9
85897476372404 10
85898108452482 11
85898542992277 12
85899175133390 13
85899747917814 14
85900221977872 15
85900775017423 16
85901268822355 17
85901821892423 18
85902295982999 19
85902809532804 20
85903244072599 21
85903836662931 22
85904310722990 23
85904923043776 24
85905416909743 25
85905851449538 26
85906424264479 27
85906957559157 28
85907392129470 29
85907964974928 30
85908419259596 31
85908992105055 32
85909446389723 33
85909979714919 34
85910473519850 35
85910967355300 36
85911480905104 37
85911974679518 38
85912468514968 39
85912962380934 40
85913475900221 41
85913969735671 42
85914463540602 43
85914957367311 44
85915431427369 45
85915964752564 46
85916399292359 47
85917031372437 48
85917525207887 49
85917999267945 50
85918552338014 51
85919105408082 52
85919599243531 53
85920132568727 54
85920547363648 55
85921080658326 56
85921653473268 57
85922186798463 58
85922660889039 59
85923154693971 60
85923688019166 61
85924162048707 62
85924675638524 63
85925248453466 64
85925643564550 65
85926236124364 66
85926690470067 67
85927124979345 68
85927697824804 69
85928191599218 70
85928685465184 71
85929199045507 72
85929633554784 73
85930166879979 74
85930640940038 75
85931174265233 76
85931648325292 77
85932161905614 78
85932675455419 79
85933169321386 80
85933702677099 81
85934196451513 82
85934729788439 83
85935105032580 84
85935677847521 85
85936211203234 86
85936645773547 87
85937238363879 88
85937672873156 89
85938245688098 90
85938719839709 91
85939213614123 92
85939707419055 93
85940260489123 94
85940734579699 95
85941287619250 96
85941741934436 97
85942295004504 98
85942808584826 99
85943223379748 100
85943816000598 101
85944329519885 102
85944803629464 103
85945356699532 104
85945870279855 105
85946443094796 106
85946956675118 107
