200 -0.00937429 0 0.0138196
250 -0.0236805 0 0.0248937
300 -0.0139828 0 0.036239
350 -0.0244123 0 0.0298848
400 -0.00735304 0 0.0130042
450 -0.00662802 0 0.0237717
500 -0.108399 0 0.0898151
550 -0.0213975 0 0.0427123
600 -0.0404986 0 0.0864347
650 -0.0401381 0 0.0681853
700 -0.066241 0 0.0521019
750 -0.117087 0 -0.00813784
800 -0.197859 0 -0.0467086
850 0.043167 0 -0.182215
900 0.0853454 0 -0.440148
950 0.215378 0 -0.895258
1000 0.490456 0 -1.01351
1050 0.188477 0 -1.07593
1100 0.066939 0 -0.862171
1150 0.369189 0 -0.798641
1200 0.656575 0 -1.07676
1250 0.501654 0 -1.16025
1300 0.132905 0 -1.29361
1350 0.243839 0 -1.01882
1400 0.579656 0 -1.06968
1450 0.676071 0 -1.1663
1500 0.32732 0 -1.2064
1550 0.195853 0 -1.11591
1600 0.44351 0 -1.01778
1650 0.673398 0 -1.22032
1700 0.454263 0 -1.21426
1750 0.196804 0 -1.25378
1800 0.26095 0 -0.998019
1850 0.627831 0 -1.10575
1900 0.58724 0 -1.27188
1950 0.260825 0 -1.32512
2000 0.188038 0 -1.22814
2050 0.447605 0 -1.04597
2100 0.612684 0 -1.26906
2150 0.397777 0 -1.25621
2200 0.16041 0 -1.22294
2250 0.319633 0 -0.965343
2300 0.651349 0 -1.10749
2350 0.64283 0 -1.22053
2400 0.283047 0 -1.218
2450 0.166487 0 -1.12408
2500 0.414172 0 -1.01477
2550 0.616865 0 -1.23508
2600 0.420461 0 -1.21934
2650 0.19047 0 -1.24719
2700 0.321382 0 -1.00743
2750 0.688139 0 -1.19154
2800 0.639961 0 -1.31299
2850 0.251983 0 -1.32707
2900 0.129804 0 -1.17428
2950 0.480853 0 -1.03248
3000 0.632854 0 -1.25475
3050 0.398207 0 -1.24245
3100 0.165383 0 -1.28107
3150 0.367221 0 -1.02986
3200 0.70008 0 -1.25459
3250 0.523008 0 -1.27478
3300 0.187388 0 -1.34495
3350 0.24516 0 -1.1052
3400 0.629274 0 -1.14405
3450 0.675888 0 -1.27165
3500 0.345163 0 -1.30299
3550 0.161912 0 -1.24565
3600 0.438709 0 -1.00448
3650 0.685582 0 -1.19062
3700 0.460735 0 -1.23451
3750 0.190399 0 -1.28937
3800 0.224809 0 -1.02464
3850 0.595966 0 -1.02093
3900 0.672407 0 -1.25584
3950 0.286483 0 -1.28416
4000 0.116637 0 -1.21603
4050 0.396469 0 -0.995343
4100 0.636486 0 -1.2746
4150 0.441504 0 -1.24102
4200 0.197701 0 -1.30077
4250 0.288923 0 -1.07023
4300 0.6341 0 -1.13356
4350 0.64296 0 -1.31097
4400 0.261286 0 -1.26699
4450 0.159921 0 -1.13668
4500 0.457283 0 -1.01564
4550 0.672609 0 -1.26246
4600 0.476485 0 -1.20399
4650 0.168313 0 -1.22414
4700 0.236487 0 -0.974206
4750 0.616847 0 -1.11677
4800 0.630631 0 -1.25856
4850 0.243349 0 -1.29994
4900 0.149739 0 -1.18104
4950 0.484446 0 -1.02845
5000 0.641552 0 -1.2604
5050 0.377209 0 -1.2897
5100 0.184909 0 -1.33557
5150 0.383613 0 -1.08266
5200 0.705818 0 -1.29362
5250 0.552194 0 -1.30036
5300 0.240534 0 -1.33282
5350 0.251459 0 -1.09653
5400 0.66814 0 -1.11925
5450 0.769785 0 -1.29535
5500 0.346633 0 -1.29657
5550 0.172786 0 -1.17779
5600 0.382714 0 -0.954258
5650 0.732613 0 -1.20755
5700 0.534515 0 -1.20344
5750 0.245024 0 -1.17524
5800 0.240863 0 -0.997403
5850 0.514428 0 -0.989034
5900 0.663193 0 -1.1759
5950 0.306177 0 -1.20945
6000 0.0898486 0 -1.19598
6050 0.313517 0 -0.915082
6100 0.667442 0 -1.17366
6150 0.547593 0 -1.1999
6200 0.208962 0 -1.27474
6250 0.180253 0 -1.05593
6300 0.517488 0 -0.988774
6350 0.670988 0 -1.22312
6400 0.33198 0 -1.20615
6450 0.106013 0 -1.19197
6500 0.298161 0 -0.939202
6550 0.686732 0 -1.18333
6600 0.565855 0 -1.26835
6650 0.233035 0 -1.22839
6700 0.218466 0 -1.02006
6750 0.533298 0 -1.03101
6800 0.608541 0 -1.17374
6850 0.308295 0 -1.20434
6900 0.224197 0 -1.25124
6950 0.389379 0 -1.0382
7000 0.709254 0 -1.23732
7050 0.534718 0 -1.26458
7100 0.185218 0 -1.24657
7150 0.191368 0 -1.01648
7200 0.567073 0 -1.07672
7250 0.633714 0 -1.24748
7300 0.336565 0 -1.2742
7350 0.174066 0 -1.19642
7400 0.406135 0 -0.994806
7450 0.652451 0 -1.22054
7500 0.476075 0 -1.28077
7550 0.195139 0 -1.29821
7600 0.213136 0 -1.0409
7650 0.568686 0 -1.01632
7700 0.698644 0 -1.30421
7750 0.333349 0 -1.1988
7800 0.139936 0 -1.13234
7850 0.418602 0 -1.0056
7900 0.695502 0 -1.20884
7950 0.468753 0 -1.21105
8000 0.174689 0 -1.21925
8050 0.227162 0 -0.996106
8100 0.557925 0 -1.0187
8150 0.693766 0 -1.24386
8200 0.324695 0 -1.26414
8250 0.168383 0 -1.24978
8300 0.413792 0 -0.980863
8350 0.671552 0 -1.16892
8400 0.507043 0 -1.1615
8450 0.192178 0 -1.21433
8500 0.182608 0 -0.97981
8550 0.437744 0 -0.88747
8600 0.647834 0 -1.13946
8650 0.44916 0 -1.11076
8700 0.161994 0 -1.08487
8750 0.275467 0 -0.887537
8800 0.371978 0 -0.776013
8850 0.276769 0 -0.562037
8900 0.128963 0 -0.277754
8950 0.00385306 0 -0.0775826
9000 0.0219484 0 -0.0583425
9050 -0.0103684 0 -0.0430591
9100 -0.0814548 0 -0.170237
9150 0.168554 0 -0.443348
9200 0.246382 0 -0.959044
9250 0.70258 0 -0.957919
9300 0.404859 0 -1.00152
9350 0.205135 0 -1.03193
9400 0.254504 0 -0.829563
9450 0.605439 0 -1.01194
9500 0.649176 0 -1.0741
9550 0.357406 0 -1.06692
9600 0.248754 0 -1.01101
9650 0.388524 0 -0.930973
9700 0.583488 0 -1.10326
9750 0.450731 0 -1.09228
9800 0.238781 0 -1.21554
9850 0.320444 0 -0.963182
9900 0.593537 0 -1.06587
9950 0.569159 0 -1.22756
10000 0.252629 0 -1.31338
10050 0.263068 0 -1.16758
10100 0.636677 0 -1.16855
10150 0.716823 0 -1.32875
10200 0.313699 0 -1.34062
10250 0.186233 0 -1.25148
10300 0.398781 0 -1.02558
10350 0.539803 0 -1.16376
10400 0.411559 0 -1.2035
10450 0.209864 0 -1.28037
10500 0.224038 0 -1.04
10550 0.504988 0 -1.00127
10600 0.584048 0 -1.16726
10650 0.314689 0 -1.21959
10700 0.121932 0 -1.20892
10750 0.386977 0 -0.9877
10800 0.66454 0 -1.20969
10850 0.467824 0 -1.16703
10900 0.194435 0 -1.24
10950 0.233779 0 -1.00686
11000 0.58097 0 -1.06227
11050 0.579155 0 -1.2351
11100 0.267768 0 -1.22205
11150 0.127767 0 -1.09284
11200 0.393045 0 -0.944274
11250 0.692637 0 -1.24888
11300 0.437452 0 -1.27891
11350 0.0924022 0 -1.26213
11400 0.243919 0 -1.03061
11450 0.622376 0 -1.14621
11500 0.625752 0 -1.31295
11550 0.288367 0 -1.31303
11600 0.186397 0 -1.17131
11650 0.449613 0 -1.0609
11700 0.658217 0 -1.26442
11750 0.388405 0 -1.25536
11800 0.0948974 0 -1.20946
11850 0.326876 0 -0.942668
11900 0.7356 0 -1.26876
11950 0.480331 0 -1.20988
12000 0.199304 0 -1.22408
12050 0.189693 0 -0.999724
12100 0.483279 0 -1.01964
12150 0.625068 0 -1.30682
12200 0.240377 0 -1.32256
12250 0.115702 0 -1.2211
12300 0.37586 0 -1.00548
12350 0.6419 0 -1.24603
12400 0.431051 0 -1.20463
12450 0.152328 0 -1.23986
12500 0.239591 0 -1.01426
12550 0.58249 0 -1.13104
12600 0.587039 0 -1.27921
12650 0.281376 0 -1.23906
12700 0.233985 0 -1.14394
12750 0.477315 0 -1.03275
12800 0.677175 0 -1.24448
12850 0.382526 0 -1.32762
12900 0.0689262 0 -1.29737
12950 0.241466 0 -0.959688
13000 0.689596 0 -1.19162
13050 0.581565 0 -1.32258
13100 0.130973 0 -1.37035
13150 0.188982 0 -1.07824
13200 0.604677 0 -1.07452
13250 0.695026 0 -1.31133
13300 0.290273 0 -1.3162
13350 0.123752 0 -1.21841
13400 0.445824 0 -1.03604
13450 0.701319 0 -1.28452
13500 0.474307 0 -1.28723
13550 0.138558 0 -1.21962
13600 0.243833 0 -0.968413
13650 0.57943 0 -1.09983
13700 0.56183 0 -1.19977
13750 0.23492 0 -1.22203
13800 0.215816 0 -1.11269
13850 0.432859 0 -0.998033
13900 0.66717 0 -1.20419
13950 0.433562 0 -1.15972
14000 0.163869 0 -1.28291
14050 0.215527 0 -0.965027
14100 0.609444 0 -1.09169
14150 0.653167 0 -1.28561
14200 0.264017 0 -1.34933
14250 0.215411 0 -1.16639
14300 0.409549 0 -1.02941
14350 0.636723 0 -1.24851
14400 0.420655 0 -1.20399
14450 0.141062 0 -1.29409
14500 0.353021 0 -1.05199
14550 0.739509 0 -1.22156
14600 0.569363 0 -1.32807
14650 0.209099 0 -1.32127
14700 0.230303 0 -1.11021
14750 0.528226 0 -1.05404
14800 0.694717 0 -1.24219
14850 0.367389 0 -1.20623
14900 0.12958 0 -1.14293
14950 0.318425 0 -0.895987
15000 0.60383 0 -1.085
15050 0.569959 0 -1.14404
15100 0.206975 0 -1.14014
15150 0.155402 0 -1.06222
15200 0.459553 0 -0.915583
15250 0.745614 0 -1.30633
15300 0.399169 0 -1.34476
15350 0.0974735 0 -1.32261
15400 0.308169 0 -1.02154
15450 0.640655 0 -1.22277
15500 0.473846 0 -1.27243
15550 0.174005 0 -1.38308
15600 0.182783 0 -1.10006
15650 0.590122 0 -1.08412
15700 0.681544 0 -1.28958
15750 0.312155 0 -1.29111
15800 0.0959903 0 -1.13168
15850 0.306751 0 -0.905019
15900 0.667361 0 -1.24654
15950 0.447044 0 -1.26187
16000 0.0758674 0 -1.22423
16050 0.197085 0 -0.89059
16100 0.671008 0 -1.1634
16150 0.609022 0 -1.36028
16200 0.165725 0 -1.34056
16250 0.174894 0 -1.11732
16300 0.525682 0 -1.03734
16350 0.681222 0 -1.25381
16400 0.338715 0 -1.21362
16450 0.0694086 0 -1.16043
16500 0.23366 0 -0.906109
16550 0.646938 0 -1.20715
16600 0.516592 0 -1.29856
16650 0.247717 0 -1.22079
16700 0.209629 0 -1.0944
16750 0.465013 0 -0.965129
16800 0.677878 0 -1.20495
16850 0.349617 0 -1.19828
16900 0.0706265 0 -1.22543
16950 0.235409 0 -0.958832
17000 0.673448 0 -1.14042
17050 0.62964 0 -1.29223
17100 0.225605 0 -1.29633
17150 0.121524 0 -1.14493
17200 0.46805 0 -0.988275
17250 0.677364 0 -1.28436
17300 0.367246 0 -1.30753
17350 0.132012 0 -1.28914
17400 0.330016 0 -1.03429
17450 0.690823 0 -1.24043
17500 0.536695 0 -1.38927
17550 0.158312 0 -1.42056
17600 0.172365 0 -1.15761
17650 0.563635 0 -1.08212
17700 0.707348 0 -1.31787
17750 0.304584 0 -1.35858
17800 0.126536 0 -1.29133
17850 0.430743 0 -1.02494
17900 0.712845 0 -1.27929
17950 0.430876 0 -1.33032
18000 0.113011 0 -1.34533
18050 0.230887 0 -1.03707
18100 0.589211 0 -1.07758
18150 0.603046 0 -1.2708
18200 0.288342 0 -1.27009
18250 0.109727 0 -1.17247
18300 0.332067 0 -0.951864
18350 0.632267 0 -1.23152
18400 0.458733 0 -1.21744
18450 0.128822 0 -1.17805
18500 0.152345 0 -0.94496
18550 0.448612 0 -0.932689
18600 0.553093 0 -1.18713
18650 0.236481 0 -1.14327
18700 -0.00528828 0 -1.08522
18750 0.178727 0 -0.79489
18800 0.494497 0 -1.07178
18850 0.424846 0 -1.13018
18900 0.162546 0 -1.23506
18950 0.0951413 0 -0.965215
19000 0.39411 0 -0.897458
19050 0.589877 0 -1.21882
19100 0.311331 0 -1.29367
19150 0.179784 0 -1.29021
19200 0.345619 0 -1.00683
19250 0.672527 0 -1.17133
19300 0.525758 0 -1.22539
19350 0.15759 0 -1.24861
19400 0.174617 0 -1.10178
19450 0.524402 0 -1.03671
19500 0.687482 0 -1.2961
19550 0.32859 0 -1.311
19600 0.099799 0 -1.24195
19650 0.412745 0 -1.04491
19700 0.794113 0 -1.29179
19750 0.501197 0 -1.3901
19800 0.141898 0 -1.423
19850 0.290145 0 -1.10343
19900 0.681192 0 -1.22944
19950 0.617407 0 -1.29632
20000 0.225614 0 -1.33378
20050 0.14805 0 -1.12561
20100 0.469743 0 -1.02353
20150 0.726505 0 -1.34202
20200 0.354277 0 -1.3258
20250 0.165737 0 -1.19294
20300 0.36676 0 -1.01777
20350 0.6421 0 -1.17346
20400 0.513861 0 -1.2113
20450 0.144418 0 -1.27026
20500 0.162341 0 -1.02313
20550 0.479092 0 -0.991821
20600 0.541481 0 -1.18715
20650 0.271199 0 -1.21095
20700 0.101634 0 -1.12911
20750 0.28127 0 -0.900724
20800 0.500262 0 -1.1312
20850 0.355897 0 -1.17876
20900 0.141128 0 -1.23628
20950 0.121305 0 -0.965836
21000 0.430548 0 -0.949753
21050 0.598903 0 -1.18929
21100 0.280603 0 -1.2596
21150 0.136651 0 -1.16095
21200 0.373882 0 -0.961766
21250 0.628245 0 -1.23895
21300 0.456508 0 -1.31093
21350 0.128815 0 -1.31804
21400 0.246362 0 -1.03712
21450 0.665825 0 -1.16185
21500 0.667897 0 -1.2842
21550 0.256172 0 -1.31227
21600 0.149804 0 -1.18514
21650 0.490233 0 -1.03972
21700 0.709121 0 -1.29021
21750 0.361019 0 -1.31279
21800 0.12819 0 -1.33964
21850 0.368758 0 -1.04887
21900 0.701642 0 -1.24295
21950 0.526329 0 -1.26258
22000 0.146785 0 -1.29578
22050 0.251391 0 -1.0479
22100 0.632951 0 -1.12953
22150 0.638011 0 -1.32476
22200 0.261888 0 -1.32874
22250 0.215241 0 -1.17041
22300 0.534873 0 -1.11884
22350 0.719494 0 -1.31101
22400 0.382123 0 -1.31561
22450 0.0949026 0 -1.23163
22500 0.307941 0 -0.920732
22550 0.687085 0 -1.18003
22600 0.505175 0 -1.18011
22650 0.208712 0 -1.21716
22700 0.222783 0 -1.10309
22750 0.474012 0 -1.04662
22800 0.677664 0 -1.26865
22850 0.362994 0 -1.24221
22900 0.10466 0 -1.19629
22950 0.366809 0 -0.999205
23000 0.687562 0 -1.20191
23050 0.496778 0 -1.28011
23100 0.144765 0 -1.33405
23150 0.184964 0 -1.08157
23200 0.567645 0 -1.08364
23250 0.63229 0 -1.29007
23300 0.300408 0 -1.25326
23350 0.168834 0 -1.2281
23400 0.352762 0 -1.01293
23450 0.625322 0 -1.1767
23500 0.497361 0 -1.24567
23550 0.133574 0 -1.31707
23600 0.138999 0 -0.996505
23650 0.582218 0 -1.04047
23700 0.694891 0 -1.23052
23750 0.317232 0 -1.17581
23800 0.101757 0 -1.20907
23850 0.335177 0 -0.963512
23900 0.654621 0 -1.17139
23950 0.502099 0 -1.21182
24000 0.125482 0 -1.22669
24050 0.178532 0 -0.995777
24100 0.571131 0 -1.00768
24150 0.663184 0 -1.2251
24200 0.302451 0 -1.19202
24250 0.100585 0 -1.14283
24300 0.357362 0 -0.963832
24350 0.575284 0 -1.14782
24400 0.384429 0 -1.12626
24450 0.0842626 0 -1.11159
24500 0.112995 0 -0.828594
24550 0.32922 0 -0.711047
24600 0.356049 0 -0.610223
24650 0.245361 0 -0.455528
24700 0.150491 0 -0.767362
24750 0.193668 0 -0.510168
24800 0.179912 0 -0.331065
24850 0.0880643 0 -0.0658846
24900 0.0808498 0 -0.0356069
24950 0.0666754 0 -0.0593236
25000 0.0871425 0 -0.0504402
25050 0.0450842 0 -0.0358119
25100 0.0258571 0 -0.018515
25150 0.0204256 0 -0.0255104
25200 0.00604081 0 -0.00932097
25250 0.00725611 0 0.0369031
25300 -0.00916088 0 0.0350639
25350 -0.0155634 0 0.0293804
25400 -0.0113949 0 0.0182977
25450 -0.0183709 0 0.0338818
25500 0.00143369 0 0.022203
25550 -0.0046863 0 0.000982779
