# Created at Thu Sep 28 15:20:33 CDT 2017
1917669098038002 1
1917669710312172 2
1917670263351722 3
1917670856003090 4
1917671448501869 5
1917672021316810 6
1917672554642006 7
1917673107681556 8
1917673621231361 9
1917674194107338 10
1917674707626625 11
1917675260696693 12
1917675793991970 13
1917676386551784 14
1917676939621853 15
1917677472947048 16
1917678065506862 17
1917678677872585 18
1917679290146755 19
1917680040726589 20
1917680692551540 21
1917681304917263 22
1917681877701687 23
1917682766587185 24
1917683378861355 25
1917684030716823 26
1917684662827419 27
1917685354142116 28
1917686005932308 29
1917686578777767 30
1917687289898372 31
1917687941692806 32
1917688613262630 33
1917689166332699 34
1917689916943050 35
1917690509533382 36
1917691240337825 37
1917691852673031 38
1917692464977718 39
1917693037853695 40
1917693709454036 41
1917694341473079 42
1917694973583675 43
1917695526623226 44
1917696158731366 45
1917696731515789 46
1917697343881512 47
1917697916665936 48
1917698529062176 49
1917699121591473 50
1917699714151287 51
1917700326486493 52
1917700859872723 53
1917701393106366 54
1917701926431561 55
1917702459787274 56
1917703032602215 57
1917703565957928 58
1917704119027996 59
1917704652383709 60
1917705205423260 61
1917705758508270 62
1917706291833466 63
1917706923913544 64
