# Created at Tue Mar 06 17:16:22 CST 2018
2076685189822443 1
2076686473544367 2
2076687026553400 3
2076687441287287 4
2076688093020685 5
2076688488048549 6
2076689179241176 7
2076689732250210 8
2076690245738979 9
2076690699993129 10
2076691470226284 11
2076691865215297 12
2076692674999233 13
2076693188518520 14
2076693721721645 15
2076694096965786 16
2076694728954311 17
2076695123973842 18
2076695736217495 19
2076696131206508 20
2076696763195034 21
2076697138500210 22
2076697790233608 23
2076698224712368 24
2076698836991836 25
2076699271501113 26
2076699923203994 27
2076700357713271 28
2076703794267226 29
2076704149766494 30
2076704801499892 31
2076705315019179 32
2076705808793593 33
2076706223496963 34
2076706835801650 35
2076707329515029 36
2076707862779189 37
2076708376298476 38
2076708889798537 39
2076709343991653 40
2076709897000686 41
2076710430264846 42
2076710924008742 43
2076711477078811 44
2076711951047317 45
2076712464566604 46
2076712938565627 47
2076713412564651 48
2076713965573684 49
2076714479062453 50
2076715012357131 51
2076715565335647 52
2076716019589797 53
2076716552884475 54
2076717026852981 55
2076717540402785 56
2076718034116164 57
2076718567404067 58
2076719061208999 59
2076719574667251 60
2076720127706802 61
2076720542471206 62
2076721233755386 63
2076721668203628 64
2076722379232681 65
2076722833486831 66
2076723544546401 67
2076723939504898 68
2076724670278823 69
2076725164083755 70
2076725894796646 71
2076726349081314 72
2076727099569595 73
2076727534078872 74
2076728284628189 75
2076728719119569 76
2076729449924012 77
2076729864657899 78
2076730595401307 79
2076731010165712 80
2076731701419374 81
2076732076694032 82
2076732767947694 83
2076733202456971 84
2076733893771669 85
2076734427005311 86
2076735019534608 87
2076735394778749 88
2076736105807801 89
2076736500827333 90
2076737172336122 91
2076737626590272 92
2076738278354188 93
2076738653645890 94
2076739364705461 95
2076739759663957 96
2076740470754045 97
2076740885457414 98
2076741556966203 99
2076742050740617 100
2076742682820695 101
2076743097524064 102
2076743769063371 103
2076744164082902 104
2076744914632218 105
2076745368886369 106
2076746119435685 107
2076746573659318 108
2076747502004045 109
2076747956258195 110
2076748785746215 111
2076749200510619 112
2076754454233764 113
2076754947977660 114
2076755520731567 115
2076755915751098 116
2076756567576049 117
2076757041544555 118
2076757752573608 119
2076758206888793 120
2076759549929291 121
2076760280672699 122
2076760695437103 123
2076761367006928 124
2076761900301605 125
2076762433535248 126
2076762808840424 127
2076763480318695 128
2076764013582855 129
2076764527132660 130
2076765060427338 131
2076765573916107 132
2076766107210785 133
2076766620730072 134
2076767173739105 135
2076767687258392 136
2076768082277924 137
2076768793349674 138
2076769366134098 139
2076769879653385 140
2076770353652408 141
2076771025191715 142
2076771518966129 143
2076772052291324 144
2076775528457096 145
2076776101211002 146
2076776515975406 147
2076777227034977 148
2076777641799381 149
2076778392349142 150
2076778826827902 151
2076779557632345 152
2076779992141623 153
2076780979690451 154
2076781414230246 155
2076784791671652 156
2076785206466574 157
2076785917465109 158
2076786431045431 159
2076786964279074 160
2076787477828879 161
2076787971633810 162
2076788485148084 163
2076788998667372 164
2076789531992567 165
2076790045481336 166
2076790598520887 167
2076791112009657 168
2076791665079725 169
2076792158854139 170
2076792711893690 171
2076793225382459 172
2076793758738172 173
2076794252512586 174
2076794805491102 175
2076795279551161 176
2076795793039930 177
2076796286844862 178
2076796800394666 179
2076797274393690 180
2076797768198622 181
2076798242287735 182
2076798736001114 183
2076799229806045 184
2076799723610977 185
2076800217324356 186
2076800730843643 187
2076801204903702 188
2076801738167862 189
2076802212227920 190
2076802745492080 191
2076803219582657 192
2076803752816299 193
2076804226845840 194
2076804740426162 195
2076805234170059 196
2076805787179092 197
2076806261208633 198
2076806814248184 199
2076807327828506 200
2076807880837539 201
2076808394392614 202
2076808789381628 203
2076809480696325 204
2076809855970983 205
2076810547224645 206
2076810942274694 207
2076811653364782 208
2076812048414831 209
2076812759382848 210
2076813193953161 211
2076813964277868 212
2076814398787145 213
2076815149336462 214
2076815583876257 215
2076816354139929 216
2076816749189977 217
2076817460280065 218
2076817934279089 219
2076818645343808 220
2076819060108212 221
2076819790912656 222
2076820245227841 223
2076820995746640 224
2076821410511044 225
2076822180835751 226
2076822635120419 227
2076823405506162 228
2076823820240048 229
2076824551013974 230
2076824985553769 231
2076825716358212 232
2076826131183652 233
2076826881702451 234
2076827276721982 235
2076828007526425 236
2076828461823345 237
2076829232148052 238
2076829686371685 239
2076830456696392 240
2076830871460796 241
2076831622040630 242
2076832056549907 243
2076832807129741 244
2076833241700054 245
2076834031708599 246
2076834486023784 247
2076835236573101 248
2076835671082378 249
2076836480927349 250
2076836974701763 251
2076837764740825 252
2076838238858882 253
2076839127622310 254
2076839621457759 255
2076840154721920 256
