200 -0.0118402 0 0.0239304
250 -0.0103574 0 0.0163285
300 -0.00278548 0 0.0149238
350 -0.00335814 0 0.0176845
400 -0.00557697 0 0.0194495
450 -0.0141786 0 0.0202106
500 -0.014734 0 0.0184226
550 -0.0182951 0 0.0252739
600 -0.0237335 0 0.0295579
650 -0.0194308 0 0.0154904
700 -0.0165172 0 0.00590921
750 -0.0549131 0 -0.0317895
800 -0.0100451 0 -0.0680981
850 -0.20588 0 0.0763175
900 -0.304749 0 0.251501
950 -0.412125 0 0.47823
1000 -0.502429 0 0.347904
1050 -0.557745 0 0.245803
1100 -0.653326 0 0.149497
1150 -0.63103 0 0.187194
1200 -0.78615 0 0.317974
1250 -0.741334 0 0.449975
1300 -0.764219 0 0.326246
1350 -0.781518 0 0.304382
1400 -0.68313 0 0.237247
1450 -0.500969 0 0.231963
1500 -0.581655 0 0.411042
1550 -0.581357 0 0.392392
1600 -0.510752 0 0.257352
1650 -0.753412 0 0.202937
1700 -0.672672 0 0.165506
1750 -0.652544 0 0.378011
1800 -0.650943 0 0.493983
1850 -0.629898 0 0.423656
1900 -0.75269 0 0.272999
1950 -0.741677 0 0.174306
2000 -0.605005 0 0.266421
2050 -0.756952 0 0.433145
2100 -0.714466 0 0.411395
2150 -0.808542 0 0.393959
2200 -0.971072 0 0.310707
2250 -0.738503 0 0.24517
2300 -0.768102 0 0.428711
2350 -0.902466 0 0.538746
2400 -0.991389 0 0.546251
2450 -1.01129 0 0.493304
2500 -1.05855 0 0.437451
2550 -1.06104 0 0.587094
2600 -1.09712 0 0.660108
2650 -1.19739 0 0.619061
2700 -1.1859 0 0.56198
2750 -1.24023 0 0.644611
2800 -1.06119 0 0.540266
2850 -1.08194 0 0.637086
2900 -1.10817 0 0.54734
2950 -1.20269 0 0.672124
3000 -1.27835 0 0.677088
3050 -1.32147 0 0.652116
3100 -1.33117 0 0.564982
3150 -1.34883 0 0.756115
3200 -1.14706 0 0.557941
3250 -1.1213 0 0.57164
3300 -1.15183 0 0.523503
3350 -1.23392 0 0.58198
3400 -1.26255 0 0.615346
3450 -1.30272 0 0.554271
3500 -1.29859 0 0.565598
3550 -1.37938 0 0.65597
3600 -1.20659 0 0.628867
3650 -1.19926 0 0.599823
3700 -1.24798 0 0.602611
3750 -1.26947 0 0.640216
3800 -1.31589 0 0.637487
3850 -1.31337 0 0.611628
3900 -1.29634 0 0.723774
3950 -1.35443 0 0.765294
4000 -1.353 0 0.663587
4050 -1.31397 0 0.622954
4100 -1.32836 0 0.75581
4150 -1.30022 0 0.729825
4200 -1.32506 0 0.701322
4250 -1.31621 0 0.589924
4300 -1.20495 0 0.827318
4350 -1.13287 0 0.773712
4400 -1.18069 0 0.689817
4450 -1.14646 0 0.580809
4500 -1.01981 0 0.672528
4550 -0.849029 0 0.732576
4600 -0.929637 0 0.604685
4650 -0.954318 0 0.476616
4700 -0.922776 0 0.528069
4750 -0.760955 0 0.61785
4800 -0.806367 0 0.260358
4850 -1.08453 0 0.277267
4900 -0.891706 0 0.23001
4950 -0.75583 0 0.362927
5000 -0.900409 0 0.606405
5050 -0.854656 0 0.54474
5100 -0.973629 0 0.381401
5150 -0.74611 0 0.223984
5200 -0.799407 0 0.58558
5250 -0.857738 0 0.58576
5300 -0.827892 0 0.46208
5350 -1.00746 0 0.405133
5400 -0.781052 0 0.276289
5450 -0.819244 0 0.426946
5500 -0.814905 0 0.536538
5550 -0.730093 0 0.431579
5600 -0.822898 0 0.180459
5650 -0.627649 0 0.218226
5700 -0.675747 0 0.497111
5750 -0.754889 0 0.561383
5800 -0.716692 0 0.463502
5850 -0.748586 0 0.320826
5900 -0.71464 0 0.174104
5950 -0.628383 0 0.332379
6000 -0.464956 0 0.457313
6050 -0.323874 0 0.334046
6100 -0.587322 0 0.236065
6150 -0.786229 0 0.140794
6200 -0.645105 0 0.186163
6250 -0.710121 0 0.482448
6300 -0.593971 0 0.47316
6350 -0.630638 0 0.328479
6400 -0.815145 0 0.247279
6450 -0.653538 0 0.18911
6500 -0.500164 0 0.388209
6550 -0.567955 0 0.457373
6600 -0.524851 0 0.391069
6650 -0.689041 0 0.298099
6700 -0.883695 0 0.202731
6750 -0.645397 0 0.199985
6800 -0.890884 0 0.31007
6850 -0.973087 0 0.43376
6900 -0.862567 0 0.386958
6950 -1.07763 0 0.369336
7000 -1.05654 0 0.40964
7050 -1.0534 0 0.558693
7100 -1.14139 0 0.657947
7150 -1.23267 0 0.590535
7200 -1.17004 0 0.484753
7250 -1.20758 0 0.730251
7300 -1.21057 0 0.766895
7350 -1.29351 0 0.713476
7400 -1.28289 0 0.528997
7450 -1.34051 0 0.712518
7500 -1.32131 0 0.672911
7550 -1.28551 0 0.671018
7600 -1.11355 0 0.569146
7650 -1.16892 0 0.732653
7700 -1.22897 0 0.673869
7750 -1.31871 0 0.606442
7800 -1.3747 0 0.548397
7850 -1.43755 0 0.698087
7900 -1.39002 0 0.717954
7950 -1.47271 0 0.550201
8000 -1.3264 0 0.584363
8050 -1.25499 0 0.702724
8100 -1.30235 0 0.737191
8150 -1.31994 0 0.563
8200 -1.3124 0 0.529416
8250 -1.24266 0 0.616253
8300 -1.21078 0 0.606869
8350 -1.15679 0 0.549392
8400 -1.00583 0 0.562489
8450 -0.859172 0 0.665553
8500 -0.782489 0 0.611283
8550 -0.870337 0 0.582145
8600 -0.835268 0 0.586611
8650 -0.68391 0 0.725304
8700 -0.578642 0 0.688741
8750 -0.832659 0 0.515266
8800 -0.905999 0 0.238921
8850 -0.685333 0 0.339608
8900 -0.697213 0 0.578423
8950 -0.621425 0 0.455608
9000 -0.787706 0 0.289585
9050 -0.824384 0 0.195604
9100 -0.658336 0 0.386617
9150 -0.744715 0 0.422801
9200 -0.498222 0 0.285769
9250 -0.866278 0 0.216425
9300 -0.794831 0 0.292806
9350 -0.707849 0 0.370739
9400 -0.768447 0 0.550328
9450 -0.766827 0 0.418632
9500 -0.849908 0 0.350633
9550 -0.891345 0 0.225826
9600 -0.721203 0 0.350147
9650 -0.741345 0 0.407325
9700 -0.706203 0 0.384246
9750 -0.755924 0 0.347961
9800 -0.965394 0 0.265258
9850 -0.778134 0 0.187506
9900 -0.699326 0 0.348584
9950 -0.701853 0 0.386521
10000 -0.565687 0 0.258574
10050 -0.792174 0 0.325563
10100 -0.750412 0 0.287182
10150 -0.81236 0 0.224888
10200 -0.753779 0 0.325836
10250 -0.686235 0 0.343287
10300 -0.720167 0 0.359768
10350 -0.871677 0 0.215751
10400 -0.60581 0 0.20843
10450 -0.520418 0 0.186497
10500 -0.452901 0 0.233764
10550 -0.423262 0 0.216705
10600 -0.573038 0 0.123823
10650 0.0263945 0 -0.197023
10700 -0.561721 0 0.081418
10750 -0.417075 0 0.186684
10800 -0.734048 0 0.310059
10850 -0.717822 0 0.283076
10900 -0.627732 0 0.125153
10950 -0.636963 0 0.0881183
11000 -0.708852 0 0.214979
11050 -0.725589 0 0.560202
11100 -0.621421 0 0.448621
11150 -0.748143 0 0.293302
11200 -0.6048 0 0.218773
11250 -0.497953 0 0.198639
11300 -0.570803 0 0.405859
11350 -0.512513 0 0.443026
11400 -0.616478 0 0.337417
11450 -0.913554 0 0.248705
11500 -0.83465 0 0.149619
11550 -0.639927 0 0.271921
11600 -0.470295 0 0.426762
11650 -0.438007 0 0.336963
11700 -0.524493 0 0.324743
11750 -0.585423 0 0.163704
11800 -0.791482 0 0.220884
11850 -1.06834 0 0.668353
11900 -1.05857 0 0.66907
11950 -1.20981 0 0.524422
12000 -1.06978 0 0.312585
12050 -1.13098 0 0.440306
12100 -1.18358 0 0.70579
12150 -1.29115 0 0.702274
12200 -1.36271 0 0.546107
12250 -1.36769 0 0.570433
12300 -1.2993 0 0.594218
12350 -1.27261 0 0.588418
12400 -1.27232 0 0.438885
12450 -1.3534 0 0.564297
12500 -1.42263 0 0.645737
12550 -1.38336 0 0.656608
12600 -1.32378 0 0.460811
12650 -1.35472 0 0.607598
12700 -1.2721 0 0.562712
12750 -1.25206 0 0.545518
12800 0.401812 0 -1.04932
12850 0.400099 0 -1.04652
12900 -1.21226 0 0.576377
12950 -1.26223 0 0.540236
13000 -1.34492 0 0.487461
13050 -1.38747 0 0.59766
13100 -1.31174 0 0.621075
13150 -1.43504 0 0.565151
13200 -1.36034 0 0.569521
13250 -1.34017 0 0.616446
13300 -1.3154 0 0.613664
13350 -1.38868 0 0.52218
13400 -1.32182 0 0.644168
13450 0.394366 0 -1.03704
13500 -1.18942 0 0.55491
13550 -1.19642 0 0.460994
13600 0.401547 0 -1.05273
13650 0.401197 0 -1.0517
13700 0.39819 0 -1.04265
13750 -1.18621 0 0.46805
13800 -1.29001 0 0.571901
13850 -1.27773 0 0.566604
13900 -1.33377 0 0.521957
13950 -1.34431 0 0.530572
14000 0.399637 0 -1.04703
14050 -1.22324 0 0.634137
14100 -1.28774 0 0.585712
14150 -1.35139 0 0.586888
14200 -1.29065 0 0.69838
14250 -1.33849 0 0.667322
14300 -1.2985 0 0.512475
14350 -1.23645 0 0.572848
14400 -1.1819 0 0.470669
14450 -1.15623 0 0.460264
14500 -1.05658 0 0.453928
14550 -1.06545 0 0.534697
14600 -0.998232 0 0.565438
14650 -1.01293 0 0.482533
14700 -0.99672 0 0.389609
14750 -0.894915 0 0.397431
14800 -1.14899 0 0.472787
14850 -1.24713 0 0.502599
14900 -1.1945 0 0.434889
14950 -0.964487 0 0.314952
15000 -0.733801 0 0.373026
15050 -0.813456 0 0.536293
15100 -0.754514 0 0.522813
15150 -0.948041 0 0.328942
15200 -0.807649 0 0.191443
15250 -0.616397 0 0.307308
15300 -0.734761 0 0.564927
15350 -0.685243 0 0.43184
15400 -0.725992 0 0.318404
15450 -0.820673 0 0.268725
15500 -0.652796 0 0.22215
15550 -0.649283 0 0.47331
15600 -0.541141 0 0.395431
15650 0.0657465 0 -0.323625
15700 -0.849661 0 0.221207
15750 -0.81374 0 0.095626
15800 -0.6013 0 0.251666
15850 -0.679149 0 0.408323
15900 -0.593073 0 0.374706
15950 -0.750508 0 0.244512
16000 -0.901243 0 7.0618e-05
16050 -0.703064 0 0.0333721
16100 -0.717292 0 0.289274
16150 -0.643059 0 0.380039
16200 -0.6479 0 0.373884
16250 -0.753575 0 0.289908
16300 -0.806258 0 0.207281
16350 -0.645046 0 0.264179
16400 -0.637113 0 0.229099
16450 -0.606343 0 0.335997
16500 -0.716058 0 0.279031
16550 -1.00651 0 0.316164
16600 -0.840032 0 0.290634
16650 -0.719716 0 0.483424
16700 -0.744731 0 0.468876
16750 -0.747321 0 0.3761
16800 -0.594825 0 0.264838
16850 -0.57827 0 0.29941
16900 -0.569852 0 0.433289
16950 -0.546791 0 0.410259
17000 -0.525169 0 0.277754
17050 -0.661993 0 0.222242
17100 -0.692977 0 0.133795
17150 -0.432163 0 0.257073
17200 -0.71988 0 0.300902
17250 -0.567992 0 0.276234
17300 -0.64165 0 0.240157
17350 -0.872752 0 0.220523
17400 -0.645737 0 0.175836
17450 -0.441043 0 0.439042
17500 -0.56643 0 0.429477
17550 -0.653111 0 0.34692
17600 -0.58944 0 0.368856
17650 -0.682079 0 0.268602
17700 -0.498664 0 0.266905
17750 -0.559588 0 0.43317
17800 -0.587007 0 0.445936
17850 -0.564515 0 0.29153
17900 -0.715822 0 0.218651
17950 -0.773231 0 0.139
18000 -0.614195 0 0.258196
18050 -0.464245 0 0.381886
18100 -0.554004 0 0.416837
18150 -0.491788 0 0.28865
18200 -0.677848 0 0.254553
18250 -0.859857 0 0.115769
18300 -0.638936 0 0.0907339
18350 -0.603708 0 0.305526
18400 -0.6827 0 0.460808
18450 -0.589725 0 0.371394
18500 -0.600564 0 0.309804
18550 -0.714083 0 0.153922
18600 -0.663741 0 0.210129
18650 -0.798262 0 0.60967
18700 -0.8928 0 0.574132
18750 -1.04309 0 0.557529
18800 -0.965889 0 0.448896
18850 -1.03453 0 0.554199
18900 -1.08768 0 0.757794
18950 -1.16717 0 0.700141
19000 -1.17516 0 0.561241
19050 -1.19465 0 0.515661
19100 -1.17961 0 0.676583
19150 -1.14927 0 0.803095
19200 -1.29775 0 0.813647
19250 -1.21213 0 0.614985
19300 -1.20442 0 0.582991
19350 -1.13871 0 0.583398
19400 -1.21204 0 0.549587
19450 -1.29286 0 0.507617
19500 -1.24862 0 0.659381
19550 -1.2903 0 0.647457
19600 -1.17468 0 0.641175
19650 -1.19946 0 0.614469
19700 -1.19273 0 0.640316
19750 -1.19028 0 0.661802
19800 -1.24513 0 0.627829
19850 -1.29104 0 0.565264
19900 -1.31216 0 0.722881
19950 -1.30933 0 0.710216
20000 -1.21543 0 0.69773
20050 -1.2471 0 0.653542
20100 -1.16226 0 0.725221
20150 -1.19263 0 0.736332
20200 -1.22131 0 0.645729
20250 -1.24346 0 0.565408
20300 -1.23362 0 0.589892
20350 -1.22028 0 0.593295
20400 -1.24705 0 0.581952
20450 -1.25085 0 0.604106
20500 -1.33602 0 0.697152
20550 -1.41275 0 0.665882
20600 -1.32687 0 0.577451
20650 -1.3116 0 0.642839
20700 -1.22765 0 0.760723
20750 -1.24446 0 0.700089
20800 -1.27637 0 0.526125
20850 -1.29719 0 0.584121
20900 -1.14502 0 0.70306
20950 -1.18119 0 0.667296
21000 -1.27405 0 0.5485
21050 -1.27741 0 0.494031
21100 -1.19752 0 0.579495
21150 -1.23557 0 0.511159
21200 -1.21466 0 0.372733
21250 -1.21257 0 0.382231
21300 -1.21744 0 0.414415
21350 -1.15942 0 0.353048
21400 -1.184 0 0.374042
21450 -1.22872 0 0.374337
21500 -1.17626 0 0.579665
21550 -1.20599 0 0.63405
21600 -1.35306 0 0.685979
21650 -1.33157 0 0.616237
21700 -1.22794 0 0.697406
21750 -1.26511 0 0.691898
21800 -1.28519 0 0.58769
21850 -1.26716 0 0.594336
21900 -1.28413 0 0.657472
21950 -1.26633 0 0.620069
22000 -1.29949 0 0.631104
22050 -1.35305 0 0.624437
22100 -1.33101 0 0.700013
22150 -1.3541 0 0.647005
22200 -1.33204 0 0.55225
22250 -1.3143 0 0.588641
22300 -1.25785 0 0.651534
22350 -1.27096 0 0.614507
22400 -1.24922 0 0.446697
22450 -1.29816 0 0.591799
22500 -1.29517 0 0.643464
22550 -1.32497 0 0.665671
22600 -1.38955 0 0.468988
22650 -1.37058 0 0.646973
22700 -1.29086 0 0.63807
22750 -1.25329 0 0.587177
22800 -1.06022 0 0.380953
22850 -1.04013 0 0.516575
22900 -1.00826 0 0.544522
22950 -1.02764 0 0.562253
23000 -1.17098 0 0.430706
23050 -1.0847 0 0.509446
23100 -0.906883 0 0.628856
23150 -1.01169 0 0.53509
23200 -1.1247 0 0.455183
23250 -1.13751 0 0.359241
23300 -0.882616 0 0.504401
23350 -1.01167 0 0.566729
23400 -1.09104 0 0.451562
23450 -1.06865 0 0.325966
23500 -0.901538 0 0.408883
23550 -0.841493 0 0.58386
23600 -0.79102 0 0.352466
23650 -0.990774 0 0.246755
23700 -0.878394 0 0.251479
23750 -0.739243 0 0.414331
23800 -0.944677 0 0.499494
23850 -0.91598 0 0.34519
23900 -1.04712 0 0.267058
23950 -0.818154 0 0.268664
24000 -0.976852 0 0.220992
24050 -1.04844 0 0.335301
24100 -1.01542 0 0.301086
24150 -0.991176 0 0.231561
24200 -0.735044 0 0.301554
24250 -0.768883 0 0.366276
24300 -0.68189 0 0.344857
24350 -0.843707 0 0.288012
24400 -0.963396 0 0.118311
24450 -0.698218 0 0.112739
24500 -0.774268 0 0.36306
24550 -0.662431 0 0.472583
24600 -0.782414 0 0.323543
24650 -1.06237 0 0.220148
24700 -0.715125 0 0.143344
24750 -0.53708 0 0.272775
24800 -0.544256 0 0.319279
24850 -0.489114 0 0.32219
24900 -0.769216 0 0.201458
24950 -1.04119 0 0.158216
25000 -0.706492 0 0.15723
25050 -0.603874 0 0.29898
25100 -0.662952 0 0.386239
25150 -0.638484 0 0.342809
25200 -0.678851 0 0.361306
25250 -0.783095 0 0.277096
25300 -0.719548 0 0.181838
25350 -0.785349 0 0.412868
25400 -0.962587 0 0.536355
25450 -1.00848 0 0.445371
25500 -1.13974 0 0.406451
25550 -1.11011 0 0.431077
25600 -1.28845 0 0.720559
25650 -1.21939 0 0.74508
25700 -1.29446 0 0.65312
25750 -1.24634 0 0.498958
25800 -1.34401 0 0.632085
25850 -1.26679 0 0.583379
25900 -1.29583 0 0.626031
25950 -1.25168 0 0.522615
26000 -1.23907 0 0.682912
26050 -1.17556 0 0.672551
26100 -1.20541 0 0.617719
26150 -1.24741 0 0.524576
26200 -1.37047 0 0.682063
26250 -1.33652 0 0.635214
26300 -1.41002 0 0.575092
26350 -1.38077 0 0.515106
26400 -1.29903 0 0.657802
26450 -1.26681 0 0.693786
26500 -1.28247 0 0.628456
26550 -1.31444 0 0.564811
26600 -1.23035 0 0.778134
26650 -1.24236 0 0.731336
26700 -1.24286 0 0.666916
26750 -1.23439 0 0.569493
26800 -1.24007 0 0.740964
26850 -1.17295 0 0.78417
26900 -1.14478 0 0.680647
26950 -1.02849 0 0.517229
27000 -0.868229 0 0.667262
27050 -0.892813 0 0.628752
27100 -1.00807 0 0.469198
27150 -1.03768 0 0.315034
27200 -1.00773 0 0.366882
27250 -0.990931 0 0.454984
27300 -0.846233 0 0.321336
27350 -1.0555 0 0.293494
27400 -0.960461 0 0.228607
27450 -0.767288 0 0.413562
27500 -0.888949 0 0.507668
27550 -0.839696 0 0.44108
27600 -0.855707 0 0.33025
27650 -0.827269 0 0.273782
27700 -0.783322 0 0.306374
27750 -0.854655 0 0.274028
27800 -0.80814 0 0.333979
27850 -0.932619 0 0.211671
27900 -0.694595 0 0.184901
27950 -0.556951 0 0.305523
28000 -0.38253 0 0.37477
28050 -0.404989 0 0.254366
28100 -0.665273 0 0.0207113
28150 -0.28876 0 0.0307737
28200 -0.0838273 0 0.130542
28250 0.285116 0 -0.458084
28300 -0.233811 0 -0.10765
28350 -0.0117837 0 -0.149697
28400 -0.589293 0 0.285906
28450 0.248213 0 -0.477755
28500 -0.0132503 0 -0.251327
28550 -0.159592 0 -0.0806109
28600 -0.0209641 0 -0.0190949
28650 -0.0212296 0 -0.0049254
28700 -0.0209478 0 0.0102505
28750 -0.0219704 0 0.0133004
28800 0.0068431 0 -0.00596975
28850 0.0126179 0 -0.0129056
28900 -0.00664272 0 0.00795676
28950 0.00177556 0 0.0027197
29000 -0.00384356 0 0.00379371
29050 -0.00366745 0 0.0126721
29100 -0.00608482 0 0.012123
29150 -0.00947568 0 0.0174592
29200 -0.0134606 0 0.0207864
29250 -0.0140441 0 0.0218953
29300 -0.0254106 0 0.0419649
29350 -0.0203868 0 0.0453528
29400 -0.027768 0 0.0584617
29450 0.0256524 0 -0.0486573
