200 -0.00995633 0 0.0458093
250 -0.00311172 0 0.0244988
300 -0.00910485 0 0.0169653
350 -0.00651069 0 0.00319857
400 -0.0108626 0 0.00315643
450 -0.014535 0 0.0132998
500 -0.0110286 0 0.015958
550 -0.0109237 0 0.0149961
600 -0.0102253 0 0.0145926
650 -0.0064746 0 0.0218365
700 -0.00928852 0 0.0122451
750 -0.0214647 0 -0.133704
800 -0.333649 0 -0.151459
850 0.0183243 0 -0.390105
900 0.348725 0 -0.75762
950 0.650691 0 -1.09954
1000 0.368904 0 -1.0893
1050 0.147368 0 -0.972198
1100 0.316039 0 -0.874045
1150 0.643041 0 -1.05821
1200 0.553388 0 -1.10265
1250 0.255957 0 -1.12975
1300 0.357241 0 -1.01673
1350 0.468829 0 -1.05908
1400 0.493431 0 -1.10701
1450 0.369408 0 -1.11671
1500 0.163806 0 -1.05685
1550 0.404112 0 -0.960321
1600 0.654337 0 -1.12821
1650 0.434663 0 -1.11372
1700 0.288342 0 -1.12268
1750 0.34225 0 -1.01244
1800 0.520277 0 -1.09416
1850 0.45494 0 -1.12278
1900 0.255184 0 -1.18098
1950 0.187917 0 -0.984176
2000 0.511973 0 -1.02911
2050 0.627764 0 -1.13684
2100 0.389712 0 -1.14454
2150 0.158536 0 -1.07302
2200 0.424065 0 -0.955596
2250 0.804254 0 -1.14641
2300 0.51001 0 -1.21891
2350 0.178183 0 -1.22766
2400 0.387687 0 -1.02337
2450 0.723742 0 -1.17124
2500 0.534207 0 -1.1921
2550 0.214885 0 -1.23808
2600 0.331734 0 -1.06982
2650 0.720218 0 -1.19192
2700 0.597806 0 -1.20846
2750 0.225429 0 -1.22591
2800 0.209914 0 -1.02673
2850 0.642009 0 -1.15272
2900 0.692322 0 -1.27179
2950 0.262765 0 -1.22922
3000 0.197144 0 -1.02471
3050 0.55594 0 -1.05798
3100 0.711183 0 -1.231
3150 0.316526 0 -1.19345
3200 0.204565 0 -1.07413
3250 0.464489 0 -1.04976
3300 0.655233 0 -1.23112
3350 0.410762 0 -1.21539
3400 0.29111 0 -1.12448
3450 0.432225 0 -1.04751
3500 0.622055 0 -1.13304
3550 0.440158 0 -1.1534
3600 0.257189 0 -1.20933
3650 0.407462 0 -1.05763
3700 0.659572 0 -1.1651
3750 0.48844 0 -1.14861
3800 0.260899 0 -1.14844
3850 0.278889 0 -0.957791
3900 0.710629 0 -1.15946
3950 0.686002 0 -1.30325
4000 0.203565 0 -1.25805
4050 0.185326 0 -0.972025
4100 0.451299 0 -0.983205
4150 0.617901 0 -1.20449
4200 0.316346 0 -1.1879
4250 0.126853 0 -1.05243
4300 0.432405 0 -0.963862
4350 0.747826 0 -1.18464
4400 0.428788 0 -1.16021
4450 0.159994 0 -1.19484
4500 0.354976 0 -0.989754
4550 0.693398 0 -1.11804
4600 0.522499 0 -1.13106
4650 0.189142 0 -1.23186
4700 0.19121 0 -0.970023
4750 0.618188 0 -1.05394
4800 0.670192 0 -1.18041
4850 0.302427 0 -1.24408
4900 0.17329 0 -1.08898
4950 0.52938 0 -1.03104
5000 0.765916 0 -1.20682
5050 0.389343 0 -1.2629
5100 0.0890239 0 -1.179
5150 0.356652 0 -0.954357
5200 0.713627 0 -1.19216
5250 0.494772 0 -1.18067
5300 0.172038 0 -1.13348
5350 0.303162 0 -1.01065
5400 0.673185 0 -1.18314
5450 0.566081 0 -1.23112
5500 0.206565 0 -1.20329
5550 0.169056 0 -0.964839
5600 0.647746 0 -1.14455
5650 0.641814 0 -1.22659
5700 0.261076 0 -1.16595
5750 0.0936568 0 -1.00743
5800 0.56215 0 -1.06372
5850 0.752866 0 -1.23341
5900 0.320561 0 -1.16302
5950 0.151233 0 -1.06134
6000 0.400943 0 -0.959956
6050 0.668406 0 -1.16706
6100 0.395458 0 -1.09293
6150 0.276617 0 -0.945848
6200 0.271767 0 -0.800946
6250 0.206133 0 -0.514542
6300 0.0755869 0 -0.204133
6350 0.0341843 0 -0.124072
6400 -0.0441767 0 -0.0553614
6450 -0.0335203 0 -0.0593681
6500 -0.0139465 0 -0.0420976
6550 -0.00381463 0 -0.0229249
6600 -0.00488018 0 0.0306099
6650 -0.00722198 0 0.0232898
6700 -0.0131323 0 0.0196041
6750 -0.0133465 0 0.0134928
6800 -0.014525 0 0.0240085
6850 -0.0140164 0 0.0232126
6900 -0.013493 0 0.0211793
6950 -0.0131911 0 0.0252958
7000 -0.00947582 0 0.0233549
7050 -0.0144837 0 0.0278746
7100 -0.0161411 0 0.0264074
7150 -0.0144172 0 0.0263249
7200 -0.0139459 0 0.0361315
7250 -0.0133349 0 0.0245771
7300 -0.0126032 0 0.0256233
7350 -0.0102844 0 0.0215073
7400 -0.00618249 0 0.0134952
7450 -0.00581711 0 0.0153977
7500 -0.0355153 0 -0.0567968
7550 -0.095402 0 -0.117064
7600 0.0706705 0 -0.481869
7650 0.439753 0 -0.866179
7700 0.478174 0 -1.07534
7750 0.249235 0 -1.08871
7800 0.271761 0 -0.969243
7850 0.408401 0 -0.922737
7900 0.602466 0 -1.06668
7950 0.400105 0 -1.02543
8000 0.187882 0 -1.09622
8050 0.285757 0 -0.885615
8100 0.699038 0 -1.09919
8150 0.608742 0 -1.19406
8200 0.270449 0 -1.11811
8250 0.25696 0 -0.946195
8300 0.474051 0 -0.98922
8350 0.60251 0 -1.14235
8400 0.342988 0 -1.14699
8450 0.260937 0 -1.0278
8500 0.404755 0 -0.969608
8550 0.643915 0 -1.13875
8600 0.483496 0 -1.12745
8650 0.19143 0 -1.11135
8700 0.276524 0 -0.947181
8750 0.648383 0 -1.09867
8800 0.601229 0 -1.20402
8850 0.20302 0 -1.24545
8900 0.159511 0 -0.978334
8950 0.519059 0 -1.00465
9000 0.657233 0 -1.18574
9050 0.298269 0 -1.10573
9100 0.210026 0 -1.12074
9150 0.46224 0 -1.04598
9200 0.669258 0 -1.19717
9250 0.413761 0 -1.17572
9300 0.187706 0 -1.13993
9350 0.367615 0 -1.02254
9400 0.64871 0 -1.18651
9450 0.451246 0 -1.18104
9500 0.14477 0 -1.19476
9550 0.278738 0 -0.94556
9600 0.797898 0 -1.25216
9650 0.570983 0 -1.35429
9700 0.167957 0 -1.31
9750 0.244302 0 -0.953103
9800 0.636917 0 -1.12743
9850 0.619013 0 -1.27221
9900 0.275261 0 -1.18509
9950 0.208496 0 -1.06076
10000 0.540707 0 -1.07088
10050 0.759022 0 -1.2744
10100 0.337253 0 -1.28919
10150 0.168936 0 -1.0855
10200 0.537723 0 -1.03753
10250 0.752423 0 -1.28737
10300 0.369596 0 -1.32694
10350 0.200853 0 -1.15231
10400 0.4541 0 -1.0585
10450 0.699505 0 -1.1609
10500 0.440911 0 -1.13715
10550 0.267572 0 -1.10323
10600 0.36432 0 -0.989135
10650 0.537605 0 -1.07566
10700 0.514565 0 -1.13818
10750 0.227435 0 -1.17936
10800 0.240441 0 -0.917685
10850 0.581133 0 -1.05469
10900 0.61416 0 -1.16948
10950 0.238054 0 -1.1929
11000 0.142777 0 -1.02364
11050 0.540511 0 -1.04538
11100 0.717785 0 -1.21543
11150 0.350293 0 -1.20167
11200 0.156911 0 -1.08908
11250 0.456638 0 -1.04194
11300 0.716446 0 -1.20832
11350 0.38628 0 -1.17009
11400 0.165885 0 -1.12482
11450 0.339276 0 -0.896338
11500 0.802979 0 -1.21231
11550 0.600493 0 -1.22561
11600 0.19385 0 -1.24525
11650 0.255213 0 -0.952346
11700 0.666672 0 -1.09106
11750 0.652835 0 -1.22116
11800 0.234995 0 -1.21503
11850 0.210787 0 -1.01071
11900 0.465589 0 -1.03071
11950 0.536874 0 -1.12086
12000 0.316335 0 -1.11332
12050 0.157429 0 -0.959646
12100 0.425899 0 -0.969293
12150 0.689946 0 -1.21383
12200 0.338205 0 -1.19709
12250 0.187944 0 -1.04999
12300 0.38897 0 -0.932608
12350 0.631558 0 -1.10524
12400 0.440258 0 -1.15054
12450 0.147401 0 -1.14852
12500 0.393402 0 -1.01219
12550 0.823909 0 -1.24276
12600 0.563213 0 -1.28897
12650 0.205406 0 -1.17202
12700 0.272305 0 -0.957552
12750 0.67872 0 -1.10058
12800 0.577086 0 -1.18744
12850 0.224936 0 -1.1706
12900 0.148913 0 -0.891921
12950 0.437434 0 -0.89069
13000 0.504764 0 -0.778052
13050 0.362943 0 -0.592521
13100 0.118436 0 -0.378094
13150 -0.0181236 0 -0.200677
13200 -0.036188 0 0.0227182
13250 0.0122008 0 -0.0680655
13300 0.0578856 0 -0.103913
13350 0.0335943 0 -0.0742744
13400 -0.0255471 0 -0.0574923
13450 0.00493949 0 -0.0665571
13500 -0.016774 0 -0.0294871
13550 -0.0159938 0 -0.174701
13600 0.0175376 0 -0.0154414
13650 -0.0126188 0 -0.0832198
13700 -0.381177 0 0.187296
13750 -0.576714 0 0.10138
13800 0.124543 0 -0.167075
13850 0.0846999 0 -0.144624
13900 0.0440091 0 -0.108635
13950 -0.00514185 0 -0.0927215
14000 0.00618307 0 -0.0247851
14050 -0.0199836 0 0.00153938
14100 -0.0141781 0 0.0100672
14150 -0.00726352 0 0.00555556
14200 -0.00776206 0 0.024589
14250 -0.0119761 0 0.0184458
14300 -0.00391632 0 0.00280102
14350 -0.0141043 0 -0.00034563
14400 -0.0188337 0 0.0177653
14450 -0.0177004 0 0.0397111
14500 -0.0074149 0 0.029392
14550 -0.00155515 0 0.0395752
14600 -0.0222641 0 0.0757181
14650 -0.0122609 0 0.0990892
