# Created at Thu Oct 19 16:05:56 CDT 2017
3734797864019685 1
3734798397314362 2
3734798950414948 3
3734799404608064 4
3734799878698640 5
3734800451452546 6
3734800965002351 7
3734801439031892 8
3734801972296052 9
3734802466100983 10
3734802959875397 11
3734803473394685 12
3734804006719880 13
3734804263525300 14
3734804658514314 15
3734805270814504 16
3734805804078665 17
3734806337373342 18
3734806870668020 19
3734807384217825 20
3734807897767629 21
3734808431031790 22
3734808885316458 23
3734809418611135 24
3734809951936331 25
3734810504914846 26
3734810998719778 27
3734811512269583 28
3734812025849905 29
3734812539338674 30
3734813072694387 31
3734813586183157 32
3734814119447317 33
3734814613221731 34
3734815146577444 35
3734815660105856 36
3734816173655661 37
3734816687205465 38
3734817180949362 39
3734817694529684 40
3734818208110006 41
3734818721598776 42
3734819235179098 43
3734819728892477 44
3734820222666891 45
3734820755992086 46
3734821309062155 47
3734821565806540 48
3734822020091208 49
3734822652140768 50
3734823382975729 51
3734823896525534 52
3734824410075338 53
3734824943339499 54
3734825496384119 55
3734826720993494 56
3734827254288172 57
3734827767868494 58
3734828281387781 59
3734828814651942 60
3734829328232264 61
3734829841812586 62
3734830355331873 63
3734830888626551 64
3734831421921229 65
3734831994705653 66
3734832508285975 67
3734833041580653 68
3734833574905848 69
3734834088394617 70
3734834601944422 71
3734835095749354 72
3734835569743644 73
3734836103038321 74
3734836577098380 75
3734837090617667 76
3734837544932853 77
3734838038737784 78
3734838512767325 79
3734839006541739 80
3734839500346671 81
3734839994151603 82
3734840527446280 83
3734841021281730 84
3734841534831534 85
3734842166850577 86
3734842739665519 87
3734843292735587 88
3734843825999747 89
3734844339549552 90
3734844853160392 91
3734845366679679 92
3734845880229484 93
3734846393791716 94
3734846907311003 95
3734847440636199 96
3734847954155486 97
3734848447960417 98
3734848981255095 99
3734849494804900 100
3734850008354705 101
3734850521965544 102
3734851035454314 103
3734851588524382 104
3734852102074187 105
3734852576103728 106
3734853109398406 107
3734853622948210 108
3734854097008269 109
3734854590813201 110
3734855045097869 111
3734855519188445 112
3734856013023894 113
3734856506730456 114
3734856980790515 115
3734857474595446 116
3734857988145251 117
3734858244920153 118
3734858561021227 119
3734859232530016 120
3734859726304431 121
3734860239854235 122
3734860773148913 123
3734861286729235 124
3734861800279040 125
3734862294083972 126
3734862827378649 127
3734863340928454 128
3734863854508776 129
3734864387772936 130
3734864921159167 131
3734865395127673 132
3734865948197741 133
3734866402534971 134
3734866896309385 135
