200 -0.443465 0 0.896292
250 -0.535644 0 0.844444
300 -0.183478 0 0.983024
350 -0.186557 0 0.982444
400 -0.275634 0 0.961263
450 -0.574309 0 0.818639
500 -0.624591 0 0.780952
550 -0.58637 0 0.810044
600 -0.626096 0 0.779746
650 -0.781931 0 0.623365
700 -0.941558 0 0.336852
750 -0.865442 0 -0.50101
800 -0.145931 0 -0.989295
850 -0.937651 0 0.347578
900 -0.77127 0 0.636508
950 -0.65281 0 0.757521
1000 -0.82214 0 0.569285
1050 -0.915076 0 0.403281
1100 -0.974805 0 0.223059
1150 -0.958706 0 0.284399
1200 -0.808831 0 0.588041
1250 -0.768954 0 0.639305
1300 -0.887058 0 0.461658
1350 -0.928838 0 0.370486
1400 -0.939761 0 0.341832
1450 -0.898046 0 0.439901
1500 -0.812699 0 0.582684
1550 -0.8284 0 0.560137
1600 -0.927313 0 0.374287
1650 -0.974482 0 0.224464
1700 -0.978224 0 0.207552
1750 -0.859976 0 0.510334
1800 -0.797619 0 0.603161
1850 -0.827605 0 0.561312
1900 -0.936413 0 0.3509
1950 -0.973415 0 0.22905
2000 -0.920355 0 0.391084
2050 -0.841587 0 0.540122
2100 -0.823301 0 0.567605
2150 -0.904532 0 0.426406
2200 -0.953494 0 0.301413
2250 -0.949881 0 0.312612
2300 -0.875669 0 0.482911
2350 -0.858718 0 0.512448
2400 -0.894945 0 0.446176
2450 -0.918852 0 0.394603
2500 -0.934301 0 0.356484
2550 -0.882328 0 0.470635
2600 -0.861616 0 0.507561
2650 -0.888227 0 0.459405
2700 -0.903899 0 0.427746
2750 -0.886809 0 0.462136
2800 -0.873737 0 0.486398
2850 -0.876519 0 0.481367
2900 -0.922075 0 0.387012
2950 -0.872941 0 0.487826
3000 -0.886597 0 0.462543
3050 -0.896564 0 0.442914
3100 -0.919624 0 0.392799
3150 -0.871618 0 0.490185
3200 -0.905254 0 0.42487
3250 -0.902423 0 0.430851
3300 -0.931402 0 0.363993
3350 -0.90383 0 0.427892
3400 -0.900228 0 0.435419
3450 -0.919578 0 0.392908
3500 -0.916086 0 0.400982
3550 -0.902926 0 0.429797
3600 -0.890721 0 0.454551
3650 -0.909407 0 0.415907
3700 -0.9047 0 0.42605
3750 -0.885709 0 0.464242
3800 -0.901871 0 0.432006
3850 -0.906394 0 0.422434
3900 -0.872658 0 0.488332
3950 -0.87047 0 0.492221
4000 -0.891114 0 0.45378
4050 -0.908739 0 0.417365
4100 -0.871752 0 0.489948
4150 -0.876912 0 0.48065
4200 -0.884321 0 0.46688
4250 -0.912454 0 0.40918
4300 -0.823537 0 0.567263
4350 -0.825326 0 0.564657
4400 -0.863472 0 0.504396
4450 -0.904897 0 0.425632
4500 -0.826185 0 0.563398
4550 -0.751815 0 0.659374
4600 -0.835769 0 0.549081
4650 -0.890737 0 0.454519
4700 -0.868293 0 0.496051
4750 -0.77705 0 0.629438
4800 -0.817917 0 0.575336
4850 -0.938134 0 0.346272
4900 -0.953619 0 0.301015
4950 -0.865965 0 0.500104
5000 -0.833369 0 0.552716
5050 -0.841061 0 0.540941
5100 -0.929757 0 0.368173
5150 -0.957667 0 0.287878
5200 -0.846827 0 0.531869
5250 -0.814721 0 0.579853
5300 -0.85929 0 0.511488
5350 -0.923271 0 0.38415
5400 -0.941096 0 0.338138
5450 -0.878062 0 0.478546
5500 -0.829049 0 0.559175
5550 -0.860287 0 0.50981
5600 -0.951116 0 0.308833
5650 -0.954376 0 0.298607
5700 -0.833387 0 0.55269
5750 -0.802596 0 0.596523
5800 -0.832911 0 0.553406
5850 -0.914832 0 0.403834
5900 -0.970606 0 0.240675
5950 -0.88217 0 0.470932
6000 -0.800152 0 0.599797
6050 -0.814065 0 0.580774
6100 -0.92123 0 0.389018
6150 -0.983893 0 0.178756
6200 -0.957985 0 0.286817
6250 -0.823772 0 0.566921
6300 -0.780179 0 0.625556
6350 -0.887075 0 0.461626
6400 -0.951337 0 0.308153
6450 -0.972015 0 0.234919
6500 -0.835633 0 0.549288
6550 -0.787423 0 0.616412
6600 -0.802691 0 0.596395
6650 -0.926566 0 0.376132
6700 -0.972447 0 0.233122
6750 -0.953742 0 0.300628
6800 -0.858354 0 0.513057
6850 -0.87897 0 0.476876
6900 -0.896333 0 0.443381
6950 -0.943154 0 0.332355
7000 -0.922132 0 0.386876
7050 -0.876308 0 0.481751
7100 -0.864254 0 0.503055
7150 -0.900225 0 0.435425
7200 -0.932186 0 0.361979
7250 -0.889697 0 0.456551
7300 -0.880431 0 0.474175
7350 -0.888706 0 0.458478
7400 -0.92423 0 0.381837
7450 -0.881505 0 0.472174
7500 -0.890201 0 0.455568
7550 -0.886257 0 0.463194
7600 -0.917321 0 0.398149
7650 -0.874008 0 0.485912
7700 -0.895332 0 0.4454
7750 -0.912899 0 0.408187
7800 -0.927595 0 0.373588
7850 -0.899237 0 0.437461
7900 -0.888243 0 0.459374
7950 -0.936593 0 0.350418
8000 -0.937507 0 0.347965
8050 -0.879246 0 0.476368
8100 -0.878284 0 0.478139
8150 -0.917512 0 0.397708
8200 -0.925248 0 0.379364
8250 -0.896202 0 0.443647
8300 -0.894739 0 0.446589
8350 -0.902827 0 0.430004
8400 -0.864314 0 0.502953
8450 -0.785542 0 0.618808
8500 -0.793276 0 0.608862
8550 -0.845356 0 0.534203
8600 -0.802347 0 0.596859
8650 -0.673404 0 0.739275
8700 -0.639328 0 0.768934
8750 -0.848103 0 0.529831
8800 -0.933263 0 0.359195
8850 -0.845656 0 0.533728
8900 -0.827019 0 0.562174
8950 -0.830905 0 0.556415
9000 -0.94554 0 0.325506
9050 -0.97207 0 0.234691
9100 -0.861563 0 0.50765
9150 -0.870062 0 0.492943
9200 -0.903107 0 0.429416
9250 -0.950072 0 0.312031
9300 -0.976466 0 0.215673
9350 -0.927619 0 0.373527
9400 -0.821777 0 0.569809
9450 -0.882617 0 0.470094
9500 -0.927062 0 0.374908
9550 -0.969358 0 0.245652
9600 -0.918755 0 0.394827
9650 -0.825323 0 0.56466
9700 -0.835396 0 0.549648
9750 -0.904215 0 0.427077
9800 -0.966249 0 0.257609
9850 -0.971303 0 0.237846
9900 -0.892654 0 0.450742
9950 -0.875784 0 0.482704
10000 -0.923211 0 0.384293
10050 -0.946452 0 0.322843
10100 -0.976515 0 0.21545
10150 -0.976824 0 0.214045
10200 -0.938473 0 0.345352
10250 -0.907293 0 0.4205
10300 -0.900273 0 0.435327
10350 -0.970793 0 0.239918
10400 -0.965847 0 0.259112
10450 -0.943605 0 0.331073
10500 -0.886277 0 0.463156
10550 -0.895911 0 0.444234
10600 -0.967638 0 0.252341
10650 0.149454 0 -0.988769
10700 -0.990311 0 0.138869
10750 -0.916303 0 0.400487
10800 -0.847097 0 0.531439
10850 -0.905442 0 0.42447
10900 -0.954276 0 0.298925
10950 -0.979909 0 0.199444
11000 -0.951429 0 0.307868
11050 -0.801114 0 0.598511
11100 -0.815994 0 0.57806
11150 -0.930977 0 0.365078
11200 -0.936036 0 0.351904
11250 -0.929777 0 0.368122
11300 -0.788239 0 0.61537
11350 -0.759546 0 0.650453
11400 -0.87825 0 0.478201
11450 -0.961885 0 0.273453
11500 -0.983897 0 0.178735
11550 -0.920011 0 0.391893
11600 -0.820877 0 0.571105
11650 -0.852883 0 0.522102
11700 -0.902105 0 0.431516
11750 -0.969547 0 0.244907
11800 -0.963096 0 0.269157
11850 -0.848549 0 0.529117
11900 -0.845211 0 0.534433
11950 -0.917333 0 0.398122
12000 -0.962428 0 0.271535
12050 -0.943333 0 0.331847
12100 -0.875197 0 0.483767
12150 -0.889845 0 0.456263
12200 -0.928163 0 0.372173
12250 -0.923561 0 0.383451
12300 -0.909212 0 0.416334
12350 -0.90758 0 0.419878
12400 -0.945845 0 0.324619
12450 -0.927465 0 0.373911
12500 -0.910153 0 0.414272
12550 -0.903447 0 0.428699
12600 -0.944582 0 0.328274
12650 -0.912294 0 0.409536
12700 -0.914095 0 0.405501
12750 -0.916475 0 0.400092
12800 -0.939606 0 0.342258
12850 -0.908231 0 0.418468
12900 -0.911205 0 0.411953
12950 -0.924727 0 0.38063
13000 -0.939195 0 0.343385
13050 -0.918227 0 0.396055
13100 -0.903574 0 0.428433
13150 -0.930208 0 0.367032
13200 -0.932164 0 0.362037
13250 -0.905068 0 0.425266
13300 -0.903217 0 0.429183
13350 -0.935515 0 0.353286
13400 -0.898875 0 0.438206
13450 0.355499 0 -0.934677
13500 -0.906528 0 0.422145
13550 -0.932864 0 0.360228
13600 -0.903575 0 0.42843
13650 -0.90474 0 0.425965
13700 -0.909643 0 0.41539
13750 -0.943943 0 0.330109
13800 -0.915875 0 0.401464
13850 -0.914709 0 0.404112
13900 -0.93125 0 0.364382
13950 -0.930179 0 0.367107
14000 -0.895714 0 0.44463
14050 -0.896252 0 0.443546
14100 -0.907192 0 0.420716
14150 -0.907914 0 0.419158
14200 -0.881371 0 0.472426
14250 -0.896044 0 0.443965
14300 -0.929667 0 0.368401
14350 -0.907361 0 0.420353
14400 -0.887471 0 0.460864
14450 -0.898705 0 0.438554
14500 -0.915959 0 0.401272
14550 -0.905988 0 0.423304
14600 -0.865932 0 0.500161
14650 -0.900341 0 0.435186
14700 -0.928838 0 0.370487
14750 -0.913917 0 0.4059
14800 -0.85255 0 0.522645
14850 -0.840576 0 0.541694
14900 -0.909586 0 0.415516
14950 -0.933778 0 0.357853
15000 -0.886998 0 0.461773
15050 -0.83742 0 0.54656
15100 -0.824435 0 0.565956
15150 -0.944434 0 0.328702
15200 -0.966909 0 0.255123
15250 -0.871158 0 0.491002
15300 -0.834648 0 0.550783
15350 -0.857121 0 0.515115
15400 -0.91221 0 0.409722
15450 -0.948075 0 0.318047
15500 -0.945341 0 0.326082
15550 -0.809956 0 0.586491
15600 -0.788616 0 0.614885
15650 -0.917199 0 0.39843
15700 -0.970113 0 0.242654
15750 -0.991128 0 0.132909
15800 -0.916103 0 0.400944
15850 -0.852777 0 0.522275
15900 -0.844206 0 0.536019
15950 -0.950928 0 0.309411
16000 -0.989057 0 0.147532
16050 -0.990226 0 0.139474
16100 -0.917436 0 0.397884
16150 -0.867119 0 0.498101
16200 -0.857035 0 0.515259
16250 -0.935026 0 0.35458
16300 -0.967344 0 0.253467
16350 -0.924229 0 0.381838
16400 -0.814994 0 0.579469
16450 -0.815108 0 0.579308
16500 -0.910216 0 0.414135
16550 -0.95061 0 0.310387
16600 -0.938269 0 0.345907
16650 -0.821325 0 0.57046
16700 -0.843265 0 0.537498
16750 -0.891977 0 0.45208
16800 -0.946657 0 0.322242
16850 -0.948754 0 0.316015
16900 -0.815115 0 0.579299
16950 -0.794355 0 0.607453
17000 -0.896509 0 0.443025
17050 -0.951323 0 0.308194
17100 -0.978924 0 0.204223
17150 -0.855826 0 0.517263
17200 -0.821713 0 0.569902
17250 -0.825491 0 0.564415
17300 -0.904009 0 0.427512
17350 -0.969204 0 0.246261
17400 -0.967291 0 0.253668
17450 -0.713455 0 0.700701
17500 -0.786361 0 0.617767
17550 -0.882754 0 0.469836
17600 -0.950101 0 0.311943
17650 -0.980202 0 0.198
17700 -0.92082 0 0.389987
17750 -0.771379 0 0.636376
17800 -0.797976 0 0.60269
17850 -0.882827 0 0.469697
17900 -0.956087 0 0.293082
17950 -0.984637 0 0.174613
18000 -0.931726 0 0.363161
18050 -0.70286 0 0.711328
18100 -0.785538 0 0.618814
18150 -0.843449 0 0.537209
18200 -0.944176 0 0.329441
18250 -0.986566 0 0.163363
18300 -0.98807 0 0.154004
18350 -0.892199 0 0.451642
18400 -0.866711 0 0.498811
18450 -0.892925 0 0.450206
18500 -0.929269 0 0.369403
18550 -0.976331 0 0.216281
18600 -0.949596 0 0.313478
18650 -0.79234 0 0.610079
18700 -0.839847 0 0.542824
18750 -0.881396 0 0.472378
18800 -0.940018 0 0.341124
18850 -0.910897 0 0.412633
18900 -0.830132 0 0.557567
18950 -0.862557 0 0.50596
19000 -0.903114 0 0.429401
19050 -0.917811 0 0.397018
19100 -0.867107 0 0.498122
19150 -0.819861 0 0.572563
19200 -0.880539 0 0.473973
19250 -0.91731 0 0.398173
19300 -0.898706 0 0.438553
19350 -0.892704 0 0.450643
19400 -0.910262 0 0.414032
19450 -0.929929 0 0.367739
19500 -0.883368 0 0.46868
19550 -0.893355 0 0.449352
19600 -0.906953 0 0.421233
19650 -0.925758 0 0.378117
19700 -0.863781 0 0.503867
19750 -0.86602 0 0.500009
19800 -0.892461 0 0.451125
19850 -0.914094 0 0.405502
19900 -0.874988 0 0.484144
19950 -0.878927 0 0.476956
20000 -0.894344 0 0.44738
20050 -0.906737 0 0.421696
20100 -0.827995 0 0.560736
20150 -0.845898 0 0.533345
20200 -0.883159 0 0.469074
20250 -0.90888 0 0.417057
20300 -0.902174 0 0.431372
20350 -0.899424 0 0.437078
20400 -0.923967 0 0.382472
20450 -0.912898 0 0.408187
20500 -0.877856 0 0.478924
20550 -0.898598 0 0.438773
20600 -0.917162 0 0.398514
20650 -0.897745 0 0.440515
20700 -0.850115 0 0.526598
20750 -0.871311 0 0.490731
20800 -0.900907 0 0.434013
20850 -0.905089 0 0.425222
20900 -0.857115 0 0.515124
20950 -0.873861 0 0.486176
21000 -0.918921 0 0.394443
21050 -0.932204 0 0.361934
21100 -0.900119 0 0.435644
21150 -0.924095 0 0.382164
21200 -0.949525 0 0.313693
21250 -0.949179 0 0.314737
21300 -0.944583 0 0.328272
21350 -0.954018 0 0.299748
21400 -0.954043 0 0.299669
21450 -0.956175 0 0.292795
21500 -0.896627 0 0.442787
21550 -0.885128 0 0.465349
21600 -0.9228 0 0.385279
21650 -0.925578 0 0.378558
21700 -0.861187 0 0.508288
21750 -0.877397 0 0.479764
21800 -0.908496 0 0.417893
21850 -0.905443 0 0.424467
21900 -0.890296 0 0.455381
21950 -0.898177 0 0.439635
22000 -0.918512 0 0.395394
22050 -0.921628 0 0.388075
22100 -0.879607 0 0.475701
22150 -0.899408 0 0.437111
22200 -0.922926 0 0.384978
22250 -0.91319 0 0.407534
22300 -0.887528 0 0.460753
22350 -0.900484 0 0.434889
22400 -0.926212 0 0.377002
22450 -0.905835 0 0.423631
22500 -0.898643 0 0.43868
22550 -0.897865 0 0.440271
22600 -0.947777 0 0.318933
22650 -0.904248 0 0.427008
22700 -0.895936 0 0.444183
22750 -0.904989 0 0.425435
22800 -0.943148 0 0.332373
22850 -0.897483 0 0.44105
22900 -0.902178 0 0.431364
22950 -0.908578 0 0.417715
23000 -0.937788 0 0.347209
23050 -0.906147 0 0.422964
23100 -0.820742 0 0.571299
23150 -0.884084 0 0.467327
23200 -0.935334 0 0.353765
23250 -0.952723 0 0.303839
23300 -0.855715 0 0.517447
23350 -0.87509 0 0.48396
23400 -0.921183 0 0.389129
23450 -0.955496 0 0.295004
23500 -0.911469 0 0.41137
23550 -0.819453 0 0.573146
23600 -0.880787 0 0.473512
23650 -0.945568 0 0.325425
23700 -0.951939 0 0.306286
23750 -0.862605 0 0.505878
23800 -0.886024 0 0.463639
23850 -0.930895 0 0.365288
23900 -0.966823 0 0.255448
23950 -0.950448 0 0.310884
24000 -0.889077 0 0.457758
24050 -0.872262 0 0.489039
24100 -0.930667 0 0.365866
24150 -0.970422 0 0.241414
24200 -0.921316 0 0.388814
24250 -0.910912 0 0.4126
24300 -0.897547 0 0.44092
24350 -0.945901 0 0.324456
24400 -0.972765 0 0.231795
24450 -0.965072 0 0.261985
24500 -0.905283 0 0.424809
24550 -0.818002 0 0.575215
24600 -0.921068 0 0.389401
24650 -0.978493 0 0.20628
24700 -0.981736 0 0.190248
24750 -0.893003 0 0.45005
24800 -0.864591 0 0.502477
24850 -0.87232 0 0.488935
24900 -0.954304 0 0.298838
24950 -0.985672 0 0.168675
25000 -0.973337 0 0.229382
25050 -0.885334 0 0.464956
25100 -0.855461 0 0.517867
25150 -0.882592 0 0.470139
25200 -0.951356 0 0.308094
25250 -0.984552 0 0.175093
25300 -0.971944 0 0.235213
25350 -0.859946 0 0.510385
25400 -0.865704 0 0.500557
25450 -0.910567 0 0.413361
25500 -0.941075 0 0.338198
25550 -0.932815 0 0.360356
25600 -0.846494 0 0.532398
25650 -0.804568 0 0.59386
25700 -0.885085 0 0.465429
25750 -0.923897 0 0.38264
25800 -0.909763 0 0.415128
25850 -0.910894 0 0.41264
25900 -0.902426 0 0.430845
25950 -0.922412 0 0.386207
26000 -0.884818 0 0.465938
26050 -0.882382 0 0.470534
26100 -0.887111 0 0.461557
26150 -0.928144 0 0.372221
26200 -0.898695 0 0.438574
26250 -0.904562 0 0.426341
26300 -0.926143 0 0.377174
26350 -0.936899 0 0.3496
26400 -0.890877 0 0.454244
26450 -0.883518 0 0.468397
26500 -0.898818 0 0.438321
26550 -0.910211 0 0.414145
26600 -0.851808 0 0.523854
26650 -0.865135 0 0.50154
26700 -0.882443 0 0.470419
26750 -0.908317 0 0.418282
26800 -0.846709 0 0.532056
26850 -0.835925 0 0.548844
26900 -0.860615 0 0.509257
26950 -0.889752 0 0.456444
27000 -0.798427 0 0.602092
27050 -0.82376 0 0.566938
27100 -0.908738 0 0.417367
27150 -0.956692 0 0.291101
27200 -0.923085 0 0.384597
27250 -0.887485 0 0.460836
27300 -0.905805 0 0.423695
27350 -0.959179 0 0.282801
27400 -0.973744 0 0.227644
27450 -0.869869 0 0.493282
27500 -0.863167 0 0.504918
27550 -0.884372 0 0.466784
27600 -0.960917 0 0.276838
27650 -0.977684 0 0.210082
27700 -0.944647 0 0.328089
27750 -0.947584 0 0.319507
27800 -0.924652 0 0.380814
27850 -0.973433 0 0.228971
27900 -0.966309 0 0.257385
27950 -0.87812 0 0.47844
28000 -0.818099 0 0.575077
28050 -0.889451 0 0.457031
28100 -0.987933 0 0.154881
28150 -0.982854 0 0.184385
28200 -0.682902 0 0.73051
28250 -0.60444 0 0.796651
28300 -0.902394 0 -0.430911
28350 -0.0974982 0 -0.995236
28400 0.584531 0 -0.811371
28450 -0.910608 0 -0.413271
28500 -0.969726 0 0.244196
28550 0.0187962 0 -0.999823
28600 0.210858 0 -0.977517
28650 0.00208074 0 -0.999998
28700 -0.11574 0 -0.99328
28750 -0.90133 0 0.433134
28800 -0.84315 0 0.537678
28850 -0.981537 0 0.191274
28900 -0.821955 0 -0.569552
28950 -0.643642 0 0.765327
29000 -0.270012 0 0.962857
29050 0.14887 0 0.988857
29100 0.0274387 0 0.999623
29150 -0.278439 0 0.960454
29200 -0.408468 0 0.912773
29250 -0.578304 0 0.815822
29300 -0.630192 0 0.77644
29350 -0.472683 0 0.881232
29400 -0.441882 0 0.897073
29450 0.684337 0 -0.729166
