200 -0.00937429 0 0.0138196
250 -0.0236805 0 0.0248937
300 -0.0139828 0 0.036239
350 -0.0244123 0 0.0298848
400 -0.00735304 0 0.0130042
450 -0.00662802 0 0.0237717
500 -0.108399 0 0.0898151
550 -0.0213975 0 0.0427123
600 -0.0404986 0 0.0864347
650 -0.0401381 0 0.0681853
700 -0.066241 0 0.0521019
750 -0.117087 0 -0.00813784
800 -0.197859 0 -0.0467086
850 0.043167 0 -0.182215
900 0.0853454 0 -0.440148
950 0.215378 0 -0.895258
1000 0.490456 0 -1.01351
1050 0.188477 0 -1.07593
1100 0.066939 0 -0.862171
1150 0.369189 0 -0.798641
1200 0.656417 0 -1.08198
1250 0.501035 0 -1.16235
1300 0.132564 0 -1.29277
1350 0.243731 0 -1.01859
1400 0.579656 0 -1.06968
1450 0.676071 0 -1.1663
1500 0.32732 0 -1.2064
1550 0.195853 0 -1.11591
1600 0.446677 0 -1.02259
1650 0.673099 0 -1.22191
1700 0.454533 0 -1.21393
1750 0.196782 0 -1.25379
1800 0.26095 0 -0.998019
1850 0.627831 0 -1.10575
1900 0.58724 0 -1.27188
1950 0.260825 0 -1.32512
2000 0.188947 0 -1.22933
2050 0.449137 0 -1.04845
2100 0.61231 0 -1.26923
2150 0.397768 0 -1.25606
2200 0.16041 0 -1.22294
2250 0.319633 0 -0.965343
2300 0.651349 0 -1.10749
2350 0.64283 0 -1.22053
2400 0.28318 0 -1.21759
2450 0.166373 0 -1.12392
2500 0.41401 0 -1.01456
2550 0.616811 0 -1.23502
2600 0.420461 0 -1.21934
2650 0.19047 0 -1.24719
2700 0.321382 0 -1.00743
2750 0.688139 0 -1.19154
2800 0.639571 0 -1.31287
2850 0.252065 0 -1.32655
2900 0.129727 0 -1.17412
2950 0.480782 0 -1.03244
3000 0.632854 0 -1.25475
3050 0.398207 0 -1.24245
3100 0.165383 0 -1.28107
3150 0.367221 0 -1.02986
3200 0.700506 0 -1.2556
3250 0.522753 0 -1.27502
3300 0.187209 0 -1.34487
3350 0.245087 0 -1.10502
3400 0.629274 0 -1.14405
3450 0.675888 0 -1.27165
3500 0.345163 0 -1.30299
3550 0.161912 0 -1.24565
3600 0.439851 0 -1.00604
3650 0.685094 0 -1.19094
3700 0.460581 0 -1.23405
3750 0.190425 0 -1.28924
3800 0.224809 0 -1.02464
3850 0.595966 0 -1.02093
3900 0.672407 0 -1.25584
3950 0.286483 0 -1.28416
4000 0.117672 0 -1.21626
4050 0.397102 0 -0.996596
4100 0.636433 0 -1.27477
4150 0.441529 0 -1.24094
4200 0.197701 0 -1.30077
4250 0.288923 0 -1.07023
4300 0.6341 0 -1.13356
4350 0.64296 0 -1.31097
4400 0.260869 0 -1.26629
4450 0.159665 0 -1.13625
4500 0.457012 0 -1.01544
4550 0.672545 0 -1.26231
4600 0.476485 0 -1.20399
4650 0.168313 0 -1.22414
4700 0.236487 0 -0.974206
4750 0.616847 0 -1.11677
4800 0.630346 0 -1.25867
4850 0.243336 0 -1.2996
4900 0.149665 0 -1.18082
4950 0.484377 0 -1.02843
5000 0.641552 0 -1.2604
5050 0.377209 0 -1.2897
5100 0.184909 0 -1.33557
5150 0.383613 0 -1.08266
5200 0.70605 0 -1.29523
5250 0.551448 0 -1.30002
5300 0.240487 0 -1.33241
5350 0.251464 0 -1.09635
5400 0.66814 0 -1.11925
5450 0.769785 0 -1.29535
5500 0.346633 0 -1.29657
5550 0.172786 0 -1.17779
5600 0.382852 0 -0.954056
5650 0.732228 0 -1.20701
5700 0.534602 0 -1.20296
5750 0.245013 0 -1.17508
5800 0.240863 0 -0.997403
5850 0.514428 0 -0.989034
5900 0.663193 0 -1.1759
5950 0.306177 0 -1.20945
6000 0.0911289 0 -1.19598
6050 0.313806 0 -0.915606
6100 0.667558 0 -1.17402
6150 0.547567 0 -1.1998
6200 0.208962 0 -1.27474
6250 0.180253 0 -1.05593
6300 0.517488 0 -0.988774
6350 0.670988 0 -1.22312
6400 0.331517 0 -1.20577
6450 0.106423 0 -1.19142
6500 0.297981 0 -0.938798
6550 0.686726 0 -1.18314
6600 0.565855 0 -1.26835
6650 0.233035 0 -1.22839
6700 0.218466 0 -1.02006
6750 0.533298 0 -1.03101
6800 0.607843 0 -1.17427
6850 0.308096 0 -1.20475
6900 0.224358 0 -1.25048
6950 0.389395 0 -1.03825
7000 0.709254 0 -1.23732
7050 0.534718 0 -1.26458
7100 0.185218 0 -1.24657
7150 0.191368 0 -1.01648
7200 0.567071 0 -1.07726
7250 0.633334 0 -1.24743
7300 0.336605 0 -1.27424
7350 0.17408 0 -1.19626
7400 0.406135 0 -0.994806
7450 0.652451 0 -1.22054
7500 0.476075 0 -1.28077
7550 0.195139 0 -1.29821
7600 0.212925 0 -1.04062
7650 0.56842 0 -1.01585
7700 0.698651 0 -1.30423
7750 0.333371 0 -1.19868
7800 0.139936 0 -1.13234
7850 0.418602 0 -1.0056
7900 0.695502 0 -1.20884
7950 0.468753 0 -1.21105
8000 0.175324 0 -1.21951
8050 0.227111 0 -0.995833
8100 0.55788 0 -1.01841
8150 0.693936 0 -1.24397
8200 0.324695 0 -1.26414
8250 0.168383 0 -1.24978
8300 0.413792 0 -0.980863
8350 0.671552 0 -1.16892
8400 0.507299 0 -1.15963
8450 0.192571 0 -1.21395
8500 0.182254 0 -0.979384
8550 0.437565 0 -0.887083
8600 0.647834 0 -1.13946
8650 0.44916 0 -1.11076
8700 0.161994 0 -1.08487
8750 0.275467 0 -0.887537
8800 0.37376 0 -0.77304
8850 0.275983 0 -0.557492
8900 0.126263 0 -0.272901
8950 0.0040814 0 -0.077843
9000 0.0219484 0 -0.0583425
9050 -0.0103684 0 -0.0430591
9100 -0.0814548 0 -0.170237
9150 0.168554 0 -0.443348
9200 0.242963 0 -0.957029
9250 0.702511 0 -0.9565
9300 0.405608 0 -1.00123
9350 0.205125 0 -1.03193
9400 0.254504 0 -0.829563
9450 0.605439 0 -1.01194
9500 0.649176 0 -1.0741
9550 0.357406 0 -1.06692
9600 0.247527 0 -1.01097
9650 0.388999 0 -0.930772
9700 0.584372 0 -1.10361
9750 0.450749 0 -1.09239
9800 0.238781 0 -1.21554
9850 0.320444 0 -0.963182
9900 0.593537 0 -1.06587
9950 0.569159 0 -1.22756
10000 0.252668 0 -1.31306
10050 0.263162 0 -1.16744
10100 0.637095 0 -1.16883
10150 0.716853 0 -1.32878
10200 0.313699 0 -1.34062
10250 0.186233 0 -1.25148
10300 0.398781 0 -1.02558
10350 0.539803 0 -1.16376
10400 0.410973 0 -1.20145
10450 0.210268 0 -1.27979
10500 0.224086 0 -1.03983
10550 0.504844 0 -1.00106
10600 0.584048 0 -1.16726
10650 0.314689 0 -1.21959
10700 0.121932 0 -1.20892
10750 0.386977 0 -0.9877
10800 0.663556 0 -1.21141
10850 0.467078 0 -1.16699
10900 0.194263 0 -1.23965
10950 0.233774 0 -1.00667
11000 0.58097 0 -1.06227
11050 0.579155 0 -1.2351
11100 0.267768 0 -1.22205
11150 0.127767 0 -1.09284
11200 0.393474 0 -0.944845
11250 0.692738 0 -1.24907
11300 0.437462 0 -1.27889
11350 0.0924266 0 -1.26206
11400 0.243919 0 -1.03061
11450 0.622376 0 -1.14621
11500 0.625752 0 -1.31295
11550 0.288367 0 -1.31303
11600 0.186531 0 -1.17138
11650 0.449726 0 -1.06145
11700 0.658142 0 -1.26438
11750 0.388465 0 -1.25524
11800 0.0948974 0 -1.20946
11850 0.326876 0 -0.942668
11900 0.7356 0 -1.26876
11950 0.480331 0 -1.20988
12000 0.199707 0 -1.22329
12050 0.189545 0 -0.999759
12100 0.483491 0 -1.0195
12150 0.625174 0 -1.3069
12200 0.240377 0 -1.32256
12250 0.115702 0 -1.2211
12300 0.37586 0 -1.00548
12350 0.6419 0 -1.24603
12400 0.429757 0 -1.20255
12450 0.152168 0 -1.23901
12500 0.239573 0 -1.01397
12550 0.582178 0 -1.13065
12600 0.587039 0 -1.27921
12650 0.281376 0 -1.23906
12700 0.233985 0 -1.14394
12750 0.477315 0 -1.03275
12800 0.675188 0 -1.2455
12850 0.38239 0 -1.32731
12900 0.069126 0 -1.2966
12950 0.241377 0 -0.959773
13000 0.689596 0 -1.19162
13050 0.581565 0 -1.32258
13100 0.130973 0 -1.37035
13150 0.188982 0 -1.07824
13200 0.604122 0 -1.07466
13250 0.694759 0 -1.31137
13300 0.290392 0 -1.31638
13350 0.123701 0 -1.2183
13400 0.445824 0 -1.03604
13450 0.701319 0 -1.28452
13500 0.474307 0 -1.28723
13550 0.138558 0 -1.21962
13600 0.242791 0 -0.966797
13650 0.578747 0 -1.09816
13700 0.561809 0 -1.1996
13750 0.234909 0 -1.22197
13800 0.215816 0 -1.11269
13850 0.432859 0 -0.998033
13900 0.66717 0 -1.20419
13950 0.433562 0 -1.15972
14000 0.164562 0 -1.28301
14050 0.215141 0 -0.96505
14100 0.609444 0 -1.09149
14150 0.653125 0 -1.28554
14200 0.264017 0 -1.34933
14250 0.215411 0 -1.16639
14300 0.409549 0 -1.02941
14350 0.636723 0 -1.24851
14400 0.420092 0 -1.20274
14450 0.14061 0 -1.29402
14500 0.352608 0 -1.05162
14550 0.739587 0 -1.22155
14600 0.569363 0 -1.32807
14650 0.209099 0 -1.32127
14700 0.230303 0 -1.11021
14750 0.528226 0 -1.05404
14800 0.694784 0 -1.24402
14850 0.366924 0 -1.20747
14900 0.129793 0 -1.1419
14950 0.318357 0 -0.896054
15000 0.60383 0 -1.085
15050 0.569959 0 -1.14404
15100 0.206975 0 -1.14014
15150 0.155402 0 -1.06222
15200 0.459759 0 -0.917438
15250 0.743725 0 -1.30582
15300 0.399181 0 -1.34407
15350 0.0975483 0 -1.32224
15400 0.308169 0 -1.02154
15450 0.640655 0 -1.22277
15500 0.473846 0 -1.27243
15550 0.174005 0 -1.38308
15600 0.183351 0 -1.1006
15650 0.591036 0 -1.08547
15700 0.681348 0 -1.28957
15750 0.312135 0 -1.29116
15800 0.0959903 0 -1.13168
15850 0.306751 0 -0.905019
15900 0.667361 0 -1.24654
15950 0.447044 0 -1.26187
16000 0.0769098 0 -1.22463
16050 0.197326 0 -0.89083
16100 0.671143 0 -1.16387
16150 0.608922 0 -1.3603
16200 0.165725 0 -1.34056
16250 0.174894 0 -1.11732
16300 0.525682 0 -1.03734
16350 0.681222 0 -1.25381
16400 0.338021 0 -1.2133
16450 0.069677 0 -1.15952
16500 0.23339 0 -0.905549
16550 0.646754 0 -1.20684
16600 0.516592 0 -1.29856
16650 0.247717 0 -1.22079
16700 0.209629 0 -1.0944
16750 0.465013 0 -0.965129
16800 0.676196 0 -1.20527
16850 0.349336 0 -1.19835
16900 0.0710651 0 -1.22466
16950 0.235388 0 -0.958869
17000 0.673448 0 -1.14042
17050 0.62964 0 -1.29223
17100 0.225605 0 -1.29633
17150 0.121524 0 -1.14493
17200 0.468901 0 -0.989929
17250 0.676722 0 -1.28476
17300 0.367361 0 -1.30747
17350 0.132096 0 -1.28886
17400 0.330016 0 -1.03429
17450 0.690823 0 -1.24043
17500 0.536695 0 -1.38927
17550 0.158312 0 -1.42056
17600 0.172073 0 -1.15756
17650 0.563906 0 -1.08208
17700 0.707648 0 -1.31812
17750 0.304571 0 -1.35865
17800 0.126536 0 -1.29133
17850 0.430743 0 -1.02494
17900 0.712845 0 -1.27929
17950 0.430876 0 -1.33032
18000 0.113637 0 -1.34581
18050 0.230808 0 -1.03719
18100 0.589235 0 -1.07773
18150 0.602939 0 -1.27077
18200 0.288342 0 -1.27009
18250 0.109727 0 -1.17247
18300 0.332067 0 -0.951864
18350 0.632267 0 -1.23152
18400 0.458097 0 -1.21452
18450 0.129165 0 -1.17719
18500 0.151738 0 -0.944081
18550 0.448298 0 -0.9321
18600 0.553093 0 -1.18713
18650 0.236481 0 -1.14327
18700 -0.00528828 0 -1.08522
18750 0.178727 0 -0.79489
18800 0.494581 0 -1.07221
18850 0.424302 0 -1.12996
18900 0.162577 0 -1.23484
18950 0.0951012 0 -0.965124
19000 0.39411 0 -0.897458
19050 0.589877 0 -1.21882
19100 0.311331 0 -1.29367
19150 0.179784 0 -1.29021
19200 0.344862 0 -1.0063
19250 0.672535 0 -1.17111
19300 0.525779 0 -1.22534
19350 0.157644 0 -1.24862
19400 0.174617 0 -1.10178
19450 0.524402 0 -1.03671
19500 0.687482 0 -1.2961
19550 0.32859 0 -1.311
19600 0.101065 0 -1.24027
19650 0.413065 0 -1.04515
19700 0.794776 0 -1.29168
19750 0.501273 0 -1.38991
19800 0.141898 0 -1.423
19850 0.290145 0 -1.10343
19900 0.681192 0 -1.22944
19950 0.617407 0 -1.29632
20000 0.225165 0 -1.33326
20050 0.147726 0 -1.12569
20100 0.469544 0 -1.02319
20150 0.726566 0 -1.3421
20200 0.354277 0 -1.3258
20250 0.165737 0 -1.19294
20300 0.36676 0 -1.01777
20350 0.6421 0 -1.17346
20400 0.512765 0 -1.21017
20450 0.144593 0 -1.26938
20500 0.161311 0 -1.02298
20550 0.478838 0 -0.991416
20600 0.541481 0 -1.18715
20650 0.271199 0 -1.21095
20700 0.101634 0 -1.12911
20750 0.28127 0 -0.900724
20800 0.49973 0 -1.13243
20850 0.355513 0 -1.17855
20900 0.14109 0 -1.23609
20950 0.121295 0 -0.965821
21000 0.430548 0 -0.949753
21050 0.598903 0 -1.18929
21100 0.280603 0 -1.2596
21150 0.136651 0 -1.16095
21200 0.374407 0 -0.963366
21250 0.628705 0 -1.23924
21300 0.456548 0 -1.31082
21350 0.128849 0 -1.31807
21400 0.246362 0 -1.03712
21450 0.665825 0 -1.16185
21500 0.667897 0 -1.2842
21550 0.256172 0 -1.31227
21600 0.148755 0 -1.185
21650 0.490749 0 -1.04078
21700 0.70997 0 -1.29103
21750 0.361147 0 -1.31278
21800 0.12819 0 -1.33964
21850 0.368758 0 -1.04887
21900 0.701642 0 -1.24295
21950 0.526329 0 -1.26258
22000 0.146525 0 -1.29556
22050 0.250957 0 -1.04779
22100 0.633144 0 -1.1292
22150 0.638133 0 -1.32487
22200 0.261888 0 -1.32874
22250 0.215241 0 -1.17041
22300 0.534873 0 -1.11884
22350 0.719494 0 -1.31101
22400 0.381286 0 -1.31377
22450 0.0949102 0 -1.23106
22500 0.307504 0 -0.920066
22550 0.68692 0 -1.17975
22600 0.505175 0 -1.18011
22650 0.208712 0 -1.21716
22700 0.222783 0 -1.10309
22750 0.474012 0 -1.04662
22800 0.677951 0 -1.26972
22850 0.362763 0 -1.24263
22900 0.105074 0 -1.19564
22950 0.366751 0 -0.999226
23000 0.687562 0 -1.20191
23050 0.496778 0 -1.28011
23100 0.144765 0 -1.33405
23150 0.184964 0 -1.08157
23200 0.567875 0 -1.08451
23250 0.632013 0 -1.29014
23300 0.300443 0 -1.25358
23350 0.169004 0 -1.22797
23400 0.352762 0 -1.01293
23450 0.625322 0 -1.1767
23500 0.497361 0 -1.24567
23550 0.133574 0 -1.31707
23600 0.138528 0 -0.996114
23650 0.581643 0 -1.03956
23700 0.695032 0 -1.23051
23750 0.317238 0 -1.17569
23800 0.101757 0 -1.20907
23850 0.335177 0 -0.963512
23900 0.654621 0 -1.17139
23950 0.502099 0 -1.21182
24000 0.125519 0 -1.22678
24050 0.177882 0 -0.995641
24100 0.570716 0 -1.00717
24150 0.663221 0 -1.22512
24200 0.302451 0 -1.19202
24250 0.100585 0 -1.14283
24300 0.357362 0 -0.963832
24350 0.575284 0 -1.14782
24400 0.383303 0 -1.12382
24450 0.084566 0 -1.11039
24500 0.112622 0 -0.827754
24550 0.328944 0 -0.710608
24600 0.356049 0 -0.610223
24650 0.245361 0 -0.455528
24700 0.150491 0 -0.767362
24750 0.193668 0 -0.510168
24800 0.178251 0 -0.347753
24850 0.0887186 0 -0.0674907
24900 0.0820829 0 -0.0368185
24950 0.0668765 0 -0.0591596
25000 0.0871425 0 -0.0504402
25050 0.0450842 0 -0.0358119
25100 0.0258571 0 -0.018515
25150 0.0204256 0 -0.0255104
25200 -0.0031316 0 0.00257363
25250 0.00361043 0 0.0421498
25300 -0.0104566 0 0.0366673
25350 -0.0159008 0 0.0296033
25400 -0.0113949 0 0.0182977
25450 -0.0183709 0 0.0338818
25500 0.00143369 0 0.022203
25550 -0.0046863 0 0.000982779
