# Created at Thu Nov 09 11:18:11 CST 2017
87250512085142 1
87251005951109 2
87251558990660 3
87252033111753 4
87252566375914 5
87253020691099 6
87253573761168 7
87254028076353 8
87254561401548 9
87254996002378 10
87255529266539 11
87255983551207 12
87256497162046 13
87256951495328 14
87257484790006 15
87257939105191 16
87258472430387 17
87258907031217 18
87259440325894 19
87259894610562 20
87260427935758 21
87260882250943 22
87261435321012 23
87261889666715 24
87262442706265 25
87262877307096 26
87263430407681 27
87263884692349 28
87264437762418 29
87264872302213 30
87265425372281 31
87265879687467 32
87266413012662 33
87266887061991 34
87267459937967 35
87267914222635 36
87268487068094 37
87268941383280 38
87269514167703 39
87269968513407 40
87270521552957 41
87270975898660 42
87271548713602 43
87271983253397 44
87272575843729 45
87273010414041 46
87273563545145 47
87273998054422 48
87274531379617 49
87274985725321 50
87275538795389 51
87275993141092 52
87276565956034 53
87277039967789 54
87277593037857 55
87278067097915 56
87278620259537 57
87279114064468 58
87279746114029 59
87280200459732 60
87280793050064 61
87281247334732 62
87281800404800 63
87282234944595 64
87282768330826 65
87283222615494 66
87283755940689 67
87284210286392 68
87284763325943 69
87285197896255 70
87285770711197 71
87286205312027 72
87286758354379 73
87287192924691 74
87287726310922 75
87288200340463 76
87288733726693 77
87289187950326 78
87289741050912 79
87290195396615 80
87290748436166 81
87291183006478 82
87291716331674 83
87292150901986 84
87292704033090 85
87293158287240 86
87293711418343 87
87294165672494 88
87294698997689 89
87295173088265 90
87295726158334 91
87296219993783 92
87296773082539 93
87297247173115 94
87297819988057 95
87298313792988 96
87298906413838 97
87299380504414 98
87299953319356 99
87300407634541 100
87300980449483 101
87301434764668 102
87302007640645 103
87302461925313 104
87303015056416 105
87303489085957 106
87304061900899 107
87304496471211 108
87305069347188 109
87305523692891 110
87306096446797 111
87306550792500 112
87307123604786 113
87307597725879 114
87308150795948 115
87308565621387 116
