200 -0.0105155 0 -0.0598472
250 -0.0374651 0 -0.101501
300 -0.0559855 0 -0.138008
350 -0.0297778 0 -0.0835708
400 -0.103749 0 0.0195582
450 -0.434204 0 0.286765
500 -0.73236 0 0.393408
550 -1.08222 0 0.282082
600 -1.23314 0 0.20313
650 -1.37628 0 -0.0051555
700 -1.05113 0 0.049012
750 -1.02779 0 0.200491
800 -1.00592 0 0.170631
850 -1.23181 0 0.256322
900 -1.04901 0 0.0662686
950 -1.3246 0 0.020971
1000 -1.0526 0 0.100067
1050 -1.26682 0 0.0142051
1100 -1.1424 0 0.035221
1150 -1.29609 0 -0.10635
1200 -1.10091 0 -0.157309
1250 -1.19435 0 -0.0408075
1300 -1.21834 0 0.0314478
1350 -1.27414 0 0.0251577
1400 -1.33671 0 -0.065813
1450 -1.27714 0 -0.0329972
1500 -1.24996 0 -0.0317218
1550 -1.2744 0 0.115588
1600 -1.29852 0 0.0128254
1650 -1.34977 0 -0.0604081
1700 -1.10876 0 -0.0155496
1750 -1.20145 0 -0.0243943
1800 -1.19009 0 -0.0558889
1850 -1.25727 0 -0.0758744
1900 -1.20588 0 -0.19653
1950 -1.1898 0 0.0143285
2000 -1.04068 0 0.0790053
2050 -1.0815 0 0.118992
2100 -1.2146 0 -0.0417772
2150 -1.10189 0 0.0256144
2200 -1.26729 0 0.0136818
2250 -1.15748 0 0.0886913
2300 -1.2096 0 0.0206744
2350 -1.18262 0 -0.0719183
2400 -1.20282 0 -0.119908
2450 -1.2491 0 -0.0327373
2500 -1.20962 0 -0.0225758
2550 -1.20229 0 -0.0684503
2600 -1.22375 0 -0.164137
2650 -1.16363 0 -0.112209
2700 -1.25099 0 0.00493395
2750 -1.23519 0 0.000603835
2800 -1.27997 0 -0.124723
2850 -1.26476 0 -0.0235069
2900 -1.13755 0 0.115372
2950 -1.42672 0 0.139235
3000 -1.30478 0 0.0535657
3050 -1.44663 0 0.0732884
3100 -1.2098 0 0.00439157
3150 -1.43821 0 0.0744474
3200 -1.25548 0 0.155402
3250 -1.28859 0 -0.00587535
3300 -1.33201 0 -0.115982
3350 -1.0355 0 -0.116769
3400 -1.18724 0 0.0535031
3450 -1.14857 0 0.0126666
3500 -1.28517 0 -0.067326
3550 -1.26993 0 -0.0465359
3600 -1.21483 0 -0.0580385
3650 -1.24223 0 0.0501052
3700 -1.18864 0 0.0267903
3750 -1.24727 0 -0.0844504
3800 -1.14264 0 -0.034089
3850 -1.23733 0 0.0873907
3900 -1.23323 0 0.0790089
3950 -1.28287 0 0.0877232
4000 -1.25585 0 0.028665
4050 -1.21593 0 0.0239252
4100 -1.29319 0 0.115311
4150 -1.31321 0 -0.00920999
4200 -1.35059 0 -0.157725
4250 -1.19374 0 -0.0996985
4300 -1.17508 0 0.0295128
4350 -1.27196 0 0.0500094
4400 -1.15872 0 0.0854536
4450 -1.25125 0 -0.0916305
4500 -1.20741 0 -0.121164
4550 -1.22739 0 0.0704612
4600 -1.24047 0 0.116086
4650 -1.12767 0 0.0131685
4700 -1.28855 0 -0.00950305
4750 -1.07761 0 0.0469634
4800 -1.15677 0 0.213339
4850 -1.1255 0 0.175439
4900 -1.18753 0 0.072183
4950 -1.21538 0 0.00542848
5000 -1.21143 0 0.0193057
5050 -1.23316 0 0.0946316
5100 -1.21248 0 0.0447998
5150 -1.28949 0 0.0306048
5200 -1.20041 0 -0.0610703
5250 -1.30357 0 0.0874402
5300 -1.37481 0 0.0383653
5350 -1.27411 0 0.00420819
5400 -1.28447 0 -0.0592839
5450 -1.15946 0 -0.102855
5500 -1.2936 0 -0.00677242
5550 -1.15495 0 -0.0543707
5600 -1.30551 0 -0.206544
5650 -1.18593 0 0.0594139
5700 -1.23948 0 0.0742543
5750 -1.25189 0 0.218391
5800 -1.23836 0 0.172287
5850 -1.29559 0 0.0351615
5900 -1.16687 0 0.0183465
5950 -1.35028 0 -0.0113937
6000 -1.35041 0 -0.036238
6050 -1.381 0 -0.106987
6100 -1.29915 0 -0.145032
6150 -1.18651 0 -0.0439249
6200 -1.35341 0 0.0895585
6250 -1.39068 0 0.0881807
6300 -1.29174 0 -0.0202376
6350 -1.26923 0 -0.0113146
6400 -1.25297 0 0.158466
6450 -1.33829 0 0.0936325
6500 -1.25577 0 0.081483
6550 -1.16278 0 0.0536041
6600 -1.10083 0 0.139285
6650 -1.03659 0 0.29222
6700 -0.924116 0 0.283119
6750 -1.08398 0 0.321756
6800 -0.874907 0 0.177555
6850 -0.851489 0 0.385583
6900 -0.883026 0 0.4144
6950 -0.601136 0 0.25384
7000 -0.805459 0 0.212831
7050 -0.733879 0 0.144385
7100 -0.792471 0 0.211241
7150 -1.08968 0 0.233267
7200 -0.880654 0 0.280296
7250 -1.15375 0 0.0509183
7300 -1.08598 0 0.0441142
7350 -1.03094 0 0.0813138
7400 -1.08028 0 0.170366
7450 -1.17213 0 0.181428
7500 -1.18032 0 0.00631976
7550 -1.15387 0 -0.00396261
7600 -1.15493 0 0.0384685
7650 -1.21774 0 0.0686009
7700 -1.25111 0 0.0625221
7750 -1.2633 0 -0.140917
7800 -1.06225 0 -0.0513963
7850 -1.12102 0 -0.0430139
7900 -1.25997 0 0.0293119
7950 -1.14412 0 -0.0141507
8000 -1.27691 0 0.0616294
8050 -1.02297 0 -0.0627847
8100 -1.12072 0 0.0471054
8150 -1.21659 0 0.147174
8200 -1.07529 0 0.0864403
8250 -1.17072 0 0.0680565
8300 -1.0712 0 0.0274156
8350 -1.01836 0 0.241631
8400 -1.15851 0 0.219739
8450 -1.21706 0 0.10594
8500 -1.16727 0 -0.0345467
8550 -1.04148 0 0.101912
8600 -1.24089 0 0.258586
8650 -1.21312 0 0.25654
8700 -1.27122 0 0.0899132
8750 -1.20695 0 0.0553593
8800 -1.11245 0 0.0289742
8850 -1.26116 0 0.104557
8900 -1.20943 0 0.0666887
8950 -1.34759 0 -0.130015
9000 -1.15542 0 -0.0588259
9050 -1.18202 0 -0.0875813
9100 -1.21954 0 0.116555
9150 -1.29548 0 -0.201308
9200 -1.23195 0 -0.0471379
9250 -1.19062 0 -0.158245
9300 -1.44298 0 -0.049543
9350 -1.50872 0 -0.0867194
9400 -1.40175 0 -0.231058
9450 -1.1261 0 -0.0983335
9500 -1.0832 0 0.0741076
9550 -1.0383 0 0.0699085
9600 -1.02376 0 0.0367571
9650 -0.991741 0 -0.0463842
9700 -0.924572 0 -0.0522572
9750 -0.459045 0 0.138461
9800 -0.587226 0 0.237095
9850 -0.272224 0 0.170844
9900 -0.363799 0 0.121222
9950 -0.39086 0 -0.0452311
10000 -0.00646378 0 -0.122557
10050 -0.177498 0 -0.277261
10100 0.014643 0 -0.307982
10150 0.0999355 0 -0.190899
10200 0.0404046 0 -0.0212192
10250 -0.262657 0 0.18592
10300 -0.125592 0 0.00799397
10350 -0.203139 0 -0.0444599
10400 -0.271948 0 -0.154031
10450 -0.254778 0 -0.169405
10500 -0.344903 0 -0.0763231
10550 0.0903938 0 -0.142594
10600 0.0926924 0 -0.0905492
10650 -0.15889 0 0.229658
10700 -0.151157 0 0.43869
10750 -0.200781 0 0.372063
10800 -0.308091 0 0.089956
10850 -0.424609 0 0.0764552
10900 0.0859479 0 -0.126205
10950 -0.124312 0 -0.0433027
11000 -0.596642 0 0.59352
11050 -0.654973 0 0.617495
11100 -0.758351 0 0.252112
11150 -0.844986 0 0.256189
11200 -0.657384 0 0.129103
11250 -0.913167 0 0.324691
11300 -0.731002 0 0.348884
11350 -0.887549 0 0.203516
11400 -0.964809 0 0.0757625
11450 -1.05838 0 0.000178005
11500 -0.900487 0 0.166193
11550 -1.15052 0 0.139345
11600 -1.09403 0 0.115697
11650 -1.27435 0 0.0355879
11700 -1.17213 0 -0.00662654
11750 -1.219 0 -0.061811
11800 -1.23699 0 0.118806
11850 -1.26007 0 -0.0267616
11900 -1.3213 0 -0.178255
11950 -1.18733 0 0.00444291
12000 -1.37627 0 -0.00985633
12050 -1.35273 0 0.0594344
12100 -1.28626 0 -0.0817827
12150 -1.13672 0 -0.144075
12200 -0.99871 0 0.0634235
12250 -1.04927 0 -0.0104715
12300 -1.06529 0 0.0790171
12350 -1.11444 0 -0.0304844
12400 -1.11025 0 0.0105043
12450 -0.992207 0 0.0821818
12500 -1.27646 0 0.232783
12550 -1.23936 0 0.167629
12600 -1.2369 0 0.0431176
12650 -1.13195 0 -0.0124259
12700 -1.23076 0 0.046049
12750 -1.21481 0 0.0750545
12800 -1.26781 0 -0.0743821
12850 -1.2812 0 -0.0475454
12900 -1.16649 0 0.0201259
12950 -1.28742 0 -0.0871945
13000 -1.25559 0 -0.0216877
13050 -1.32899 0 -0.264741
13100 -1.10977 0 -0.00918505
13150 -1.21363 0 -0.170167
13200 -1.21564 0 0.0606997
13250 -1.29215 0 -0.156784
13300 -1.29462 0 -0.208481
13350 -1.15738 0 -0.112455
13400 -1.28809 0 -0.00559101
13450 -1.45702 0 0.0895987
13500 -1.32089 0 -0.00743971
13550 -1.27875 0 -0.0455051
13600 -1.13382 0 -0.0494377
13650 -1.26538 0 0.25909
13700 -1.21939 0 0.115375
13750 -1.21039 0 0.155495
13800 -1.15235 0 0.110348
13850 -1.21962 0 0.337003
13900 -1.23734 0 0.318653
13950 -1.32556 0 0.182441
14000 -1.25132 0 0.0650924
14050 -1.11415 0 -0.0145134
14100 -1.2578 0 -0.0147759
14150 -1.16557 0 0.0261043
14200 -1.21394 0 -0.101686
14250 -0.951712 0 -0.0658967
14300 -1.04066 0 -0.0560845
14350 -0.901302 0 0.15961
14400 -1.05156 0 0.101255
14450 -1.00702 0 0.0391736
14500 -1.10888 0 0.0548562
14550 -1.0735 0 0.036914
14600 -1.30055 0 0.137762
14650 -1.20136 0 -0.0726483
14700 -1.3153 0 -0.133754
14750 -1.17818 0 -0.0988242
14800 -1.31189 0 -0.0625239
14850 -1.2562 0 -0.0342254
14900 -1.35636 0 -0.071725
14950 -1.15331 0 -0.15573
15000 -1.16793 0 -0.0508573
15050 -1.3567 0 0.0802611
15100 -1.26472 0 -0.0109036
15150 -1.31716 0 -0.0567999
15200 -1.08486 0 -0.0168366
15250 -1.26121 0 -0.100382
15300 -1.27633 0 0.0529345
15350 -1.35584 0 -0.221051
15400 -1.29566 0 -0.070186
15450 -1.30689 0 -0.147973
15500 -1.28877 0 0.0354411
15550 -1.32198 0 -0.125494
15600 -1.42778 0 -0.148521
15650 -1.27053 0 -0.238533
15700 -1.27251 0 -0.0020205
15750 -1.38099 0 -0.0621637
15800 -1.30745 0 -0.168227
15850 -1.30255 0 -0.173776
15900 -1.21762 0 -0.0834011
15950 -1.4453 0 -0.112856
16000 -1.32607 0 -0.0060844
16050 -1.42647 0 -0.160513
16100 -1.26328 0 -0.0959044
16150 -1.37733 0 -0.195684
16200 -1.38455 0 -0.0389485
16250 -1.39581 0 -0.292175
16300 -1.26432 0 -0.0381475
16350 -1.20958 0 -0.25109
16400 -1.32811 0 -0.0111502
16450 -1.46846 0 -0.136271
16500 -1.32471 0 -0.175166
16550 -1.41784 0 -0.109553
16600 -1.3061 0 -0.0679006
16650 -1.50182 0 -0.0277596
16700 -1.2912 0 -0.0556822
16750 -1.48065 0 -0.18941
16800 -1.21072 0 -0.0147135
16850 -1.42679 0 -0.164677
16900 -1.37925 0 -0.102118
16950 -1.26789 0 -0.244202
17000 -1.33717 0 -0.0851827
17050 -1.3159 0 -0.103127
17100 -1.42316 0 -0.0158261
17150 -1.30457 0 -0.136993
17200 -1.30773 0 -0.102755
17250 -1.15672 0 -0.0706833
17300 -1.37354 0 0.0170386
17350 -1.37075 0 -0.0259579
17400 -1.42894 0 -0.0585912
17450 -1.22573 0 -0.157664
17500 -1.29392 0 0.0375133
17550 -1.38274 0 -0.154688
17600 -1.26872 0 -0.202048
17650 -1.27699 0 -0.281196
17700 -1.16293 0 -0.0783177
17750 -1.26774 0 -0.194429
17800 -1.20209 0 -0.0675718
17850 -1.13321 0 -0.184302
17900 -0.998185 0 -0.0873889
17950 -0.896412 0 0.0057733
18000 -0.996512 0 0.16665
18050 -0.844381 0 0.108153
18100 -0.851684 0 0.0978094
18150 -0.552032 0 -0.0641987
18200 -0.823265 0 0.0939634
18250 -0.192733 0 0.0738443
18300 0.0925218 0 -0.15395
18350 0.139488 0 0.0472082
18400 0.00813107 0 -0.268181
18450 0.00182357 0 -0.229581
18500 0.00601502 0 -0.151594
18550 -0.0226494 0 -0.170212
18600 -0.0159308 0 -0.135034
18650 -0.0351088 0 -0.0946441
18700 -0.0192843 0 -0.0854469
18750 -0.00280644 0 -0.0797562
18800 0.00496701 0 -0.070279
18850 0.0096127 0 -0.0760811
18900 0.00940519 0 -0.0681513
