200 -0.561367 0 0.827567
250 -0.689231 0 0.724542
300 -0.359981 0 0.93296
350 -0.632634 0 0.774451
400 -0.492202 0 0.870481
450 -0.268576 0 0.963259
500 -0.770026 0 0.638013
550 -0.447905 0 0.894081
600 -0.424282 0 0.90553
650 -0.507293 0 0.861774
700 -0.785999 0 0.618227
750 -0.997593 0 -0.0693354
800 -0.973248 0 -0.229755
850 0.230521 0 -0.973067
900 0.190356 0 -0.981715
950 0.233903 0 -0.97226
1000 0.435596 0 -0.900142
1050 0.172549 0 -0.985001
1100 0.0774072 0 -0.997
1150 0.419607 0 -0.907706
1200 0.508801 0 -0.860884
1250 0.390699 0 -0.920518
1300 0.101301 0 -0.994856
1350 0.232543 0 -0.972586
1400 0.471719 0 -0.881749
1450 0.495511 0 -0.868602
1500 0.258087 0 -0.966122
1550 0.171845 0 -0.985124
1600 0.400942 0 -0.916103
1650 0.478804 0 -0.877922
1700 0.352055 0 -0.935979
1750 0.155042 0 -0.987908
1800 0.251393 0 -0.967885
1850 0.494581 0 -0.869131
1900 0.419866 0 -0.907586
1950 0.193401 0 -0.98112
2000 0.153156 0 -0.988202
2050 0.392788 0 -0.919629
2100 0.433153 0 -0.90132
2150 0.302045 0 -0.953294
2200 0.13805 0 -0.990425
2250 0.316326 0 -0.94865
2300 0.507775 0 -0.86149
2350 0.465947 0 -0.884813
2400 0.229562 0 -0.973294
2450 0.145104 0 -0.989416
2500 0.375717 0 -0.926734
2550 0.44649 0 -0.894789
2600 0.328897 0 -0.944366
2650 0.155287 0 -0.987869
2700 0.303601 0 -0.952799
2750 0.500316 0 -0.865843
2800 0.437514 0 -0.899211
2850 0.189274 0 -0.981924
2900 0.109369 0 -0.994001
2950 0.421466 0 -0.906844
3000 0.43973 0 -0.89813
3050 0.305226 0 -0.95228
3100 0.130926 0 -0.991392
3150 0.335963 0 -0.941875
3200 0.483961 0 -0.87509
3250 0.376112 0 -0.926574
3300 0.137086 0 -0.990559
3350 0.216511 0 -0.97628
3400 0.480827 0 -0.876815
3450 0.467873 0 -0.883796
3500 0.256342 0 -0.966586
3550 0.128473 0 -0.991713
3600 0.402564 0 -0.915392
3650 0.494566 0 -0.86914
3700 0.349739 0 -0.936847
3750 0.146471 0 -0.989215
3800 0.214457 0 -0.976733
3850 0.503734 0 -0.863859
3900 0.47249 0 -0.881336
3950 0.218156 0 -0.975914
4000 0.102196 0 -0.994764
4050 0.369271 0 -0.929322
4100 0.445357 0 -0.895353
4150 0.335492 0 -0.942043
4200 0.154997 0 -0.987915
4250 0.259901 0 -0.965635
4300 0.487943 0 -0.872876
4350 0.439803 0 -0.898094
4400 0.203356 0 -0.979105
4450 0.138355 0 -0.990383
4500 0.408758 0 -0.912643
4550 0.469344 0 -0.883015
4600 0.372443 0 -0.928055
4650 0.142584 0 -0.989783
4700 0.235849 0 -0.97179
4750 0.483293 0 -0.875459
4800 0.444231 0 -0.895912
4850 0.185355 0 -0.982672
4900 0.124728 0 -0.992191
4950 0.425279 0 -0.905062
5000 0.445135 0 -0.895464
5050 0.282631 0 -0.959229
5100 0.137643 0 -0.990482
5150 0.334016 0 -0.942567
5200 0.474796 0 -0.880096
5250 0.386933 0 -0.922108
5300 0.178416 0 -0.983955
5350 0.224261 0 -0.974529
5400 0.508017 0 -0.861347
5450 0.507622 0 -0.86158
5500 0.258357 0 -0.966049
5550 0.145339 0 -0.989382
5600 0.373303 0 -0.927709
5650 0.517107 0 -0.855921
5700 0.406573 0 -0.913619
5750 0.204237 0 -0.978921
5800 0.236225 0 -0.971698
5850 0.460849 0 -0.887479
5900 0.491489 0 -0.870884
5950 0.245721 0 -0.969341
6000 0.0878258 0 -0.996136
6050 0.325338 0 -0.945598
6100 0.493715 0 -0.869624
6150 0.415301 0 -0.909684
6200 0.164437 0 -0.986388
6250 0.16621 0 -0.98609
6300 0.462889 0 -0.886416
6350 0.480739 0 -0.876864
6400 0.266454 0 -0.963848
6450 0.0941857 0 -0.995555
6500 0.301348 0 -0.953514
6550 0.502483 0 -0.864587
6600 0.409751 0 -0.912198
6650 0.188579 0 -0.982058
6700 0.210019 0 -0.977697
6750 0.458999 0 -0.888437
6800 0.454391 0 -0.890802
6850 0.247589 0 -0.968865
6900 0.178346 0 -0.983968
6950 0.35111 0 -0.936334
7000 0.490378 0 -0.87151
7050 0.38689 0 -0.922126
7100 0.148138 0 -0.988967
7150 0.184429 0 -0.982846
7200 0.463085 0 -0.886314
7250 0.447583 0 -0.894242
7300 0.255935 0 -0.966694
7350 0.14448 0 -0.989508
7400 0.378922 0 -0.925429
7450 0.47083 0 -0.882224
7500 0.348952 0 -0.937141
7550 0.149033 0 -0.988832
7600 0.200759 0 -0.979641
7650 0.488354 0 -0.872646
7700 0.471747 0 -0.881734
7750 0.268133 0 -0.963382
7800 0.129049 0 -0.991638
7850 0.382759 0 -0.923848
7900 0.497921 0 -0.867222
7950 0.361158 0 -0.932505
8000 0.148245 0 -0.988951
8050 0.224096 0 -0.974567
8100 0.480823 0 -0.876817
8150 0.487219 0 -0.87328
8200 0.24991 0 -0.968269
8250 0.133507 0 -0.991048
8300 0.386803 0 -0.922162
8350 0.497916 0 -0.867225
8400 0.402946 0 -0.915224
8450 0.162772 0 -0.986664
8500 0.181697 0 -0.983354
8550 0.442347 0 -0.896844
8600 0.484353 0 -0.874872
8650 0.370107 0 -0.928989
8700 0.148336 0 -0.988937
8750 0.296586 0 -0.955006
8800 0.448156 0 -0.893955
8850 0.447922 0 -0.894073
8900 0.404541 0 -0.91452
8950 0.0718797 0 -0.997413
9000 0.115712 0 -0.993283
9050 -0.0932877 0 -0.995639
9100 -0.434347 0 -0.900746
9150 0.358953 0 -0.933355
9200 0.569146 0 -0.822237
9250 0.602629 0 -0.798021
9300 0.382415 0 -0.923991
9350 0.193217 0 -0.981156
9400 0.295303 0 -0.955404
9450 0.512007 0 -0.858981
9500 0.516983 0 -0.855996
9550 0.317829 0 -0.948148
9600 0.232976 0 -0.972482
9650 0.387467 0 -0.921883
9700 0.469651 0 -0.882852
9750 0.381343 0 -0.924434
9800 0.195875 0 -0.980629
9850 0.313864 0 -0.949468
9900 0.487108 0 -0.873342
9950 0.420068 0 -0.907493
10000 0.190803 0 -0.981628
10050 0.220353 0 -0.97542
10100 0.478692 0 -0.877983
10150 0.474982 0 -0.879995
10200 0.226498 0 -0.974012
10250 0.148045 0 -0.988981
10300 0.358906 0 -0.933374
10350 0.421793 0 -0.906692
10400 0.325622 0 -0.9455
10450 0.166316 0 -0.986072
10500 0.212032 0 -0.977263
10550 0.449937 0 -0.89306
10600 0.441349 0 -0.897336
10650 0.247284 0 -0.968943
10700 0.100747 0 -0.994912
10750 0.364661 0 -0.93114
10800 0.473855 0 -0.880603
10850 0.368428 0 -0.929656
10900 0.15511 0 -0.987897
10950 0.226811 0 -0.973939
11000 0.475981 0 -0.879456
11050 0.419863 0 -0.907587
11100 0.213509 0 -0.976941
11150 0.118624 0 -0.992939
11200 0.387551 0 -0.921848
11250 0.483026 0 -0.875606
11300 0.323779 0 -0.946133
11350 0.0735848 0 -0.997289
11400 0.225927 0 -0.974144
11450 0.476345 0 -0.879259
11500 0.430492 0 -0.902594
11550 0.214431 0 -0.976739
11600 0.156811 0 -0.987629
11650 0.387806 0 -0.921741
11700 0.460707 0 -0.887552
11750 0.296205 0 -0.955124
11800 0.082755 0 -0.99657
11850 0.328132 0 -0.944632
11900 0.502224 0 -0.864738
11950 0.369522 0 -0.929222
12000 0.166179 0 -0.986096
12050 0.186739 0 -0.98241
12100 0.429741 0 -0.902952
12150 0.431402 0 -0.90216
12200 0.1771 0 -0.984193
12250 0.09285 0 -0.99568
12300 0.345158 0 -0.938545
12350 0.458517 0 -0.888686
12400 0.337703 0 -0.941253
12450 0.123796 0 -0.992308
12500 0.230808 0 -0.972999
12550 0.456881 0 -0.889528
12600 0.41563 0 -0.909534
12650 0.2227 0 -0.974887
12700 0.19951 0 -0.979896
12750 0.418683 0 -0.908132
12800 0.467365 0 -0.884064
12850 0.27723 0 -0.960803
12900 0.0549537 0 -0.998489
12950 0.243368 0 -0.969934
13000 0.498074 0 -0.867135
13050 0.400139 0 -0.916454
13100 0.0966721 0 -0.995316
13150 0.173555 0 -0.984824
13200 0.486086 0 -0.873911
13250 0.464211 0 -0.885725
13300 0.216688 0 -0.976241
13350 0.100253 0 -0.994962
13400 0.39659 0 -0.917996
13450 0.47807 0 -0.878322
13500 0.346823 0 -0.937931
13550 0.113434 0 -0.993546
13600 0.243878 0 -0.969806
13650 0.465843 0 -0.884867
13700 0.423998 0 -0.905663
13750 0.1888 0 -0.982016
13800 0.191006 0 -0.981589
13850 0.396059 0 -0.918225
13900 0.484523 0 -0.874779
13950 0.350293 0 -0.93664
14000 0.134134 0 -0.990963
14050 0.216254 0 -0.976337
14100 0.48701 0 -0.873396
14150 0.452394 0 -0.891818
14200 0.193619 0 -0.981077
14250 0.181112 0 -0.983462
14300 0.368659 0 -0.929565
14350 0.453236 0 -0.891391
14400 0.332521 0 -0.943096
14450 0.110791 0 -0.993844
14500 0.316626 0 -0.948551
14550 0.517263 0 -0.855826
14600 0.395076 0 -0.918649
14650 0.156571 0 -0.987667
14700 0.199914 0 -0.979813
14750 0.447623 0 -0.894222
14800 0.481985 0 -0.876179
14850 0.288521 0 -0.957474
14900 0.115591 0 -0.993297
14950 0.334406 0 -0.942429
15000 0.483097 0 -0.875567
15050 0.442205 0 -0.896914
15100 0.175457 0 -0.984487
15150 0.144455 0 -0.989511
15200 0.446142 0 -0.894962
15250 0.488136 0 -0.872767
15300 0.285504 0 -0.958377
15350 0.0740411 0 -0.997255
15400 0.290294 0 -0.956938
15450 0.462027 0 -0.886866
15500 0.348481 0 -0.937316
15550 0.124749 0 -0.992188
15600 0.162655 0 -0.986683
15650 0.477048 0 -0.878877
15700 0.467193 0 -0.884155
15750 0.235092 0 -0.971973
15800 0.0872654 0 -0.996185
15850 0.320688 0 -0.947185
15900 0.47068 0 -0.882304
15950 0.334652 0 -0.942342
16000 0.0719997 0 -0.997405
16050 0.219358 0 -0.975644
16100 0.498601 0 -0.866832
16150 0.408261 0 -0.912865
16200 0.124737 0 -0.99219
16250 0.153518 0 -0.988146
16300 0.451673 0 -0.892184
16350 0.477324 0 -0.878728
16400 0.26935 0 -0.963042
16450 0.0650374 0 -0.997883
16500 0.24843 0 -0.96865
16550 0.471794 0 -0.881709
16600 0.372486 0 -0.928038
16650 0.199754 0 -0.979846
16700 0.187735 0 -0.98222
16750 0.434234 0 -0.9008
16800 0.477895 0 -0.878417
16850 0.278501 0 -0.960436
16900 0.0622419 0 -0.998061
16950 0.238266 0 -0.9712
17000 0.506962 0 -0.861968
17050 0.435683 0 -0.9001
17100 0.172717 0 -0.984971
17150 0.105702 0 -0.994398
17200 0.427272 0 -0.904123
17250 0.46119 0 -0.887301
17300 0.271376 0 -0.962473
17350 0.103073 0 -0.994674
17400 0.302729 0 -0.953077
17450 0.486395 0 -0.873739
17500 0.360637 0 -0.932706
17550 0.110677 0 -0.993856
17600 0.146377 0 -0.989229
17650 0.462197 0 -0.886777
17700 0.473217 0 -0.880946
17750 0.218693 0 -0.975794
17800 0.0991452 0 -0.995073
17850 0.386293 0 -0.922376
17900 0.485201 0 -0.874403
17950 0.308617 0 -0.951186
18000 0.0901647 0 -0.995927
18050 0.216607 0 -0.976259
18100 0.478891 0 -0.877874
18150 0.428031 0 -0.903764
18200 0.218606 0 -0.975813
18250 0.0950512 0 -0.995472
18300 0.325784 0 -0.945444
18350 0.457296 0 -0.889314
18400 0.355901 0 -0.934524
18450 0.113827 0 -0.993501
18500 0.157238 0 -0.987561
18550 0.433128 0 -0.901333
18600 0.412179 0 -0.911103
18650 0.203112 0 -0.979155
18700 -0.000558005 0 -1
18750 0.219775 0 -0.975551
18800 0.415829 0 -0.909443
18850 0.347815 0 -0.937563
18900 0.132104 0 -0.991236
18950 0.0993589 0 -0.995052
19000 0.393825 0 -0.919185
19050 0.430967 0 -0.902368
19100 0.235058 0 -0.971981
19150 0.139738 0 -0.990189
19200 0.322498 0 -0.94657
19250 0.496775 0 -0.867879
19300 0.394968 0 -0.918695
19350 0.12605 0 -0.992024
19400 0.155293 0 -0.987869
19450 0.453514 0 -0.891249
19500 0.4691 0 -0.883145
19550 0.243234 0 -0.969968
19600 0.087645 0 -0.996152
19650 0.368391 0 -0.929671
19700 0.523664 0 -0.851925
19750 0.33983 0 -0.940487
19800 0.101518 0 -0.994834
19850 0.253186 0 -0.967418
19900 0.484039 0 -0.875047
19950 0.430073 0 -0.902794
20000 0.167093 0 -0.985941
20050 0.128923 0 -0.991655
20100 0.416175 0 -0.909284
20150 0.476025 0 -0.879432
20200 0.261709 0 -0.965147
20250 0.140149 0 -0.99013
20300 0.337726 0 -0.941245
20350 0.48102 0 -0.87671
20400 0.390171 0 -0.920742
20450 0.113983 0 -0.993483
20500 0.150813 0 -0.988562
20550 0.434297 0 -0.90077
20600 0.404811 0 -0.9144
20650 0.216599 0 -0.976261
20700 0.0928494 0 -0.99568
20750 0.298246 0 -0.954489
20800 0.397356 0 -0.917664
20850 0.287452 0 -0.957795
20900 0.114344 0 -0.993441
20950 0.1254 0 -0.992106
21000 0.410984 0 -0.911642
21050 0.447817 0 -0.894125
21100 0.217164 0 -0.976135
21150 0.11816 0 -0.992995
21200 0.363663 0 -0.93153
21250 0.45184 0 -0.892099
21300 0.329639 0 -0.944107
21350 0.097793 0 -0.995207
21400 0.230926 0 -0.972971
21450 0.497007 0 -0.867746
21500 0.461644 0 -0.887065
21550 0.191469 0 -0.981499
21600 0.123331 0 -0.992366
21650 0.425062 0 -0.905164
21700 0.481646 0 -0.876366
21750 0.26589 0 -0.964003
21800 0.100724 0 -0.994914
21850 0.330561 0 -0.943785
21900 0.491435 0 -0.870914
21950 0.385042 0 -0.922899
22000 0.116814 0 -0.993154
22050 0.232963 0 -0.972486
22100 0.489503 0 -0.872002
22150 0.434003 0 -0.900911
22200 0.194515 0 -0.9809
22250 0.179916 0 -0.983682
22300 0.428151 0 -0.903707
22350 0.48026 0 -0.877126
22400 0.28116 0 -0.959661
22450 0.0801555 0 -0.996782
22500 0.315644 0 -0.948878
22550 0.50229 0 -0.864699
22600 0.394212 0 -0.91902
22650 0.170376 0 -0.985379
22700 0.197093 0 -0.980385
22750 0.412358 0 -0.911022
22800 0.468332 0 -0.883553
22850 0.279838 0 -0.960047
22900 0.0909675 0 -0.995854
22950 0.34433 0 -0.938849
23000 0.49499 0 -0.868899
23050 0.360509 0 -0.932756
23100 0.109846 0 -0.993949
23150 0.169639 0 -0.985506
23200 0.460791 0 -0.887509
23250 0.436637 0 -0.899638
23300 0.23326 0 -0.972415
23350 0.138342 0 -0.990384
23400 0.331626 0 -0.943411
23450 0.468123 0 -0.883664
23500 0.371667 0 -0.928366
23550 0.102499 0 -0.994733
23600 0.138216 0 -0.990402
23650 0.487237 0 -0.87327
23700 0.491774 0 -0.870723
23750 0.26052 0 -0.965468
23800 0.0892455 0 -0.99601
23850 0.328911 0 -0.944361
23900 0.487103 0 -0.873345
23950 0.383039 0 -0.923732
24000 0.104536 0 -0.994521
24050 0.172842 0 -0.98495
24100 0.490882 0 -0.871226
24150 0.476029 0 -0.879429
24200 0.242443 0 -0.970166
24250 0.0863485 0 -0.996265
24300 0.342249 0 -0.939609
24350 0.448636 0 -0.893715
24400 0.323458 0 -0.946243
24450 0.0786454 0 -0.996903
24500 0.13329 0 -0.991077
24550 0.41922 0 -0.907885
24600 0.483843 0 -0.875155
24650 0.449431 0 -0.893315
24700 0.187613 0 -0.982243
24750 0.35068 0 -0.936496
24800 -0.150907 0 -0.988548
24850 0.761716 0 -0.647911
24900 0.911894 0 -0.410427
24950 0.752039 0 -0.659119
25000 0.847389 0 -0.530972
25050 0.949994 0 -0.312267
25100 0.889301 0 -0.457323
25150 0.6185 0 -0.785785
25200 -0.516314 0 -0.8564
25250 -0.882926 0 -0.469513
25300 -0.688417 0 0.725315
25350 -0.606479 0 0.795099
25400 -0.739978 0 0.672631
25450 -0.616328 0 0.787489
25500 -0.222189 0 0.975004
25550 -0.547168 0 0.837023
