# Created at Wed Sep 13 18:09:37 CDT 2017
631803051166861 1
631803564716666 2
631804058430045 3
631804611439078 4
631805144703238 5
631805697742789 6
631806191517203 7
631806783985465 8
631807297504752 9
631807830799430 10
631808344288199 11
631808917103141 12
631809410877555 13
631809963884277 14
631810497117920 15
631811050157470 16
631811563646240 17
631812096910400 18
631812630235595 19
631813163469238 20
631813677049560 21
631814210222168 22
631814723771972 23
631815276781006 24
631815770616455 25
631816343339843 26
631816797593994 27
631817390123291 28
631817864183349 29
631818417192382 30
631818930711670 31
631819424457925 32
631819938007730 33
631820471271890 34
631820984791177 35
631821537800210 36
631822011829751 37
631822584583658 38
631823098133462 39
631823651203531 40
631824184467691 41
631824757221597 42
631825250965493 43
631825764484781 44
631826278034585 45
631826831043618 46
631827384052652 47
631827937092202 48
631828450611490 49
631828964161294 50
631829477658599 51
631830030728667 52
631830563962310 53
631831116971343 54
631831610806792 55
631832163785308 56
631832697049468 57
631833269864409 58
631833783383696 59
631834316647857 60
631834810391753 61
631835363461821 62
631835876950591 63
631836429990142 64
631836923764556 65
631837536038726 66
631838069302886 67
631838602597564 68
631839135922759 69
631839649483106 70
631840162971875 71
631840715980908 72
631841229500195 73
631841782509229 74
631842296028516 75
631842868843457 76
631843362617871 77
631843935402295 78
631844488441846 79
631845001900098 80
631845574745557 81
631846088264844 82
631846621529004 83
631847174538037 84
631847707802197 85
631848221352002 86
631848754646680 87
631849287971875 88
631849801359031 89
631850334714743 90
631850828428122 91
631851420987937 92
631851914731833 93
631852467771384 94
631853001035544 95
631853534330222 96
631854067624900 97
631854600889060 98
631855114438864 99
631855667478415 100
631856180967185 101
631856714292380 102
631857267301413 103
631857800535056 104
631858333860251 105
631858867124411 106
631859400470635 107
631859953449150 108
631860466998955 109
631861020038506 110
631861513782402 111
631862047077080 112
631862560626885 113
631863113605400 114
631863646930596 115
631864239429375 116
631864752948662 117
631865286243340 118
631865819568535 119
631866333087822 120
631866846576592 121
631867419361016 122
631867913165947 123
631868426685234 124
631868959979912 125
631869513001061 126
631870026520348 127
631870579529381 128
631871112824059 129
631871646118737 130
631872199127770 131
631872732391930 132
631873245941735 133
631873779205895 134
631874352020836 135
631874904999352 136
631875477844811 137
631876011078453 138
631876544403649 139
631877077637291 140
631877591187096 141
631878144226647 142
631878677521324 143
631879131805992 144
631879724371968 145
631880237830220 146
631880790869771 147
631881363654194 148
631881857459126 149
631882410498677 150
631882963507710 151
631883496771870 152
631884030097066 153
631884563361226 154
631885096655903 155
631885649664937 156
631886163184224 157
631886696478901 158
631887249487935 159
631887763037739 160
631888316107808 161
631888908606587 162
631889402383615 163
631889935678293 164
631890488748361 165
631891002237131 166
631891575021555 167
631892128091623 168
631892661355783 169
631893174875070 170
631893727975656 171
631894261209299 172
631894774759103 173
631895347513010 174
631895880777170 175
631896414071848 176
631896927621652 177
631897520181467 178
631898013925363 179
631898586740305 180
631899100290109 181
631899633515808 182
631900147065613 183
631900719850036 184
631901213654968 185
631901786439392 186
631902280183288 187
631902872712585 188
631903386262390 189
631903860291931 190
631904472566101 191
631905005860779 192
631905558900329 193
631906131684753 194
631906625459167 195
631907178529236 196
631907731538269 197
631908304322693 198
631908798158142 199
631909311736025 200
631909864684024 201
631910437498965 202
631911010252871 203
631911543578067 204
631912037382998 205
631912590392031 206
631913182921328 207
631913696471133 208
631914249480166 209
631914782774844 210
631915395079531 211
631915948088565 212
631916481383242 213
631917034453311 214
631917567747988 215
631918160277285 216
631918634276309 217
631919167604417 218
631919779878587 219
631920332918138 220
631920885927171 221
631921399446458 222
631921952516526 223
631922505525560 224
631923019075364 225
631923572114915 226
631924085634202 227
631924658449144 228
631925132478685 229
631925705263108 230
631926238527269 231
631926791566819 232
631927305116624 233
631927858156175 234
631928371675462 235
631928885194749 236
