200 -0.0097256 0 0.0171822
250 -0.00869547 0 0.0190219
300 -0.00650682 0 0.0222603
350 -0.0184045 0 0.0210048
400 -0.0167896 0 0.0152871
450 -0.0178176 0 0.0173207
500 -0.0165514 0 0.0251197
550 -0.0111245 0 0.0265601
600 -0.0115608 0 0.0272103
650 -0.0110381 0 0.02983
700 0.0181328 0 -0.00903317
750 0.0625656 0 -0.114644
800 0.0219083 0 -0.40186
850 -0.128727 0 -0.633861
900 -0.138561 0 -0.714367
950 -0.0483116 0 -0.861533
1000 0.0519824 0 -1.04999
1050 -0.0133668 0 -1.04899
1100 -0.184216 0 -1.10353
1150 -0.200172 0 -1.06988
1200 -0.0971545 0 -1.09341
1250 -0.105745 0 -0.972967
1300 -0.200021 0 -0.994265
1350 -0.0644591 0 -1.01336
1400 0.423102 0 -0.556675
1450 0.170612 0 0.0181652
1500 -0.0344099 0 0.469869
1550 -0.0286775 0 0.429332
1600 0.110897 0 0.441649
1650 0.00213838 0 0.704811
1700 -0.0390393 0 0.903826
1750 0.1254 0 0.880412
1800 0.282316 0 0.903356
1850 0.145421 0 0.819387
1900 0.0717003 0 0.687831
1950 0.138959 0 0.829803
2000 0.174446 0 0.756297
2050 0.102338 0 0.656901
2100 -0.00948628 0 0.720435
2150 0.099542 0 0.713713
2200 0.24872 0 0.835965
2250 0.167583 0 0.871654
2300 0.0344838 0 0.96824
2350 0.0913276 0 0.871725
2400 0.1409 0 0.758712
2450 0.160539 0 0.790614
2500 0.00209116 0 0.866149
2550 0.0475373 0 1.09882
2600 0.0969849 0 1.01166
2650 0.0511714 0 0.923062
2700 -0.0273931 0 0.809781
2750 0.268901 0 0.808312
2800 0.761626 0 0.336009
2850 1.07535 0 -0.0923048
2900 0.596092 0 -0.595067
2950 0.0507488 0 -0.872052
3000 -0.218847 0 -0.866807
3050 -0.148704 0 -1.07822
3100 -0.0518561 0 -1.11037
3150 -0.193382 0 -1.20196
3200 -0.104626 0 -1.15986
3250 -0.0514392 0 -1.18161
3300 0.0153253 0 -1.09072
3350 -0.150727 0 -1.10091
3400 -0.279578 0 -1.1097
3450 -0.112486 0 -1.15858
3500 -0.148911 0 -0.903418
3550 -0.124482 0 -0.921612
3600 -0.221966 0 -0.962655
3650 -0.0912607 0 -1.01553
3700 0.0454869 0 -1.04368
3750 -0.0175286 0 -1.16555
3800 -0.156746 0 -1.22683
3850 -0.065609 0 -1.17382
3900 0.0200645 0 -1.25662
3950 -0.0663521 0 -1.30729
4000 -0.169483 0 -1.35089
4050 -0.00663864 0 -1.26077
4100 0.0911155 0 -1.30901
4150 -0.0150453 0 -1.20012
4200 -0.0961106 0 -1.13942
4250 -0.104098 0 -1.06754
4300 -0.1308 0 -1.10728
4350 -0.241783 0 -0.802256
4400 -0.125035 0 -0.381013
4450 0.0403062 0 -0.103599
4500 0.0811973 0 0.13688
4550 0.028645 0 0.651429
4600 0.0271085 0 0.75901
4650 0.0694593 0 0.525219
4700 0.113953 0 0.555745
4750 -0.0197188 0 0.589052
4800 0.0206973 0 0.43602
4850 0.215279 0 0.677182
4900 0.260023 0 0.751
4950 0.0709897 0 0.664497
5000 -0.0411601 0 0.799985
5050 0.123914 0 0.653904
5100 0.202157 0 0.678986
5150 0.119961 0 0.609672
5200 0.0164035 0 0.72429
5250 0.114498 0 0.842102
5300 0.183125 0 1.02185
5350 0.0935665 0 0.934249
5400 -0.0793412 0 1.04078
5450 0.0395694 0 0.950218
5500 0.0952996 0 0.940739
5550 0.119699 0 0.869794
5600 0.0395606 0 0.776466
5650 0.0989019 0 0.696169
5700 0.190714 0 0.739163
5750 0.141457 0 0.813212
5800 -0.00400352 0 0.810425
5850 0.0578151 0 0.978277
5900 0.182213 0 0.918721
5950 0.147098 0 0.915438
6000 0.0105048 0 0.769945
6050 0.0379945 0 0.898607
6100 0.0441208 0 0.787931
6150 -0.0754397 0 0.682903
6200 -0.730701 0 0.329452
6250 -1.05316 0 -0.0897185
6300 -0.744102 0 -0.451829
6350 -0.314836 0 -0.849708
6400 -0.0381481 0 -0.681035
6450 -0.0385821 0 -0.981832
6500 -0.138589 0 -1.07054
6550 -0.0361877 0 -1.12121
6600 0.137142 0 -1.13079
6650 -0.0404524 0 -1.20647
6700 -0.12667 0 -1.2052
6750 -0.0254562 0 -1.20861
6800 0.0506567 0 -1.20575
6850 -0.0208987 0 -1.21419
6900 -0.213466 0 -1.20838
6950 -0.123988 0 -1.23943
7000 0.0343943 0 -1.19047
7050 -0.0390846 0 -1.20934
7100 -0.171141 0 -1.25609
7150 -0.109534 0 -1.23602
7200 -0.0126973 0 -1.30605
7250 -0.0682343 0 -1.22056
7300 -0.203912 0 -1.26749
7350 -0.104675 0 -1.2432
7400 -0.000834676 0 -1.31046
7450 -0.0265369 0 -1.20271
7500 -0.145698 0 -1.28069
7550 -0.159171 0 -1.16066
7600 -0.0376064 0 -1.23617
7650 -0.0214416 0 -1.16848
7700 -0.141761 0 -1.19841
7750 -0.218517 0 -1.2244
7800 -0.123172 0 -1.25568
7850 -0.0134109 0 -1.17049
7900 -0.128028 0 -1.23701
7950 -0.214308 0 -1.21108
8000 -0.144561 0 -1.25766
8050 -0.103557 0 -1.13935
8100 -0.188826 0 -1.06205
8150 -0.284215 0 -1.06373
8200 -0.147255 0 -1.10546
8250 -0.0399767 0 -0.999986
8300 -0.0521401 0 -0.926758
8350 -0.143948 0 -1.03861
8400 -0.0988905 0 -1.0223
8450 0.0515083 0 -1.14643
8500 0.0402009 0 -1.08339
8550 -0.115634 0 -1.1242
8600 -0.113193 0 -1.15443
8650 -0.0202627 0 -1.17994
8700 0.0227084 0 -1.07317
8750 -0.140245 0 -1.12231
8800 -0.0568732 0 -0.878861
8850 0.436659 0 -0.270247
8900 0.326382 0 0.442092
8950 -0.0225136 0 0.799524
9000 -0.04786 0 0.904661
9050 0.144269 0 0.921358
9100 0.0404103 0 0.910241
9150 0.029401 0 0.994334
9200 0.188826 0 1.08231
9250 0.273866 0 1.18435
9300 0.121655 0 0.975828
9350 -0.0389531 0 0.981284
9400 0.0640829 0 1.08078
9450 0.173969 0 0.826558
9500 0.131089 0 0.678213
9550 0.0183125 0 0.767319
9600 0.0424345 0 0.891338
9650 0.19531 0 1.2321
9700 0.14358 0 1.011
9750 -0.00146938 0 1.07662
9800 0.123348 0 0.915015
9850 0.167056 0 0.800392
9900 0.0703884 0 0.967635
9950 0.0491061 0 0.952199
10000 0.16429 0 0.840117
10050 0.641273 0 0.471807
10100 0.909569 0 0.0157587
10150 0.608094 0 -0.51376
10200 0.224147 0 -0.86179
10250 -0.00136336 0 -0.906671
10300 -0.070684 0 -1.081
10350 -0.0164741 0 -1.0797
10400 -0.230001 0 -1.26751
10450 -0.181333 0 -1.21683
10500 -0.0160768 0 -1.25051
10550 0.0069255 0 -1.13123
10600 -0.194622 0 -1.2084
10650 -0.266554 0 -1.21589
10700 -0.147894 0 -1.2215
10750 -0.115973 0 -1.06752
10800 -0.145779 0 -1.08213
10850 -0.251799 0 -1.1242
10900 -0.0732403 0 -1.00883
10950 0.0484705 0 -1.10085
11000 0.027633 0 -1.0743
11050 -0.152436 0 -1.16948
11100 -0.0914938 0 -1.15211
11150 0.050352 0 -1.15716
11200 -0.0856177 0 -1.022
11250 -0.177213 0 -1.23063
11300 -0.096459 0 -1.11764
11350 0.0193103 0 -1.17821
11400 -0.0249123 0 -1.0401
11450 -0.120547 0 -1.03282
11500 0.0416033 0 -0.87231
11550 0.397052 0 -0.288067
11600 0.176749 0 0.252911
11650 -0.0814925 0 0.592878
11700 0.0216765 0 0.591842
11750 0.148026 0 0.689972
11800 0.0714067 0 0.853162
11850 -0.0621488 0 1.1055
11900 0.0345267 0 0.983993
11950 0.198289 0 1.04844
12000 0.174104 0 0.786986
12050 0.0668143 0 0.820645
12100 0.142579 0 1.00043
12150 0.198166 0 1.09482
12200 0.199448 0 1.07055
12250 0.0277083 0 1.08507
12300 0.154837 0 1.01071
12350 0.203145 0 0.943707
12400 0.139144 0 0.84164
12450 0.0295043 0 0.993041
12500 0.158601 0 0.86936
12550 0.252918 0 0.889706
12600 0.123291 0 0.944491
12650 -0.0203063 0 0.908881
12700 0.146248 0 1.08948
12750 0.23259 0 1.03299
12800 0.157404 0 0.912584
12850 -0.0259228 0 0.974956
12900 0.115911 0 1.0295
12950 0.227141 0 0.766868
13000 0.154518 0 0.838341
13050 -0.0219605 0 0.816878
13100 0.100018 0 0.940307
13150 0.241077 0 0.979535
13200 0.0829968 0 0.747541
13250 -0.0695069 0 0.859719
13300 0.0881178 0 0.949544
13350 0.221753 0 0.977408
13400 0.0779639 0 0.920447
13450 -0.0653704 0 0.68029
13500 -0.0335547 0 0.694966
13550 0.120935 0 0.59716
13600 0.228903 0 0.73729
13650 -0.0284453 0 0.624041
13700 -0.0990852 0 0.79075
13750 0.0280091 0 0.815939
13800 0.17695 0 0.795945
13850 0.114574 0 0.659659
13900 -0.118075 0 0.669689
13950 -0.0657811 0 0.70362
14000 0.333591 0 0.406544
14050 0.793902 0 0.22541
14100 0.595615 0 -0.255099
14150 0.315772 0 -0.52567
14200 0.0280965 0 -0.893322
14250 -0.038426 0 -1.01538
14300 0.0422981 0 -1.09878
14350 -0.0878174 0 -1.23861
14400 -0.167491 0 -1.36134
14450 -0.0990335 0 -1.33482
14500 0.126034 0 -1.33059
14550 0.0564752 0 -1.26985
14600 -0.0903245 0 -1.33468
14650 -0.063231 0 -1.27237
14700 0.0355574 0 -1.29223
14750 0.063539 0 -1.2424
14800 -0.101301 0 -1.28462
14850 -0.0614079 0 -1.31612
14900 0.101413 0 -1.34504
14950 0.0826338 0 -1.21758
15000 -0.129268 0 -1.33842
15050 -0.158653 0 -1.27254
15100 -0.061817 0 -1.25786
15150 -0.00906182 0 -1.17856
15200 -0.213151 0 -1.31993
15250 -0.153919 0 -1.23391
15300 -0.0696642 0 -1.20936
15350 0.0386967 0 -1.16184
15400 -0.178616 0 -1.23054
15450 -0.262809 0 -1.21292
15500 -0.13302 0 -1.18965
15550 -0.0572015 0 -1.07992
15600 -0.187536 0 -1.04181
15650 -0.219656 0 -1.08804
15700 -0.0793545 0 -1.05392
15750 0.0457785 0 -1.04549
15800 0.00844056 0 -1.06942
15850 -0.149978 0 -1.04658
15900 -0.0627852 0 -0.950954
15950 0.0928138 0 -0.921762
16000 0.0102438 0 -0.686692
16050 -0.0653995 0 -0.55195
16100 -0.0464053 0 -0.288331
16150 -0.0158997 0 -0.240805
16200 0.0623258 0 -0.106485
16250 0.0496464 0 -0.104429
16300 0.0448436 0 -0.0136009
16350 0.0396114 0 -0.0384122
16400 0.00444071 0 -0.0280823
16450 9.00958e-05 0 -0.0263783
16500 0.0045783 0 -0.0101098
16550 -0.000210504 0 0.0012269
16600 -0.00747631 0 0.0219495
16650 -0.00701909 0 0.0203675
16700 -0.0139909 0 0.0217812
16750 -0.0107211 0 0.0234384
16800 -0.0141504 0 0.0320261
16850 -0.0194727 0 0.0207968
16900 -0.0179966 0 0.0260972
16950 -0.0184581 0 0.0317112
17000 -0.00778605 0 0.0232453
