200 -0.000513953 0 -0.00260134
250 -0.0648738 0 -0.0402756
300 -0.124058 0 -0.065671
350 -0.113221 0 0.0347777
400 -0.221688 0 0.111457
450 -0.390556 0 0.258583
500 -0.494563 0 0.406645
550 -0.630549 0 0.295916
600 -0.748788 0 0.345872
650 -0.681934 0 0.216285
700 -0.658184 0 0.0807188
750 -0.75167 0 0.111658
800 -0.721701 0 0.201352
850 -0.823935 0 0.19969
900 -0.847891 0 0.243357
950 -0.662408 0 0.164917
1000 -0.735671 0 0.120728
1050 -0.783991 0 0.212804
1100 -0.96841 0 0.15941
1150 -0.946584 0 0.00825393
1200 -0.370957 0 -1.73455
1250 -1.06839 0 0.0454342
1300 -1.11753 0 0.219649
1350 -1.16471 0 0.279529
1400 -1.05473 0 0.164408
1450 -0.96627 0 0.113372
1500 -1.063 0 0.130151
1550 -1.13433 0 0.168887
1600 -1.23298 0 0.257309
1650 -0.521787 0 -1.32048
1700 -1.09549 0 0.164366
1750 -0.172685 0 -1.40459
1800 -1.104 0 0.179034
1850 -1.08229 0 0.149175
1900 -0.91857 0 0.00198306
1950 -0.920392 0 0.037619
2000 -0.372219 0 -1.42709
2050 -1.07018 0 0.297625
2100 -0.941356 0 0.0928891
2150 -0.878592 0 0.0907451
2200 -0.338021 0 -1.40213
2250 -0.410162 0 -1.46351
2300 -1.21823 0 0.25008
2350 -0.529546 0 -1.49992
2400 -1.02453 0 0.080814
2450 -0.286342 0 -1.50752
2500 -1.05812 0 0.177946
2550 -0.454434 0 -1.16266
2600 -0.577531 0 -1.52345
2650 -1.01375 0 0.0296637
2700 -0.315053 0 -1.37557
2750 -1.04022 0 0.193979
2800 -0.424918 0 -1.3908
2850 -0.963218 0 0.212572
2900 -1.06832 0 0.201907
2950 -1.26488 0 0.218964
3000 -1.3026 0 0.235309
3050 -1.07767 0 0.185463
3100 -1.09248 0 0.210947
3150 -1.12286 0 0.220475
3200 -1.19039 0 0.255997
3250 -1.24241 0 0.309785
3300 -0.426257 0 -1.46354
3350 -1.13668 0 0.107803
3400 -0.242266 0 -1.40404
3450 -1.08553 0 0.223472
3500 -0.350639 0 -1.4068
3550 -1.01199 0 0.146912
3600 -1.11148 0 0.118615
3650 -0.415445 0 -1.41484
3700 -1.2311 0 0.274844
3750 -1.08168 0 0.112188
3800 -0.995087 0 0.136306
3850 -1.04987 0 0.194059
3900 -1.13292 0 0.223266
3950 -1.24371 0 0.31032
4000 -0.452035 0 -1.35381
4050 -1.12691 0 0.232599
4100 -1.14909 0 0.251586
4150 -1.21851 0 0.226791
4200 -1.26516 0 0.206353
4250 -1.02618 0 0.247041
4300 -1.06592 0 0.217284
4350 -1.13465 0 0.308586
4400 -0.284744 0 -1.32034
4450 -1.12451 0 0.117259
4500 -1.04429 0 0.101349
4550 -1.08528 0 0.15111
4600 -1.10423 0 0.267512
4650 -1.25939 0 0.269796
4700 -1.1614 0 0.186018
4750 -1.05446 0 0.133915
4800 -1.02843 0 0.297499
4850 -0.943007 0 0.311588
4900 -1.19446 0 0.324574
4950 -0.593626 0 -1.39971
5000 -1.13575 0 0.160984
5050 -0.295952 0 -1.39713
5100 -1.08964 0 0.207122
5150 -0.484209 0 -1.25805
5200 -0.968287 0 0.126492
5250 -1.14368 0 0.190533
5300 -1.23963 0 0.198786
5350 -1.33891 0 0.240286
5400 -0.474808 0 -1.45986
5450 -1.12232 0 0.135377
5500 -0.172137 0 -1.47021
5550 -1.11376 0 0.180279
5600 -1.20649 0 0.217773
5650 -1.02989 0 0.259673
5700 -1.05791 0 0.289107
5750 0.0648841 0 -0.295963
5800 -0.195739 0 -0.346538
5850 -1.11927 0 0.0891204
5900 -1.03513 0 0.124815
5950 -0.333072 0 -1.42476
6000 -0.435644 0 -1.59279
6050 -1.33901 0 0.207617
6100 -0.265298 0 -1.51333
6150 -1.17798 0 0.218692
6200 0.0361585 0 -0.268787
6250 -1.25781 0 0.334869
6300 -1.13619 0 0.174451
6350 -1.12883 0 0.285906
6400 -1.14723 0 0.2824
6450 -1.12957 0 0.32362
6500 -1.14855 0 0.336415
6550 -1.08151 0 0.273296
6600 -1.05667 0 0.282587
6650 -1.07078 0 0.354928
6700 -1.01161 0 0.322913
6750 -0.924196 0 0.124995
6800 -0.786562 0 0.153334
6850 -0.834496 0 0.303838
6900 -0.792407 0 0.418254
6950 -0.745321 0 0.272088
7000 -0.761319 0 0.110898
7050 -0.761254 0 0.171446
7100 -0.741443 0 0.187751
7150 -0.748194 0 0.26341
7200 -0.83355 0 0.237784
7250 -1.00617 0 0.263173
7300 -0.813024 0 0.205004
7350 -0.89348 0 0.157789
7400 -0.387324 0 -1.26082
7450 -1.09991 0 0.299055
7500 -0.477629 0 -1.21307
7550 -0.849115 0 0.105199
7600 -0.901857 0 0.127517
7650 -0.336077 0 -1.28671
7700 -1.13646 0 0.263682
7750 -1.05729 0 0.169509
7800 -0.966373 0 0.117178
7850 -1.02526 0 0.105121
7900 -1.12955 0 0.20533
7950 -1.07449 0 0.275798
8000 -1.06694 0 0.215617
8050 -1.02938 0 0.190179
8100 -1.04204 0 0.198931
8150 -1.12332 0 0.260217
8200 -1.10478 0 0.296158
8250 -1.00862 0 0.146465
8300 -0.963169 0 0.163322
8350 -0.99021 0 0.289195
8400 -1.08723 0 0.305107
8450 -1.12633 0 0.323159
8500 -0.937333 0 0.0918123
8550 -0.923634 0 0.117935
8600 -0.989794 0 0.315486
8650 -1.1113 0 0.292328
8700 -1.22135 0 0.229105
8750 -1.06721 0 0.149895
8800 -1.09968 0 0.0931273
8850 -0.314602 0 -1.31011
8900 -1.20269 0 0.233759
8950 -1.15474 0 0.176714
9000 -1.02228 0 0.110811
9050 -1.05738 0 0.127449
9100 -1.14984 0 0.246084
9150 -1.20342 0 0.232752
9200 -1.10884 0 0.117985
9250 -1.06127 0 0.125208
9300 -1.17191 0 0.115906
9350 -1.17598 0 0.215591
9400 -0.338855 0 -1.31114
9450 0.0508812 0 -0.303178
9500 -0.0593114 0 -0.141362
9550 -1.12121 0 0.284492
9600 -1.10567 0 0.232648
9650 -0.950269 0 0.0927897
9700 -0.282572 0 -1.38348
9750 -0.633245 0 0.169714
9800 -0.572865 0 0.296946
9850 -0.0784737 0 -0.477956
9900 -0.319316 0 0.145056
9950 -0.414262 0 0.0629386
10000 -0.299108 0 -0.0109779
10050 -0.28112 0 0.064163
10100 -0.232894 0 0.0471074
10150 0.000316446 0 -0.110982
10200 -0.110971 0 0.0752254
10250 -0.27928 0 0.189508
10300 -0.146781 0 0.155029
10350 -0.099926 0 0.0972952
10400 -0.0299295 0 -0.0164571
10450 -0.0364781 0 -0.0826817
10500 -0.149721 0 0.0226759
10550 0.0055703 0 -0.11459
10600 0.0932178 0 -0.0683383
10650 -0.184276 0 0.117054
10700 -0.101223 0 0.314759
10750 -0.0505524 0 0.169878
10800 -0.236718 0 -0.00554521
10850 -0.327012 0 -0.0193023
10900 0.103201 0 -0.116146
10950 -0.253566 0 0.168735
11000 -0.409997 0 0.453931
11050 0.029707 0 -0.22207
11100 0.135927 0 -0.068773
11150 -0.474939 0 -0.0182289
11200 -0.473139 0 0.15337
11250 -0.64246 0 0.134332
11300 -0.697456 0 0.354313
11350 -0.858716 0 0.354316
11400 -0.960037 0 0.140333
11450 -0.70649 0 0.0850335
11500 -0.817451 0 0.144345
11550 -0.425823 0 -1.35123
11600 -0.926026 0 0.201776
11650 -0.457953 0 -1.27969
11700 -1.00225 0 0.118962
11750 -1.02504 0 0.175352
11800 -0.386668 0 -1.44197
11850 -1.20203 0 0.315042
11900 -1.11488 0 0.136948
11950 -1.03978 0 0.150176
12000 -1.13384 0 0.189805
12050 -1.18208 0 0.219709
12100 -0.274694 0 -1.18849
12150 -0.362129 0 -1.34046
12200 -0.896746 0 0.155035
12250 -0.0296159 0 -1.15299
12300 -0.977141 0 0.211503
12350 -0.98074 0 0.103063
12400 -0.294471 0 -1.57293
12450 -1.0806 0 0.164801
12500 -1.2037 0 0.286113
12550 -1.27494 0 0.314413
12600 -1.02684 0 0.181923
12650 -0.994574 0 0.178391
12700 -0.209745 0 -1.4926
12750 -1.11755 0 0.223521
12800 -1.24754 0 0.318539
12850 -0.400282 0 -1.49729
12900 -1.1303 0 0.191583
12950 -1.22921 0 0.189052
13000 -1.15665 0 0.17333
13050 -1.21626 0 0.221151
13100 -1.05042 0 0.193547
13150 -1.02363 0 0.212605
13200 -1.08054 0 0.255793
13250 -1.1344 0 0.321019
13300 -0.328294 0 -1.53727
13350 -1.0724 0 0.165783
13400 -1.08193 0 0.176492
13450 -1.14443 0 0.250645
13500 -1.23903 0 0.325873
13550 -0.409353 0 -1.43869
13600 -1.13592 0 0.212691
13650 -1.05885 0 0.314331
13700 -1.15076 0 0.337885
13750 -1.03241 0 0.255645
13800 -1.027 0 0.254766
13850 -1.12104 0 0.408668
13900 -1.24185 0 0.35356
13950 -1.27818 0 0.334733
14000 -0.0986217 0 -0.0569281
14050 -1.11766 0 0.174198
14100 -1.1093 0 0.199153
14150 -1.1143 0 0.21635
14200 -0.330806 0 -1.34929
14250 -0.944561 0 0.081454
14300 -0.91282 0 0.115868
14350 -0.989824 0 0.20726
14400 -0.315845 0 -1.06138
14450 -0.918255 0 0.164795
14500 -0.916887 0 0.0833813
14550 -0.987712 0 0.120632
14600 -1.09632 0 0.292466
14650 -1.19972 0 0.29014
14700 -1.14629 0 0.146406
14750 -1.04204 0 0.146797
14800 -1.05016 0 0.147623
14850 -1.10566 0 0.220618
14900 -1.21953 0 0.273225
14950 -0.246716 0 -1.54072
15000 -1.0815 0 0.20966
15050 -1.08886 0 0.250938
15100 -1.15459 0 0.250414
15150 -1.0612 0 0.204769
15200 -1.04768 0 0.234936
15250 -1.12955 0 0.225833
15300 -1.17793 0 0.245391
15350 -1.23282 0 0.270458
15400 -1.10254 0 0.232335
15450 -1.09707 0 0.167875
15500 -1.12386 0 0.176452
15550 -1.17377 0 0.253145
15600 -1.25505 0 0.230164
15650 -1.08416 0 0.202535
15700 -1.1243 0 0.204517
15750 -1.10459 0 0.240814
15800 -0.274618 0 -1.35697
15850 -0.29557 0 -1.45231
15900 -1.09435 0 0.201034
15950 -0.301212 0 -0.794505
16000 -1.13848 0 0.247879
16050 -0.280194 0 -1.37415
16100 0.0562868 0 -0.331363
16150 -1.12169 0 0.195887
16200 -1.19902 0 0.192229
16250 -1.30485 0 0.310126
16300 -1.14802 0 0.262516
16350 -1.14046 0 0.245808
16400 -1.18571 0 0.23127
16450 -1.14971 0 0.288057
16500 -0.2028 0 -1.36439
16550 0.0591401 0 -0.324155
16600 -1.17045 0 0.247137
16650 -1.2105 0 0.254779
16700 -1.23187 0 0.323667
16750 -1.08857 0 0.248471
16800 -1.14823 0 0.253587
16850 -1.18701 0 0.25672
16900 -1.15688 0 0.268227
16950 -1.17123 0 0.282048
17000 0.0784216 0 -0.356539
17050 -1.16704 0 0.271837
17100 -1.16426 0 0.246765
17150 -1.24631 0 0.318378
17200 -1.10734 0 0.264826
17250 -1.13551 0 0.250405
17300 -1.16073 0 0.285863
17350 -1.19751 0 0.306027
17400 -1.24213 0 0.283872
17450 -1.09107 0 0.226898
17500 -1.2034 0 0.216088
17550 -1.19362 0 0.239751
17600 -1.25498 0 0.322336
17650 -1.11266 0 0.250809
17700 -1.12771 0 0.223554
17750 -1.11336 0 0.211964
17800 -1.05332 0 0.228482
17850 -0.266204 0 -1.50732
17900 -0.16882 0 -1.65555
17950 -0.954068 0 0.146411
18000 -0.238602 0 -1.41676
18050 -0.952323 0 0.349979
18100 -0.931672 0 0.266804
18150 0.0540975 0 -0.208821
18200 -0.665712 0 0.212659
18250 -0.623727 0 0.249264
18300 -0.100783 0 0.166784
18350 -0.0388025 0 -0.00318441
18400 -0.0590531 0 -0.165733
18450 -0.100253 0 -0.0869397
18500 -0.0953033 0 -0.0816983
18550 -0.0324437 0 -0.0970198
18600 -0.0478277 0 -0.053839
18650 -0.03753 0 -0.0424397
18700 -0.00613725 0 -0.0423081
18750 0.00567684 0 -0.0349505
18800 0.00241994 0 -0.0125257
18850 0.00376842 0 -0.0147821
18900 0.0125226 0 -0.0155342
