# Created at Wed Mar 07 11:18:53 CST 2018
2141634836098541 1
2141635329872955 2
2141635803908615 3
2141636218764572 4
2141636752059250 5
2141637324904709 6
2141637838393478 7
2141638312423019 8
2141638865523605 9
2141639379073410 10
2141639813613205 11
2141640386397629 12
2141640919692307 13
2141641472762375 14
2141641946791916 15
2141642499861984 16
2141643013411789 17
2141643526992111 18
2141644060286789 19
2141644593550949 20
2141645087355881 21
2141645620679729 22
2141646074964397 23
2141646588483684 24
2141647102033488 25
2141647576154582 26
2141648168653361 27
2141648603223674 28
2141649156263225 29
2141649689527385 30
2141650222883098 31
2141650756208293 32
2141651249982707 33
2141651763532512 34
2141652336347453 35
2141652948713176 36
2141653422742717 37
2141653916517131 38
2141654390577190 39
2141654904126994 40
2141655378187053 41
2141655832491596 42
2141656247256001 43
2141656721316059 44
2141657136110981 45
2141657590456684 46
2141658024965962 47
2141658459566792 48
2141658894045552 49
2141659348391255 50
2141659822451313 51
2141660276735981 52
2141660691561421 53
2141661145785053 54
2141661580385884 55
2141662054415425 56
2141662508700093 57
2141662963015278 58
2141663417330464 59
2141663891360005 60
2141664325930317 61
2141664819704731 62
2141665293795307 63
2141665787598350 64
2141666360443809 65
2141666933228233 66
2141667525849083 67
2141668118378380 68
2141668651673057 69
2141669283783653 70
2141669876312950 71
2141670468933800 72
2141671061493614 73
2141671654053429 74
2141672226837852 75
2141672779938438 76
2141673352722862 77
2141673945313194 78
2141674518128136 79
2141675090943077 80
2141675663806586 81
2141676236591010 82
2141676809466986 83
2141677382251410 84
2141677935290961 85
2141678527850775 86
2141679080920844 87
2141679752551703 88
2141680305560736 89
2141680878406195 90
2141681391986518 91
2141681905536322 92
2141682399371772 93
2141682893115668 94
2141683367206244 95
2141683900531439 96
2141684453632025 97
2141685006671576 98
2141685539934743 99
2141686073259938 100
2141686586809743 101
2141687120165456 102
2141687633715261 103
2141688206499684 104
2141688720080007 105
2141689371935475 106
2141689925005544 107
2141690438524831 108
2141696186546851 109
2141696680321265 110
2141697213646461 111
2141697687737037 112
2141698221031715 113
2141698774132300 114
2141699327141334 115
2141699880241920 116
2141700393791724 117
2141700946861793 118
2141701519676734 119
2141702033257056 120
2141702625847388 121
2141703317162086 122
2141703909721900 123
2141704423302222 124
2141708492389936 125
2141709025654096 126
2141709539203901 127
2141710072559614 128
2141710566395063 129
2141711099720258 130
2141711692280073 131
2141712304584760 132
2141712897144575 133
2141713529224653 134
2141714200824995 135
2141714793445844 136
2141715484796775 137
2141716136621726 138
2141716847681297 139
2141717460047019 140
2141718190881980 141
2141718803247703 142
2141719534021629 143
2141720166132224 144
2141720877252830 145
2141721568567527 146
2141722200647605 147
2141722813013328 148
2141723445093406 149
2141724057428611 150
2141724689508689 151
2141725242534959 152
2141725815380418 153
2141726368450486 154
2141726941265428 155
2141727494396531 156
2141728027691209 157
2141728561016404 158
2141729114147508 159
2141729647411668 160
2141730180736863 161
2141730714031541 162
2141731267162645 163
2141731800487840 164
2141732353527391 165
2141732886852586 166
2141733400402391 167
2141733933727586 168
2141734467113817 169
2141735020153367 170
2141735573220716 171
2141736106606947 172
2141736639901624 173
2141737193032728 174
2141737726327406 175
2141738279397474 176
2141738852212415 177
2141739365853773 178
2141739899087415 179
2141740452218519 180
2141741005258070 181
2141741558358656 182
2141742111459241 183
2141742664498792 184
2141743237344251 185
2141743770730482 186
2141744264474378 187
2141744857064710 188
2141745390373548 189
2141745884178479 190
2141746417503675 191
2141746970634778 192
2141747543449719 193
2141748096550305 194
2141748649620374 195
2141749202659925 196
2141749736046155 197
2141750269340833 198
2141750842155774 199
2141751355736096 200
2141751889061292 201
2141752422386487 202
2141752995262464 203
2141753508781751 204
2141754042106946 205
2141754555687268 206
2141755128501887 207
2141755701347346 208
2141756195182795 209
2141756629753107 210
2141757202568049 211
2141757696403498 212
2141758249534602 213
2141758763053889 214
2141759256950373 215
2141759711235041 216
2141760224784846 217
2141760679130549 218
2141761232200617 219
2141761706230158 220
2141762219810480 221
2141762693901057 222
2141763128471369 223
2141763622306818 224
2141764116111750 225
2141764590202326 226
2141765004966730 227
2141765459329296 228
2141765913644481 229
2141766367959667 230
2141766802529979 231
2141767276620555 232
2141767750650096 233
2141768224710155 234
2141768619790721 235
2141769093850780 236
2141769528421092 237
2141770022256542 238
2141770456796337 239
2141770930856395 240
2141771365457225 241
2141771859231639 242
2141772333322215 243
2141772846933055 244
2141773281533885 245
