# Created at Thu Mar 08 15:50:02 CST 2018
2244302985376171 1
2244303459405712 2
2244303972955517 3
2244304525995067 4
2244304901300243 5
2244305335779003 6
2244305869073681 7
2244306422113231 8
2244306876458935 9
2244307409692577 10
2244307844262890 11
2244308338037304 12
2244308812066845 13
2244309325586132 14
2244309779866297 15
2244310372456629 16
2244310826710779 17
2244311320485193 18
2244311715535242 19
2244312209309656 20
2244312624104578 21
2244313078389246 22
2244313552449305 23
2244314065938074 24
2244314441273767 25
2244314915272791 26
2244315290547449 27
2244315804127771 28
2244316278126795 29
2244316752156336 30
2244317186696131 31
2244317759511072 32
2244318273060877 33
2244318786610682 34
2244319240864832 35
2244319774166335 36
2244320327205885 37
2244320900051344 38
2244321413540114 39
2244321907375563 40
2244322420894850 41
2244323072689284 42
2244323487514723 43
2244324159023512 44
2244324573818434 45
2244325146602858 46
2244325640438307 47
2244326173702467 48
2244326667507399 49
2244327240291823 50
2244327753811110 51
2244328306881178 52
2244328820430983 53
2244329590705267 54
2244330104255071 55
2244330716559759 56
2244331151069036 57
2244331723883977 58
2244332276954046 59
2244332691718450 60
2244333165778509 61
2244333758368841 62
2244334192878118 63
2244334666907659 64
2244335160682073 65
2244335812507024 66
2244336207557073 67
2244336721076360 68
2244337274146429 69
2244337767951360 70
2244338241980901 71
2244338775275579 72
2244339229529729 73
2244339782647300 74
2244340236901451 75
2244340730706382 76
2244341224480796 77
2244341817040611 78
2244342251610923 79
2244342804619957 80
2244343199639488 81
2244343732964683 82
2244344187249351 83
2244344681054283 84
2244345194604087 85
2244345688439537 86
2244346182183433 87
2244346656182457 88
2244347130303550 89
2244347643822837 90
2244348177086998 91
2244348651177574 92
2244349164696861 93
2244349737490887 94
2244350152285809 95
2244350665835614 96
2244351139834637 97
2244351653384442 98
2244352127444501 99
2244352640963788 100
2244353134738202 101
2244353687838788 102
2244354201358075 103
2244354734683270 104
