200 -0.00995633 0 0.0458093
250 -0.00311172 0 0.0244988
300 -0.00910485 0 0.0169653
350 -0.00651069 0 0.00319857
400 -0.0108626 0 0.00315643
450 -0.014535 0 0.0132998
500 -0.0110286 0 0.015958
550 -0.0109237 0 0.0149961
600 -0.0102253 0 0.0145926
650 -0.0064746 0 0.0218365
700 -0.00928852 0 0.0122451
750 -0.0214647 0 -0.133704
800 -0.333649 0 -0.151459
850 0.0183243 0 -0.390105
900 0.348725 0 -0.75762
950 0.650691 0 -1.09954
1000 0.368904 0 -1.0893
1050 0.147368 0 -0.972198
1100 0.316039 0 -0.874045
1150 0.643041 0 -1.05821
1200 0.556843 0 -1.10762
1250 0.257221 0 -1.13052
1300 0.358023 0 -1.01737
1350 0.468214 0 -1.05931
1400 0.491237 0 -1.10464
1450 0.370587 0 -1.1159
1500 0.167023 0 -1.05807
1550 0.404251 0 -0.96084
1600 0.657749 0 -1.12232
1650 0.436333 0 -1.11176
1700 0.287497 0 -1.12492
1750 0.342459 0 -1.01251
1800 0.517478 0 -1.08963
1850 0.455793 0 -1.1216
1900 0.255399 0 -1.18248
1950 0.186532 0 -0.984342
2000 0.505627 0 -1.02431
2050 0.629955 0 -1.13531
2100 0.390098 0 -1.14028
2150 0.156746 0 -1.07504
2200 0.423227 0 -0.954678
2250 0.803687 0 -1.14622
2300 0.510483 0 -1.22066
2350 0.178112 0 -1.22807
2400 0.387348 0 -1.02343
2450 0.724652 0 -1.17104
2500 0.534217 0 -1.19259
2550 0.21483 0 -1.23819
2600 0.333191 0 -1.07136
2650 0.71881 0 -1.19157
2700 0.599202 0 -1.20968
2750 0.223627 0 -1.22807
2800 0.210443 0 -1.02807
2850 0.642839 0 -1.15314
2900 0.693254 0 -1.2718
2950 0.263296 0 -1.22912
3000 0.195958 0 -1.02577
3050 0.55661 0 -1.05929
3100 0.71362 0 -1.23181
3150 0.316644 0 -1.19476
3200 0.204194 0 -1.07366
3250 0.46289 0 -1.04854
3300 0.655443 0 -1.23191
3350 0.410849 0 -1.21693
3400 0.29062 0 -1.12382
3450 0.431586 0 -1.04761
3500 0.619745 0 -1.13298
3550 0.440121 0 -1.15426
3600 0.255803 0 -1.20826
3650 0.406969 0 -1.05746
3700 0.658164 0 -1.16449
3750 0.48845 0 -1.14881
3800 0.26116 0 -1.15038
3850 0.27968 0 -0.959772
3900 0.707854 0 -1.16014
3950 0.685068 0 -1.30309
4000 0.207143 0 -1.26228
4050 0.185578 0 -0.972799
4100 0.450016 0 -0.982893
4150 0.6179 0 -1.20479
4200 0.318914 0 -1.19497
4250 0.126991 0 -1.05624
4300 0.435148 0 -0.966569
4350 0.747634 0 -1.18408
4400 0.432633 0 -1.17192
4450 0.158735 0 -1.19523
4500 0.356038 0 -0.99245
4550 0.691972 0 -1.11822
4600 0.525863 0 -1.13792
4650 0.189656 0 -1.23615
4700 0.191673 0 -0.971908
4750 0.617888 0 -1.05594
4800 0.672059 0 -1.17998
4850 0.301044 0 -1.24462
4900 0.173024 0 -1.09043
4950 0.529407 0 -1.0311
5000 0.768435 0 -1.20636
5050 0.38899 0 -1.26297
5100 0.0877708 0 -1.1802
5150 0.356615 0 -0.954285
5200 0.713382 0 -1.18995
5250 0.495948 0 -1.18113
5300 0.171968 0 -1.13423
5350 0.303208 0 -1.01078
5400 0.668084 0 -1.1777
5450 0.566291 0 -1.22859
5500 0.206284 0 -1.20166
5550 0.167846 0 -0.965083
5600 0.644194 0 -1.1411
5650 0.642181 0 -1.22515
5700 0.260732 0 -1.16383
5750 0.0935953 0 -1.0077
5800 0.559059 0 -1.06331
5850 0.753201 0 -1.23198
5900 0.320172 0 -1.16264
5950 0.151377 0 -1.0622
6000 0.398738 0 -0.958577
6050 0.670914 0 -1.16782
6100 0.396187 0 -1.09367
6150 0.275854 0 -0.944363
6200 0.274091 0 -0.806126
6250 0.209545 0 -0.532844
6300 0.0715399 0 -0.193342
6350 0.0353196 0 -0.121702
6400 0.0241223 0 -0.129154
6450 -0.00482323 0 -0.0941665
6500 -0.00438181 0 -0.0598658
6550 -0.00117903 0 -0.0271989
6600 0.00109554 0 -0.00568046
6650 -0.00505744 0 0.00851423
6700 -0.0120619 0 0.0147969
6750 -0.0129789 0 0.0125278
6800 -0.0126821 0 0.0189151
6850 -0.0132712 0 0.0216927
6900 -0.0131911 0 0.0208142
6950 -0.0131252 0 0.0252427
7000 -0.00903816 0 0.022996
7050 -0.0143271 0 0.0278383
7100 -0.0160885 0 0.0263959
7150 -0.0144151 0 0.0263131
7200 -0.0136964 0 0.0355718
7250 -0.0132328 0 0.0243231
7300 -0.0125669 0 0.025528
7350 -0.0102629 0 0.0214745
7400 -0.00659563 0 0.014521
7450 -0.00599919 0 0.0158317
7500 -0.0355533 0 -0.0566741
7550 -0.0954087 0 -0.117084
7600 0.0667443 0 -0.480388
7650 0.43908 0 -0.866276
7700 0.478176 0 -1.07499
7750 0.249141 0 -1.08861
7800 0.266813 0 -0.965652
7850 0.407225 0 -0.920117
7900 0.602935 0 -1.06596
7950 0.400314 0 -1.0258
8000 0.181854 0 -1.09692
8050 0.282935 0 -0.882703
8100 0.699277 0 -1.09991
8150 0.608745 0 -1.19471
8200 0.280644 0 -1.11482
8250 0.266305 0 -0.953094
8300 0.468954 0 -0.991896
8350 0.60069 0 -1.14174
8400 0.35092 0 -1.14679
8450 0.268928 0 -1.03028
8500 0.404895 0 -0.97355
8550 0.64394 0 -1.13874
8600 0.490074 0 -1.13724
8650 0.189188 0 -1.11795
8700 0.276902 0 -0.949496
8750 0.649867 0 -1.10157
8800 0.60413 0 -1.20028
8850 0.204776 0 -1.2474
8900 0.159224 0 -0.979873
8950 0.518987 0 -1.005
9000 0.65949 0 -1.18426
9050 0.298486 0 -1.10489
9100 0.209808 0 -1.12181
9150 0.462205 0 -1.04599
9200 0.674123 0 -1.19799
9250 0.413179 0 -1.17684
9300 0.185723 0 -1.1424
9350 0.367663 0 -1.02243
9400 0.646264 0 -1.18228
9450 0.45145 0 -1.1792
9500 0.145617 0 -1.19378
9550 0.278331 0 -0.945013
9600 0.796077 0 -1.24739
9650 0.571429 0 -1.35284
9700 0.16799 0 -1.30905
9750 0.243937 0 -0.952928
9800 0.633075 0 -1.12447
9850 0.61825 0 -1.27031
9900 0.276744 0 -1.18229
9950 0.208018 0 -1.06136
10000 0.53576 0 -1.06812
10050 0.760259 0 -1.27352
10100 0.336758 0 -1.28943
10150 0.169193 0 -1.08603
10200 0.533511 0 -1.03462
10250 0.748443 0 -1.28436
10300 0.369229 0 -1.32708
10350 0.201229 0 -1.15265
10400 0.452314 0 -1.05754
10450 0.700718 0 -1.16229
10500 0.441328 0 -1.13913
10550 0.267757 0 -1.10325
10600 0.364958 0 -0.991794
10650 0.537105 0 -1.07571
10700 0.514985 0 -1.13921
10750 0.227668 0 -1.17904
10800 0.241546 0 -0.919147
10850 0.579771 0 -1.05496
10900 0.613358 0 -1.16885
10950 0.238032 0 -1.19297
11000 0.140297 0 -1.0238
11050 0.539542 0 -1.04471
11100 0.717628 0 -1.2151
11150 0.350275 0 -1.20277
11200 0.155306 0 -1.09023
11250 0.455305 0 -1.04144
11300 0.716182 0 -1.20941
11350 0.385925 0 -1.17111
11400 0.161854 0 -1.12539
11450 0.338861 0 -0.898099
11500 0.801147 0 -1.21028
11550 0.601144 0 -1.22685
11600 0.193455 0 -1.24618
11650 0.254556 0 -0.951656
11700 0.663918 0 -1.08994
11750 0.651941 0 -1.22084
11800 0.239472 0 -1.21307
11850 0.212655 0 -1.01135
11900 0.464659 0 -1.03089
11950 0.53649 0 -1.12085
12000 0.318933 0 -1.11899
12050 0.154518 0 -0.962535
12100 0.426761 0 -0.970796
12150 0.689947 0 -1.21286
12200 0.341344 0 -1.20319
12250 0.188123 0 -1.05272
12300 0.390138 0 -0.935567
12350 0.631212 0 -1.10538
12400 0.446296 0 -1.16201
12450 0.144464 0 -1.15214
12500 0.39104 0 -1.01393
12550 0.820075 0 -1.24171
12600 0.565663 0 -1.29347
12650 0.205081 0 -1.17656
12700 0.273019 0 -0.959613
12750 0.680056 0 -1.10208
12800 0.578082 0 -1.18719
12850 0.226322 0 -1.17193
12900 0.149946 0 -0.893592
12950 0.437681 0 -0.891574
13000 0.501996 0 -0.7749
13050 0.363254 0 -0.587653
13100 0.118157 0 -0.375245
13150 -0.018171 0 -0.200517
13200 -0.0347173 0 0.0229752
13250 0.013955 0 -0.0698814
13300 0.0619029 0 -0.110627
13350 0.0339032 0 -0.075182
13400 -0.0121835 0 -0.078118
13450 0.0111102 0 -0.0742604
13500 -0.0147292 0 -0.0322815
13550 -0.0158316 0 -0.174759
13600 0.0225474 0 -0.0216055
13650 -0.00913591 0 -0.0851679
13700 -0.379677 0 0.187618
13750 -0.576726 0 0.101232
13800 0.157462 0 -0.204404
13850 0.108084 0 -0.178433
13900 0.0421147 0 -0.115247
13950 -0.00686317 0 -0.0960793
14000 0.00837033 0 -0.01085
14050 -0.0157053 0 0.00646444
14100 -0.0123787 0 0.0117744
14150 -0.00665909 0 0.00580551
14200 -0.00462626 0 0.0107797
14250 -0.0110237 0 0.0130496
14300 -0.00366081 0 0.00126055
14350 -0.0140363 0 -0.000585535
14400 -0.0192525 0 0.0179443
14450 -0.0179346 0 0.0397053
14500 -0.00742035 0 0.029355
14550 -0.00151573 0 0.0395547
14600 -0.0201229 0 0.0717748
14650 -0.0118374 0 0.0986021
