200 0 0 -0.0259064
250 0 0 -0.0402178
300 0 0 -0.031469
350 0 0 -0.0330012
400 0 0 -0.0282331
450 0 0 -0.0274054
500 0 0 -0.0343828
550 0 0 -0.0366716
600 0 0 -0.034562
650 0 0 -0.0318476
700 0 0 -0.0283414
750 0 0 -0.0277074
800 0 0 -0.0249103
850 0 0 -0.0197166
900 0 0 -0.0307744
950 0 0 -0.0069384
1000 0 0 -0.189821
1050 0 0 -0.332728
1100 0 0 -0.526024
1150 0 0 -0.83343
1200 0 0 -0.782572
1250 0 0 -1.08119
1300 0 0 -0.921544
1350 0 0 -0.976473
1400 0 0 -1.30878
1450 0 0 -1.458
1500 0 0 -1.38184
1550 0 0 -1.23086
1600 0 0 -1.20548
1650 0 0 -1.22315
1700 0 0 -1.22975
1750 0 0 -1.15287
1800 0 0 -1.22307
1850 0 0 -1.23538
1900 0 0 -1.27868
1950 0 0 -1.21103
2000 0 0 -1.33243
2050 0 0 -1.34774
2100 0 0 -1.39821
2150 0 0 -1.32458
2200 0 0 -1.33104
2250 0 0 -1.27286
2300 0 0 -1.31306
2350 0 0 -1.30564
2400 0 0 -1.30421
2450 0 0 -1.26066
2500 0 0 -1.27358
2550 0 0 -1.36697
2600 0 0 -1.31576
2650 0 0 -1.27758
2700 0 0 -1.33379
2750 0 0 -1.37915
2800 0 0 -1.35144
2850 0 0 -1.24496
2900 0 0 -1.27974
2950 0 0 -1.3426
3000 0 0 -1.32094
3050 0 0 -1.21503
3100 0 0 -1.23906
3150 0 0 -1.36563
3200 0 0 -1.34508
3250 0 0 -1.33054
3300 0 0 -1.28856
3350 0 0 -1.34846
3400 0 0 -1.24551
3450 0 0 -1.15232
3500 0 0 -1.20118
3550 0 0 -1.30985
3600 0 0 -1.31336
3650 0 0 -1.30867
3700 0 0 -1.27924
3750 0 0 -1.34044
3800 0 0 -1.26184
3850 0 0 -1.28155
3900 0 0 -1.26836
3950 0 0 -1.3266
4000 0 0 -1.31647
4050 0 0 -1.3406
4100 0 0 -1.34704
4150 0 0 -1.39536
4200 0 0 -1.32343
4250 0 0 -1.23803
4300 0 0 -1.18077
4350 0 0 -1.17816
4400 0 0 -1.28846
4450 0 0 -1.26436
4500 0 0 -1.14834
4550 0 0 -1.12271
4600 0 0 -1.16944
4650 0 0 -1.12826
4700 0 0 -1.02141
4750 0 0 -1.04003
4800 0 0 -1.15156
4850 0 0 -1.06159
4900 0 0 -1.04886
4950 0 0 -1.09124
5000 0 0 -1.16317
5050 0 0 -1.1599
5100 0 0 -1.17951
5150 0 0 -1.09946
5200 0 0 -1.18514
5250 0 0 -1.20292
5300 0 0 -1.19754
5350 0 0 -1.16274
5400 0 0 -1.23948
5450 0 0 -1.2982
5500 0 0 -1.24397
5550 0 0 -1.15657
5600 0 0 -1.20346
5650 0 0 -1.24688
5700 0 0 -1.23292
5750 0 0 -1.20121
5800 0 0 -1.2201
5850 0 0 -1.29177
5900 0 0 -1.21056
5950 0 0 -1.19176
6000 0 0 -1.25105
6050 0 0 -1.29588
6100 0 0 -1.31817
6150 0 0 -1.31424
6200 0 0 -1.21534
6250 0 0 -1.29261
6300 0 0 -1.32587
6350 0 0 -1.31895
6400 0 0 -1.22237
6450 0 0 -1.23552
6500 0 0 -1.28803
6550 0 0 -1.30275
6600 0 0 -1.21634
6650 0 0 -1.21841
6700 0 0 -1.25953
6750 0 0 -1.21048
6800 0 0 -1.26592
6850 0 0 -1.19561
6900 0 0 -1.15611
6950 0 0 -1.08065
7000 0 0 -1.0454
7050 0 0 -1.09447
7100 0 0 -1.13001
7150 0 0 -1.00857
7200 0 0 -1.1137
7250 0 0 -1.19869
7300 0 0 -1.26215
7350 0 0 -1.17249
7400 0 0 -1.22315
7450 0 0 -1.30382
7500 0 0 -1.30874
7550 0 0 -1.2874
7600 0 0 -1.34748
7650 0 0 -1.28515
7700 0 0 -1.35105
7750 0 0 -1.36333
7800 0 0 -1.32399
7850 0 0 -1.24715
7900 0 0 -1.32018
7950 0 0 -1.34685
8000 0 0 -1.29952
8050 0 0 -1.27237
8100 0 0 -1.30702
8150 0 0 -1.37537
8200 0 0 -1.30067
8250 0 0 -1.27437
8300 0 0 -1.29583
8350 0 0 -1.33471
8400 0 0 -1.31506
8450 0 0 -1.2282
8500 0 0 -1.23922
8550 0 0 -1.39453
8600 0 0 -1.30169
8650 0 0 -1.31277
8700 0 0 -1.25621
8750 0 0 -1.28241
8800 0 0 -1.26079
8850 0 0 -1.22168
8900 0 0 -1.23012
8950 0 0 -1.30842
9000 0 0 -1.20073
9050 0 0 -1.18581
9100 0 0 -1.19817
9150 0 0 -1.23242
9200 0 0 -1.19364
9250 0 0 -1.21223
9300 0 0 -1.25811
9350 0 0 -1.32114
9400 0 0 -1.31106
9450 0 0 -1.18858
9500 0 0 -1.29353
9550 0 0 -1.28738
9600 0 0 -1.34881
9650 0 0 -1.26735
9700 0 0 -1.2653
9750 0 0 -1.28509
9800 0 0 -1.31145
9850 0 0 -1.23476
9900 0 0 -1.26146
9950 0 0 -1.20028
10000 0 0 -1.21551
10050 0 0 -1.17564
10100 0 0 -1.15996
10150 0 0 -1.15649
10200 0 0 -1.17631
10250 0 0 -1.26368
10300 0 0 -1.23878
10350 0 0 -1.3104
10400 0 0 -1.25154
10450 0 0 -1.31074
10500 0 0 -1.27392
10550 0 0 -1.30907
10600 0 0 -1.31174
10650 0 0 -1.33844
10700 0 0 -1.30088
10750 0 0 -1.27916
10800 0 0 -1.21503
10850 0 0 -1.15656
10900 0 0 -1.26507
10950 0 0 -1.24299
11000 0 0 -1.21955
11050 0 0 -1.2591
11100 0 0 -1.30351
11150 0 0 -1.25936
11200 0 0 -1.20926
11250 0 0 -1.19355
11300 0 0 -1.20007
11350 0 0 -1.20017
11400 0 0 -1.2349
11450 0 0 -1.22825
11500 0 0 -1.18937
11550 0 0 -1.15319
11600 0 0 -1.17232
11650 0 0 -1.23534
11700 0 0 -1.27586
11750 0 0 -1.1886
11800 0 0 -1.14857
11850 0 0 -1.17833
11900 0 0 -1.2569
11950 0 0 -1.22876
12000 0 0 -1.21639
12050 0 0 -1.21784
12100 0 0 -1.26838
12150 0 0 -1.26364
12200 0 0 -1.26159
12250 0 0 -1.19901
12300 0 0 -1.21945
12350 0 0 -1.3182
12400 0 0 -1.29732
12450 0 0 -1.19162
12500 0 0 -1.24519
12550 0 0 -1.22739
12600 0 0 -1.22191
12650 0 0 -1.17962
12700 0 0 -1.19122
12750 0 0 -1.20947
12800 0 0 -1.19805
12850 0 0 -1.15864
12900 0 0 -1.22244
12950 0 0 -1.27992
13000 0 0 -1.18853
13050 0 0 -1.17584
13100 0 0 -1.20455
13150 0 0 -1.25271
13200 0 0 -1.17659
13250 0 0 -1.14671
13300 0 0 -1.13221
13350 0 0 -1.12998
13400 0 0 -1.13175
13450 0 0 -1.07499
13500 0 0 -1.1408
13550 0 0 -1.14231
13600 0 0 -1.1572
13650 0 0 -1.09543
13700 0 0 -1.08643
13750 0 0 -1.09888
13800 0 0 -1.27591
13850 0 0 -1.16821
13900 0 0 -1.21499
13950 0 0 -1.22752
14000 0 0 -1.18914
14050 0 0 -1.22355
14100 0 0 -1.22183
14150 0 0 -1.24002
14200 0 0 -1.28016
14250 0 0 -1.35082
14300 0 0 -1.31072
14350 0 0 -1.15574
14400 0 0 -1.15458
14450 0 0 -1.22597
14500 0 0 -1.20088
14550 0 0 -1.32325
14600 0 0 -1.24061
14650 0 0 -1.24697
14700 0 0 -1.28105
14750 0 0 -1.2459
14800 0 0 -1.30516
14850 0 0 -1.29791
14900 0 0 -1.15732
14950 0 0 -1.13528
15000 0 0 -1.18312
15050 0 0 -1.18502
15100 0 0 -1.20713
15150 0 0 -1.1637
15200 0 0 -1.15433
15250 0 0 -1.248
15300 0 0 -1.27532
15350 0 0 -1.19671
15400 0 0 -1.20577
15450 0 0 -1.211
15500 0 0 -1.25923
15550 0 0 -1.1679
15600 0 0 -1.19402
15650 0 0 -1.20221
15700 0 0 -1.27305
15750 0 0 -1.22828
15800 0 0 -1.22208
15850 0 0 -1.18228
15900 0 0 -1.1903
15950 0 0 -1.21107
16000 0 0 -1.13429
16050 0 0 -1.20319
16100 0 0 -1.19655
16150 0 0 -1.13708
16200 0 0 -1.14813
16250 0 0 -1.09434
16300 0 0 -1.09493
16350 0 0 -1.16003
16400 0 0 -1.14041
16450 0 0 -1.12295
16500 0 0 -1.15147
16550 0 0 -1.15582
16600 0 0 -1.06638
16650 0 0 -1.0413
16700 0 0 -1.1166
16750 0 0 -1.0985
16800 0 0 -1.03218
16850 0 0 -0.960723
16900 0 0 -0.914615
16950 0 0 -0.904178
17000 0 0 -0.97659
17050 0 0 -0.901311
17100 0 0 -0.7915
17150 0 0 -0.881864
17200 0 0 -0.830175
17250 0 0 -0.907476
17300 0 0 -0.871197
17350 0 0 -0.947364
17400 0 0 -0.887904
17450 0 0 -0.94544
17500 0 0 -0.85446
17550 0 0 -0.821158
17600 0 0 -1.00899
17650 0 0 -1.12811
17700 0 0 -1.09587
17750 0 0 -1.08747
17800 0 0 -1.1208
17850 0 0 -1.19327
17900 0 0 -1.19577
17950 0 0 -1.15021
18000 0 0 -1.15341
18050 0 0 -1.19142
18100 0 0 -1.19395
18150 0 0 -1.15391
18200 0 0 -1.11101
18250 0 0 -1.19746
18300 0 0 -1.27229
18350 0 0 -1.20512
18400 0 0 -1.18497
18450 0 0 -1.17453
18500 0 0 -1.19119
18550 0 0 -1.1677
18600 0 0 -1.17663
18650 0 0 -1.15998
18700 0 0 -1.20038
18750 0 0 -1.21148
18800 0 0 -1.20848
18850 0 0 -1.16854
18900 0 0 -1.14148
18950 0 0 -1.16356
19000 0 0 -1.19735
19050 0 0 -1.14353
19100 0 0 -1.20548
19150 0 0 -1.22973
19200 0 0 -1.15739
19250 0 0 -1.24411
19300 0 0 -1.19027
19350 0 0 -1.1889
19400 0 0 -1.16756
19450 0 0 -1.17169
19500 0 0 -1.17814
19550 0 0 -1.23643
19600 0 0 -1.18109
19650 0 0 -1.23881
19700 0 0 -1.18355
19750 0 0 -1.20026
19800 0 0 -1.16241
19850 0 0 -1.1743
19900 0 0 -1.16128
19950 0 0 -1.14633
20000 0 0 -1.14881
20050 0 0 -1.1187
20100 0 0 -1.14695
20150 0 0 -1.17263
20200 0 0 -1.2351
20250 0 0 -1.27705
20300 0 0 -1.24363
20350 0 0 -1.20638
20400 0 0 -1.34586
20450 0 0 -1.2531
20500 0 0 -1.1922
20550 0 0 -1.20431
20600 0 0 -1.24878
20650 0 0 -1.26424
20700 0 0 -1.29628
20750 0 0 -1.29894
20800 0 0 -1.34864
20850 0 0 -1.22969
20900 0 0 -1.21403
20950 0 0 -1.19303
21000 0 0 -1.23875
21050 0 0 -1.26581
21100 0 0 -1.23583
21150 0 0 -1.11235
21200 0 0 -1.19458
21250 0 0 -1.24152
21300 0 0 -1.22212
21350 0 0 -1.12922
21400 0 0 -1.16624
21450 0 0 -1.20587
21500 0 0 -1.14053
21550 0 0 -1.17289
21600 0 0 -1.23052
21650 0 0 -1.25683
21700 0 0 -1.22461
21750 0 0 -1.25543
21800 0 0 -1.17975
21850 0 0 -1.19136
21900 0 0 -1.3296
21950 0 0 -1.29895
22000 0 0 -1.20182
22050 0 0 -1.25966
22100 0 0 -1.27913
22150 0 0 -1.28046
22200 0 0 -1.20434
22250 0 0 -1.17842
22300 0 0 -1.25412
22350 0 0 -1.15928
22400 0 0 -1.19457
22450 0 0 -1.20833
22500 0 0 -1.24753
22550 0 0 -1.20266
22600 0 0 -1.28168
22650 0 0 -1.28261
22700 0 0 -1.29883
22750 0 0 -1.32318
22800 0 0 -1.3226
22850 0 0 -1.22736
22900 0 0 -1.27595
22950 0 0 -1.24419
23000 0 0 -1.22854
23050 0 0 -1.18438
23100 0 0 -1.17975
23150 0 0 -1.22699
23200 0 0 -1.2023
23250 0 0 -1.14743
23300 0 0 -1.21299
23350 0 0 -1.21493
23400 0 0 -1.20581
23450 0 0 -1.16555
23500 0 0 -1.20359
23550 0 0 -1.23948
23600 0 0 -1.06601
23650 0 0 -1.08811
23700 0 0 -1.17062
23750 0 0 -1.25765
23800 0 0 -1.18137
23850 0 0 -1.16458
23900 0 0 -1.15968
23950 0 0 -1.2127
24000 0 0 -1.21165
24050 0 0 -1.20613
24100 0 0 -1.22097
24150 0 0 -1.2242
24200 0 0 -1.20639
24250 0 0 -1.18843
24300 0 0 -1.23659
24350 0 0 -1.2951
24400 0 0 -1.23686
24450 0 0 -1.15339
24500 0 0 -1.20224
24550 0 0 -1.1968
24600 0 0 -1.25364
24650 0 0 -1.14881
24700 0 0 -1.12238
24750 0 0 -1.12483
24800 0 0 -1.17745
24850 0 0 -1.14868
24900 0 0 -1.15208
24950 0 0 -1.11423
25000 0 0 -1.13627
25050 0 0 -1.16548
25100 0 0 -1.12983
25150 0 0 -1.06664
25200 0 0 -1.07995
25250 0 0 -1.10903
25300 0 0 -1.03897
25350 0 0 -0.941969
25400 0 0 -1.01161
25450 0 0 -1.07856
25500 0 0 -0.971116
25550 0 0 -0.944148
25600 0 0 -1.04987
25650 0 0 -1.04207
25700 0 0 -1.00404
25750 0 0 -0.899145
25800 0 0 -0.905896
25850 0 0 -0.784116
25900 0 0 -0.816727
25950 0 0 -0.724315
26000 0 0 -0.54394
26050 0 0 -0.312054
26100 0 0 -0.140898
26150 0 0 -0.274527
26200 0 0 -0.0800661
26250 0 0 -0.0586511
26300 0 0 -0.0929427
26350 0 0 -0.0624401
26400 0 0 -0.0474428
26450 0 0 -0.0356779
26500 0 0 -0.0290687
26550 0 0 -0.0226903
26600 0 0 -0.0297411
26650 0 0 -0.0339556
26700 0 0 -0.0301968
26750 0 0 -0.0311318
26800 0 0 -0.0168292
26850 0 0 -0.019312
26900 0 0 -0.0211886
26950 0 0 -0.0190142
27000 0 0 -0.0269156
27050 0 0 -0.0263332
27100 0 0 -0.0262152
27150 0 0 -0.0352135
