200 -0.00937429 0 0.0138196
250 -0.0236805 0 0.0248937
300 -0.0139828 0 0.036239
350 -0.0244123 0 0.0298848
400 -0.00735304 0 0.0130042
450 -0.00662802 0 0.0237717
500 -0.108399 0 0.0898151
550 -0.0213975 0 0.0427123
600 -0.0404986 0 0.0864347
650 -0.0401381 0 0.0681853
700 -0.066241 0 0.0521019
750 -0.117087 0 -0.00813784
800 -0.197859 0 -0.0467086
850 0.043167 0 -0.182215
900 0.0853454 0 -0.440148
950 0.215378 0 -0.895258
1000 0.490456 0 -1.01351
1050 0.188477 0 -1.07593
1100 0.066939 0 -0.862171
1150 0.369189 0 -0.798641
1200 0.651689 0 -1.09654
1250 0.498497 0 -1.16796
1300 0.131705 0 -1.28964
1350 0.243359 0 -1.01784
1400 0.579656 0 -1.06968
1450 0.676071 0 -1.1663
1500 0.32732 0 -1.2064
1550 0.195853 0 -1.11591
1600 0.452288 0 -1.03044
1650 0.669837 0 -1.22288
1700 0.455202 0 -1.21182
1750 0.196972 0 -1.25381
1800 0.26095 0 -0.998019
1850 0.627831 0 -1.10575
1900 0.58724 0 -1.27188
1950 0.260825 0 -1.32512
2000 0.193945 0 -1.23536
2050 0.454669 0 -1.05873
2100 0.609525 0 -1.26908
2150 0.397727 0 -1.25518
2200 0.16041 0 -1.22294
2250 0.319633 0 -0.965343
2300 0.651349 0 -1.10749
2350 0.64283 0 -1.22053
2400 0.284164 0 -1.21425
2450 0.165691 0 -1.12204
2500 0.413231 0 -1.01363
2550 0.61663 0 -1.23486
2600 0.420461 0 -1.21934
2650 0.19047 0 -1.24719
2700 0.321382 0 -1.00743
2750 0.688139 0 -1.19154
2800 0.636331 0 -1.30992
2850 0.253004 0 -1.32401
2900 0.129088 0 -1.17299
2950 0.480191 0 -1.03192
3000 0.632854 0 -1.25475
3050 0.398207 0 -1.24245
3100 0.165383 0 -1.28107
3150 0.367221 0 -1.02986
3200 0.701569 0 -1.26292
3250 0.519831 0 -1.27564
3300 0.186095 0 -1.34344
3350 0.244617 0 -1.1034
3400 0.629274 0 -1.14405
3450 0.675888 0 -1.27165
3500 0.345163 0 -1.30299
3550 0.161912 0 -1.24565
3600 0.445948 0 -1.01321
3650 0.680156 0 -1.19047
3700 0.459606 0 -1.23045
3750 0.190473 0 -1.28783
3800 0.224809 0 -1.02464
3850 0.595966 0 -1.02093
3900 0.672407 0 -1.25584
3950 0.286483 0 -1.28416
4000 0.125911 0 -1.22125
4050 0.401683 0 -1.00521
4100 0.634374 0 -1.2753
4150 0.441607 0 -1.24005
4200 0.197701 0 -1.30077
4250 0.288923 0 -1.07023
4300 0.6341 0 -1.13356
4350 0.64296 0 -1.31097
4400 0.259763 0 -1.26052
4450 0.158712 0 -1.13331
4500 0.455449 0 -1.01402
4550 0.6717 0 -1.26122
4600 0.476485 0 -1.20399
4650 0.168313 0 -1.22414
4700 0.236487 0 -0.974206
4750 0.616847 0 -1.11677
4800 0.626925 0 -1.25806
4850 0.2431 0 -1.29769
4900 0.149139 0 -1.17919
4950 0.48402 0 -1.02827
5000 0.641552 0 -1.2604
5050 0.377209 0 -1.2897
5100 0.184909 0 -1.33557
5150 0.383613 0 -1.08266
5200 0.70508 0 -1.30157
5250 0.547146 0 -1.29808
5300 0.240342 0 -1.32899
5350 0.251542 0 -1.09517
5400 0.66814 0 -1.11925
5450 0.769785 0 -1.29535
5500 0.346633 0 -1.29657
5550 0.172786 0 -1.17779
5600 0.385154 0 -0.954974
5650 0.728799 0 -1.20322
5700 0.534849 0 -1.19936
5750 0.244947 0 -1.17384
5800 0.240863 0 -0.997403
5850 0.514428 0 -0.989034
5900 0.663193 0 -1.1759
5950 0.306177 0 -1.20945
6000 0.102778 0 -1.19777
6050 0.316919 0 -0.920534
6100 0.66729 0 -1.17744
6150 0.547167 0 -1.19858
6200 0.208962 0 -1.27474
6250 0.180253 0 -1.05593
6300 0.517488 0 -0.988774
6350 0.670988 0 -1.22312
6400 0.328707 0 -1.1999
6450 0.109901 0 -1.1885
6500 0.296255 0 -0.935109
6550 0.686429 0 -1.18142
6600 0.565855 0 -1.26835
6650 0.233035 0 -1.22839
6700 0.218466 0 -1.02006
6750 0.533298 0 -1.03101
6800 0.602263 0 -1.17538
6850 0.307715 0 -1.20534
6900 0.225694 0 -1.24635
6950 0.389352 0 -1.03843
7000 0.709254 0 -1.23732
7050 0.534718 0 -1.26458
7100 0.185218 0 -1.24657
7150 0.191368 0 -1.01648
7200 0.566261 0 -1.08102
7250 0.629106 0 -1.2464
7300 0.336932 0 -1.27419
7350 0.174219 0 -1.19495
7400 0.406135 0 -0.994806
7450 0.652451 0 -1.22054
7500 0.476075 0 -1.28077
7550 0.195139 0 -1.29821
7600 0.214997 0 -1.04326
7650 0.57082 0 -1.01945
7700 0.697001 0 -1.30504
7750 0.333454 0 -1.19796
7800 0.139936 0 -1.13234
7850 0.418602 0 -1.0056
7900 0.695502 0 -1.20884
7950 0.468753 0 -1.21105
8000 0.181795 0 -1.21965
8050 0.228135 0 -0.995111
8100 0.558757 0 -1.01828
8150 0.694064 0 -1.2444
8200 0.324695 0 -1.26414
8250 0.168383 0 -1.24978
8300 0.413792 0 -0.980863
8350 0.671552 0 -1.16892
8400 0.504463 0 -1.14445
8450 0.197568 0 -1.20979
8500 0.180673 0 -0.976592
8550 0.43615 0 -0.884109
8600 0.647834 0 -1.13946
8650 0.44916 0 -1.11076
8700 0.161994 0 -1.08487
8750 0.275467 0 -0.887537
8800 0.384793 0 -0.769813
8850 0.275232 0 -0.548757
8900 0.116429 0 -0.258871
8950 0.00493163 0 -0.0787133
9000 0.0219484 0 -0.0583425
9050 -0.0103684 0 -0.0430591
9100 -0.0814548 0 -0.170237
9150 0.168554 0 -0.443348
9200 0.238743 0 -0.965211
9250 0.69975 0 -0.95714
9300 0.40398 0 -1.00123
9350 0.205302 0 -1.03171
9400 0.254504 0 -0.829563
9450 0.605439 0 -1.01194
9500 0.649176 0 -1.0741
9550 0.357406 0 -1.06692
9600 0.246204 0 -1.01093
9650 0.390357 0 -0.930328
9700 0.585677 0 -1.10389
9750 0.450839 0 -1.09261
9800 0.238781 0 -1.21554
9850 0.320444 0 -0.963182
9900 0.593537 0 -1.06587
9950 0.569159 0 -1.22756
10000 0.253982 0 -1.30976
10050 0.263792 0 -1.16722
10100 0.637369 0 -1.16884
10150 0.716666 0 -1.32864
10200 0.313699 0 -1.34062
10250 0.186233 0 -1.25148
10300 0.398781 0 -1.02558
10350 0.539803 0 -1.16376
10400 0.406308 0 -1.18383
10450 0.21483 0 -1.2725
10500 0.225565 0 -1.03856
10550 0.503534 0 -0.999363
10600 0.584048 0 -1.16726
10650 0.314689 0 -1.21959
10700 0.121932 0 -1.20892
10750 0.386977 0 -0.9877
10800 0.653907 0 -1.21286
10850 0.463381 0 -1.16488
10900 0.193954 0 -1.23666
10950 0.233645 0 -1.00579
11000 0.58097 0 -1.06227
11050 0.579155 0 -1.2351
11100 0.267768 0 -1.22205
11150 0.127767 0 -1.09284
11200 0.396757 0 -0.946773
11250 0.692173 0 -1.24968
11300 0.437542 0 -1.27864
11350 0.0926378 0 -1.26157
11400 0.243919 0 -1.03061
11450 0.622376 0 -1.14621
11500 0.625752 0 -1.31295
11550 0.288367 0 -1.31303
11600 0.189624 0 -1.17091
11650 0.450161 0 -1.06419
11700 0.655639 0 -1.26253
11750 0.388805 0 -1.25408
11800 0.0948974 0 -1.20946
11850 0.326876 0 -0.942668
11900 0.7356 0 -1.26876
11950 0.480331 0 -1.20988
12000 0.203046 0 -1.22019
12050 0.189918 0 -1.00068
12100 0.485187 0 -1.02012
12150 0.62502 0 -1.30751
12200 0.240377 0 -1.32256
12250 0.115702 0 -1.2211
12300 0.37586 0 -1.00548
12350 0.6419 0 -1.24603
12400 0.423731 0 -1.18803
12450 0.153339 0 -1.23277
12500 0.239937 0 -1.01204
12550 0.579874 0 -1.12795
12600 0.587039 0 -1.27921
12650 0.281376 0 -1.23906
12700 0.233985 0 -1.14394
12750 0.477315 0 -1.03275
12800 0.664327 0 -1.24658
12850 0.381206 0 -1.32483
12900 0.0701608 0 -1.29329
12950 0.240998 0 -0.960206
13000 0.689596 0 -1.19162
13050 0.581565 0 -1.32258
13100 0.130973 0 -1.37035
13150 0.188982 0 -1.07824
13200 0.601353 0 -1.07669
13250 0.691333 0 -1.31042
13300 0.290972 0 -1.31664
13350 0.12338 0 -1.21754
13400 0.445824 0 -1.03604
13450 0.701319 0 -1.28452
13500 0.474307 0 -1.28723
13550 0.138558 0 -1.21962
13600 0.242078 0 -0.96369
13650 0.574667 0 -1.09332
13700 0.56101 0 -1.19909
13750 0.23488 0 -1.22142
13800 0.215816 0 -1.11269
13850 0.432859 0 -0.998033
13900 0.66717 0 -1.20419
13950 0.433562 0 -1.15972
14000 0.172368 0 -1.28246
14050 0.215452 0 -0.968058
14100 0.61006 0 -1.09354
14150 0.651364 0 -1.28416
14200 0.264017 0 -1.34933
14250 0.215411 0 -1.16639
14300 0.409549 0 -1.02941
14350 0.636723 0 -1.24851
14400 0.417314 0 -1.19095
14450 0.142947 0 -1.28816
14500 0.350296 0 -1.04872
14550 0.73874 0 -1.22073
14600 0.569363 0 -1.32807
14650 0.209099 0 -1.32127
14700 0.230303 0 -1.11021
14750 0.528226 0 -1.05404
14800 0.690548 0 -1.24754
14850 0.365291 0 -1.21075
14900 0.131476 0 -1.13786
14950 0.31806 0 -0.896185
15000 0.60383 0 -1.085
15050 0.569959 0 -1.14404
15100 0.206975 0 -1.14014
15150 0.155402 0 -1.06222
15200 0.460617 0 -0.926173
15250 0.732672 0 -1.30389
15300 0.399248 0 -1.34097
15350 0.0978039 0 -1.32004
15400 0.308169 0 -1.02154
15450 0.640655 0 -1.22277
15500 0.473846 0 -1.27243
15550 0.174005 0 -1.38308
15600 0.182873 0 -1.10181
15650 0.591544 0 -1.08686
15700 0.681289 0 -1.28979
15750 0.312184 0 -1.2912
15800 0.0959903 0 -1.13168
15850 0.306751 0 -0.905019
15900 0.667361 0 -1.24654
15950 0.447044 0 -1.26187
16000 0.0871753 0 -1.22712
16050 0.199954 0 -0.893335
16100 0.672427 0 -1.16805
16150 0.608 0 -1.36026
16200 0.165725 0 -1.34056
16250 0.174894 0 -1.11732
16300 0.525682 0 -1.03734
16350 0.681222 0 -1.25381
16400 0.336093 0 -1.20505
16450 0.0724261 0 -1.15448
16500 0.231293 0 -0.901069
16550 0.64478 0 -1.20414
16600 0.516592 0 -1.29856
16650 0.247717 0 -1.22079
16700 0.209629 0 -1.0944
16750 0.465013 0 -0.965129
16800 0.667224 0 -1.20543
16850 0.348346 0 -1.19813
16900 0.0733877 0 -1.22124
16950 0.235285 0 -0.959033
17000 0.673448 0 -1.14042
17050 0.62964 0 -1.29223
17100 0.225605 0 -1.29633
17150 0.121524 0 -1.14493
17200 0.471798 0 -0.9957
17250 0.673136 0 -1.28535
17300 0.367683 0 -1.30695
17350 0.132512 0 -1.2877
17400 0.330016 0 -1.03429
17450 0.690823 0 -1.24043
17500 0.536695 0 -1.38927
17550 0.158312 0 -1.42056
17600 0.171269 0 -1.15747
17650 0.565106 0 -1.08209
17700 0.70882 0 -1.3191
17750 0.30453 0 -1.35894
17800 0.126536 0 -1.29133
17850 0.430743 0 -1.02494
17900 0.712845 0 -1.27929
17950 0.430876 0 -1.33032
18000 0.122226 0 -1.34738
18050 0.232856 0 -1.04079
18100 0.589911 0 -1.08065
18150 0.601248 0 -1.27022
18200 0.288342 0 -1.27009
18250 0.109727 0 -1.17247
18300 0.332067 0 -0.951864
18350 0.632267 0 -1.23152
18400 0.45097 0 -1.1935
18450 0.133466 0 -1.16818
18500 0.149651 0 -0.938877
18550 0.446157 0 -0.92833
18600 0.553093 0 -1.18713
18650 0.236481 0 -1.14327
18700 -0.00528828 0 -1.08522
18750 0.178727 0 -0.79489
18800 0.494526 0 -1.07617
18850 0.422114 0 -1.12945
18900 0.162757 0 -1.23288
18950 0.0951032 0 -0.964545
19000 0.39411 0 -0.897458
19050 0.589877 0 -1.21882
19100 0.311331 0 -1.29367
19150 0.179784 0 -1.29021
19200 0.347013 0 -1.00763
19250 0.669944 0 -1.16932
19300 0.524978 0 -1.22216
19350 0.158367 0 -1.24764
19400 0.174617 0 -1.10178
19450 0.524402 0 -1.03671
19500 0.687482 0 -1.2961
19550 0.32859 0 -1.311
19600 0.108641 0 -1.23832
19650 0.415653 0 -1.04683
19700 0.79507 0 -1.29148
19750 0.501596 0 -1.38814
19800 0.141898 0 -1.423
19850 0.290145 0 -1.10343
19900 0.681192 0 -1.22944
19950 0.617407 0 -1.29632
20000 0.224952 0 -1.33027
20050 0.146692 0 -1.12564
20100 0.467996 0 -1.02131
20150 0.726636 0 -1.34225
20200 0.354277 0 -1.3258
20250 0.165737 0 -1.19294
20300 0.36676 0 -1.01777
20350 0.6421 0 -1.17346
20400 0.506453 0 -1.20129
20450 0.146323 0 -1.26349
20500 0.156114 0 -1.02119
20550 0.476885 0 -0.988538
20600 0.541481 0 -1.18715
20650 0.271199 0 -1.21095
20700 0.101634 0 -1.12911
20750 0.28127 0 -0.900724
20800 0.495059 0 -1.13742
20850 0.353072 0 -1.1767
20900 0.141306 0 -1.23341
20950 0.121244 0 -0.965899
21000 0.430548 0 -0.949753
21050 0.598903 0 -1.18929
21100 0.280603 0 -1.2596
21150 0.136651 0 -1.16095
21200 0.379841 0 -0.968186
21250 0.629009 0 -1.2392
21300 0.456914 0 -1.3095
21350 0.129069 0 -1.31732
21400 0.246362 0 -1.03712
21450 0.665825 0 -1.16185
21500 0.667897 0 -1.2842
21550 0.256172 0 -1.31227
21600 0.149241 0 -1.18554
21650 0.492362 0 -1.0449
21700 0.710097 0 -1.29212
21750 0.361758 0 -1.31214
21800 0.12819 0 -1.33964
21850 0.368758 0 -1.04887
21900 0.701642 0 -1.24295
21950 0.526329 0 -1.26258
22000 0.150235 0 -1.29331
22050 0.251216 0 -1.0484
22100 0.633528 0 -1.12854
22150 0.637899 0 -1.32465
22200 0.261888 0 -1.32874
22250 0.215241 0 -1.17041
22300 0.534873 0 -1.11884
22350 0.719494 0 -1.31101
22400 0.377775 0 -1.30191
22450 0.0966388 0 -1.22755
22500 0.305004 0 -0.916077
22550 0.68513 0 -1.17795
22600 0.505175 0 -1.18011
22650 0.208712 0 -1.21716
22700 0.222783 0 -1.10309
22750 0.474012 0 -1.04662
22800 0.675157 0 -1.27125
22850 0.362158 0 -1.24354
22900 0.107569 0 -1.19193
22950 0.366469 0 -0.99929
23000 0.687562 0 -1.20191
23050 0.496778 0 -1.28011
23100 0.144765 0 -1.33405
23150 0.184964 0 -1.08157
23200 0.567376 0 -1.08957
23250 0.628444 0 -1.28953
23300 0.300799 0 -1.25507
23350 0.170329 0 -1.22692
23400 0.352762 0 -1.01293
23450 0.625322 0 -1.1767
23500 0.497361 0 -1.24567
23550 0.133574 0 -1.31707
23600 0.1397 0 -0.996204
23650 0.580758 0 -1.03881
23700 0.694779 0 -1.23102
23750 0.316998 0 -1.17509
23800 0.101757 0 -1.20907
23850 0.335177 0 -0.963512
23900 0.654621 0 -1.17139
23950 0.502099 0 -1.21182
24000 0.128543 0 -1.226
24050 0.175609 0 -0.995597
24100 0.568392 0 -1.00533
24150 0.662901 0 -1.22522
24200 0.302451 0 -1.19202
24250 0.100585 0 -1.14283
24300 0.357362 0 -0.963832
24350 0.575284 0 -1.14782
24400 0.376234 0 -1.10719
24450 0.0877719 0 -1.10041
24500 0.111062 0 -0.82208
24550 0.32692 0 -0.707562
24600 0.356049 0 -0.610223
24650 0.245361 0 -0.455528
24700 0.150491 0 -0.767362
24750 0.193668 0 -0.510168
24800 0.171618 0 -0.371873
24850 0.0938562 0 -0.0696738
24900 0.0835086 0 -0.0350224
24950 0.0666747 0 -0.0590303
25000 0.0871425 0 -0.0504402
25050 0.0450842 0 -0.0358119
25100 0.0258571 0 -0.018515
25150 0.0204256 0 -0.0255104
25200 -0.0109743 0 0.00549603
25250 0.00021224 0 0.0436537
25300 -0.0117267 0 0.0370824
25350 -0.0162271 0 0.029651
25400 -0.0113949 0 0.0182977
25450 -0.0183709 0 0.0338818
25500 0.00143369 0 0.022203
25550 -0.0046863 0 0.000982779
