# Created at Tue Mar 06 17:30:32 CST 2018
2077536152695241 1
2077536804428640 2
2077537219223562 3
2077537910446706 4
2077538404221120 5
2077539036270681 6
2077539431290212 7
2077540142319265 8
2077540675552907 9
2077541307541433 10
2077541722305837 11
2077542472845198 12
2077542907323958 13
2077543638128402 14
2077544151617171 15
2077544704687239 16
2077545257696273 17
2077545731664779 18
2077546245214583 19
2077546738988997 20
2077547272253157 21
2077547766027572 22
2077548161047103 23
2077548832555892 24
2077549227544905 25
2077549938573958 26
2077550333593489 27
2077551123632552 28
2077551538396956 29
2077552229695009 30
2077552703694032 31
2077553394978212 32
2077553789997743 33
2077554422016786 34
2077554797291445 35
2077555468861269 36
2077555863819765 37
2077556495899843 38
2077557048908876 39
2077557522938417 40
2077558056172060 41
2077558549946474 42
2077559063465761 43
2077559557240175 44
2077560110279726 45
2077560604054140 46
2077560979359316 47
2077561591633486 48
2077561966847109 49
2077562638372857 50
2077563033422906 51
2077563724707086 52
2077564119726617 53
2077564830755670 54
2077565245489556 55
2077565976324517 56
2077566351568658 57
2077567082342584 58
2077567457617242 59
2077568188421685 60
2077568603186090 61
2077569294439752 62
2077569729010064 63
2077570440008599 64
2077570815313775 65
2077571565832574 66
2077572020111003 67
2077572731170573 68
2077573145934978 69
2077573876678386 70
2077574311248698 71
2077575061767497 72
2077575555541911 73
2077576325836101 74
2077576780120769 75
2077577609710612 76
2077578044158855 77
2077578794708171 78
2077579308288493 79
2077583061011455 80
2077584088111064 81
2077584601630352 82
2077585095374248 83
2077585608924053 84
2077586063208721 85
2077586576758525 86
2077587110022686 87
2077587663062236 88
2077588156836650 89
2077588591376445 90
2077589223395488 91
2077589657965801 92
2077590270209453 93
2077590665290020 94
2077591356574199 95
2077591771338604 96
2077592442815531 97
2077592798375833 98
2077593509435404 99
2077594082189310 100
2077594595739115 101
2077594990819681 102
2077595682103861 103
2077596077123392 104
2077596768377054 105
2077597183141458 106
2077597894201029 107
2077598289251077 108
2077598960790384 109
2077599434819925 110
2077600066869486 111
2077600560643900 112
2077601212468851 113
2077601785222757 114
2077602318560347 115
2077602930865035 116
2077603424639449 117
2077604056658492 118
2077604570238814 119
2077605024492965 120
2077605854052291 121
2077606288653121 122
2077606821856246 123
2077607927935347 124
2077611107928023 125
2077611661028609 126
2077612135033674 127
2077612688073224 128
2077613201592512 129
2077613557152814 130
2077614248436994 131
2077614663231916 132
2077615334771222 133
2077615729790754 134
2077616480340070 135
2077616914910383 136
2077617803704328 137
2077618376519269 138
2077620647973127 139
2077621161492414 140
2077621714593000 141
2077622208358342 142
2077622800887639 143
2077623156386906 144
2077623887221867 145
2077624420486027 146
2077624993331486 147
2077625585830266 148
2077626099380070 149
2077626494430119 150
2077627205459172 151
2077627699264104 152
2077628272079045 153
2077630405227238 154
2077631116347844 155
2077631570571477 156
2077632242196886 157
2077632814981310 158
2077633348245470 159
2077633723520128 160
2077634414865343 161
2077634967904894 162
2077635461740343 163
2077636034463732 164
2077636528299181 165
2077637081308214 166
2077637575143663 167
2077638187417833 168
2077638700967638 169
2077639174997179 170
2077639767556993 171
2077640300882189 172
2077640834176866 173
2077641406961290 174
2077641900797739 175
2077642434061899 176
2077642927836313 177
2077643461100473 178
2077643994456186 179
2077644547495737 180
2077645021525278 181
2077645554850473 182
2077646028880014 183
2077646562174692 184
2077647055979623 185
2077647628764047 186
2077648102793588 187
2077648655863656 188
2077649149668588 189
2077649722453012 190
2077650196513071 191
2077650769358530 192
2077651243357553 193
2077651638407602 194
2077652290225748 195
2077652705020670 196
2077653376621012 197
2077653988895182 198
2077654482700114 199
2077654976474528 200
2077655588779215 201
2077656023349528 202
2077656694919352 203
2077657188693766 204
2077657840518717 205
2077658275089030 206
2077658986118082 207
2077659400913004 208
2077660131717448 209
2077660566287760 210
2077661316867594 211
2077661711917643 212
2077662462458131 213
2077662896967408 214
2077663667322633 215
2077664121607301 216
2077664793177125 217
2077665267176148 218
2077665899286744 219
2077666511591432 220
2077667005396363 221
2077667459681031 222
2077668150965211 223
2077668565821168 224
2077669336084840 225
2077669869440553 226
2077670600214479 227
2077671054529664 228
2077671765648964 229
2077672219994667 230
2077672950768593 231
2077673444573525 232
2077674195122841 233
2077674649438026 234
2077675399987343 235
2077675834527138 236
2077676624657753 237
2077677039422157 238
2077677770287636 239
2077678244378212 240
2077679093621376 241
2077679528161171 242
2077680199761513 243
2077680575036171 244
2077681246605995 245
2077681621911171 246
2077682293431574 247
2077682866277033 248
2077683340367609 249
2077683755101496 250
2077684446416193 251
2077684881017023 252
2077685355016046 253
2077689932591730 254
2077691078252130 255
2077698228512785 256
2077698682797453 257
2077699374112150 258
2077699788937590 259
2077702040723222 260
2077703146802324 261
2077703601148027 262
2077704331952470 263
2077704944287675 264
2077705438092607 265
2077705892407793 266
2077706583691972 267
2077707038037675 268
2077707768903154 269
2077708282391923 270
2077710415662187 271
2077711304547685 272
2077711995841874 273
2077712983421220 274
2077720459739579 275
2077720953544511 276
2077721526328935 277
2077722020139983 278
2077722375700285 279
2077722849790861 280
2077725476805022 281
2077726187895110 282
2077726681730559 283
2077727432340910 284
2077727847166350 285
2077728597715666 286
