200 -0.0155745 0 -0.0157392
250 -0.00833646 0 -0.005879
300 0.00822974 0 -0.00123951
350 -0.00183995 0 0.00831201
400 0.00285122 0 -0.00937748
450 0.00312996 0 -0.0172989
500 -0.0113941 0 -0.0123325
550 -0.00560517 0 -0.0145792
600 -0.0581936 0 -0.142173
650 -0.112091 0 -0.0757531
700 -0.611383 0 0.118592
750 -0.88242 0 0.232186
800 -0.914421 0 0.289514
850 -1.11912 0 0.178201
900 -0.910517 0 0.0447663
950 -1.02737 0 0.0802033
1000 -1.11996 0 0.111005
1050 -1.00752 0 0.248439
1100 -1.02949 0 0.0713072
1150 -0.985358 0 0.0711467
1200 -1.11243 0 0.152602
1250 -1.02778 0 0.189737
1300 -1.06381 0 0.0616129
1350 -0.972166 0 0.0913104
1400 -1.03432 0 0.169398
1450 -0.990442 0 0.167274
1500 -1.06881 0 0.102981
1550 -0.968771 0 0.0300603
1600 -1.01712 0 0.126006
1650 -1.01832 0 0.246804
1700 -1.05522 0 0.113617
1750 -1.0376 0 0.0381858
1800 -1.1205 0 0.0843674
1850 -1.0175 0 0.253847
1900 -1.11354 0 0.253514
1950 -1.12263 0 0.0581614
2000 -0.997969 0 0.108221
2050 -1.04541 0 0.275051
2100 -1.05977 0 0.290892
2150 -1.16945 0 0.110071
2200 -0.997046 0 0.201383
2250 -1.10149 0 0.217116
2300 -1.06596 0 0.259605
2350 -1.08502 0 0.0742007
2400 -1.03854 0 0.108
2450 -1.11631 0 0.202227
2500 -1.08399 0 0.271803
2550 -1.12929 0 0.135248
2600 -1.01274 0 0.00338626
2650 -1.00305 0 0.191688
2700 -1.09323 0 0.210439
2750 -0.966188 0 0.251257
2800 -1.02661 0 0.129717
2850 -1.03189 0 0.196462
2900 -1.05605 0 0.263471
2950 -0.985244 0 0.272106
3000 -1.05413 0 0.110316
3050 -0.900392 0 0.131486
3100 -1.02314 0 0.117683
3150 -0.950566 0 0.282445
3200 -1.04469 0 0.135729
3250 -0.890434 0 0.0914434
3300 -0.961997 0 0.16926
3350 -0.98024 0 0.27572
3400 -1.0143 0 0.175326
3450 -0.95887 0 0.0719671
3500 -1.02019 0 0.100758
3550 -0.904085 0 0.252495
3600 -0.872424 0 0.280179
3650 -1.00527 0 0.0841719
3700 -0.88804 0 0.234538
3750 -0.989049 0 0.342041
3800 -1.02791 0 0.340759
3850 -1.04351 0 0.100452
3900 -0.917223 0 0.1305
3950 -1.04171 0 0.164733
4000 -0.957499 0 0.254934
4050 -1.03814 0 0.132969
4100 -0.937764 0 0.0539349
4150 -1.04502 0 0.14643
4200 -1.01203 0 0.357958
4250 -0.962911 0 0.318611
4300 -1.02034 0 0.0915067
4350 -0.935476 0 0.0850506
4400 -0.959096 0 0.204198
4450 -0.928641 0 0.265989
4500 -1.03842 0 0.129749
4550 -1.00323 0 0.176846
4600 -1.11042 0 0.262733
4650 -1.03955 0 0.367534
4700 -1.03032 0 0.164919
4750 -1.00432 0 0.16636
4800 -1.08072 0 0.236665
4850 -1.04089 0 0.377568
4900 -0.880528 0 0.337459
4950 -1.02411 0 0.186896
5000 -1.0499 0 0.177784
5050 -0.889361 0 0.28604
5100 -0.972348 0 0.268335
5150 -1.0918 0 0.0340588
5200 -0.916771 0 0.126335
5250 -1.06112 0 0.16042
5300 -0.989697 0 0.216575
5350 -1.03991 0 0.068335
5400 -0.916831 0 0.0946721
5450 -0.990354 0 0.14733
5500 -1.02693 0 0.19645
5550 -1.08889 0 0.208554
5600 -1.04116 0 0.166254
5650 -1.0788 0 0.182313
5700 -0.908811 0 0.341428
5750 -0.973819 0 0.234397
5800 -1.03443 0 0.0413353
5850 -0.910195 0 0.088871
5900 -1.02143 0 0.159502
5950 -0.913282 0 0.218748
6000 -0.980175 0 0.0442922
6050 -0.843346 0 0.00991515
6100 -0.966005 0 0.155847
6150 -0.92367 0 0.278017
6200 -1.08993 0 0.169863
6250 -0.946193 0 0.03213
6300 -1.03025 0 0.126337
6350 -0.932742 0 0.323104
6400 -0.865529 0 0.262873
6450 -1.05097 0 0.0278556
6500 -0.936037 0 0.0819472
6550 -1.08064 0 0.161594
6600 -0.934444 0 0.219312
6650 -1.04479 0 0.0852306
6700 -0.939223 0 -0.0171696
6750 -1.00404 0 0.19124
6800 -1.05482 0 0.242058
6850 -0.987999 0 0.244242
6900 -1.1042 0 0.115235
6950 -0.985407 0 0.104845
7000 -0.895557 0 0.190298
7050 -0.861548 0 0.238084
7100 -0.521167 0 -1.28126
7150 -0.715183 0 -0.00241919
7200 -0.858018 0 0.100312
7250 -0.72017 0 0.156337
7300 -0.821293 0 0.190293
7350 -0.884623 0 0.0427772
7400 -0.914922 0 0.059441
7450 -0.792027 0 0.131691
7500 -0.840863 0 0.16861
7550 -1.01245 0 -0.0214223
7600 -0.841105 0 0.0700517
7650 -0.977343 0 0.083309
7700 -0.863036 0 0.234176
7750 -0.326413 0 -1.16448
7800 -0.872563 0 0.0266384
7850 -0.88339 0 0.145311
7900 -0.902431 0 0.235902
7950 -0.936722 0 0.221731
8000 -0.995253 0 0.112822
8050 -1.00435 0 0.132035
8100 -0.883908 0 0.253612
8150 -0.951871 0 0.232721
8200 -1.06662 0 -0.00490512
8250 -0.881818 0 0.0665326
8300 -1.01277 0 0.160455
8350 -0.968942 0 0.305675
8400 -1.04495 0 0.135985
8450 -0.9786 0 0.0914587
8500 -1.01973 0 0.177241
8550 -1.01247 0 0.327565
8600 -1.02002 0 0.27982
8650 -1.10291 0 0.163621
8700 -1.02928 0 0.1733
8750 -0.881413 0 0.196742
8800 -0.929621 0 0.208022
8850 -1.04523 0 0.00157966
8900 -0.857761 0 0.0191505
8950 -1.05804 0 0.0682284
9000 -0.900385 0 0.16916
9050 -0.951567 0 0.13075
9100 -0.99956 0 0.0664935
9150 -0.977334 0 0.0753785
9200 -0.97126 0 0.261851
9250 -0.983014 0 0.291268
9300 -1.10158 0 0.0233118
9350 -0.932125 0 0.0858873
9400 -1.05345 0 0.136234
9450 -0.959394 0 0.251641
9500 -0.384905 0 -1.15135
9550 -0.954303 0 0.032382
9600 -1.04078 0 0.13631
9650 -0.969399 0 0.249104
9700 -1.05191 0 0.144006
9750 -0.913748 0 0.049212
9800 -1.00834 0 0.101702
9850 -0.987745 0 0.180376
9900 -0.967674 0 0.208932
9950 -1.07208 0 -0.0226451
10000 -0.922394 0 0.0042055
10050 -1.06048 0 0.198684
10100 -1.05237 0 0.164615
10150 -1.09447 0 0.0245054
10200 -0.910627 0 0.11872
10250 -0.998773 0 0.187312
10300 -0.947402 0 0.31386
10350 -1.05292 0 0.133564
10400 -0.965675 0 0.0212454
10450 -1.04097 0 0.168947
10500 -1.04932 0 0.202824
10550 -1.08041 0 0.165947
10600 -1.07306 0 0.0498899
10650 -1.11417 0 0.111629
10700 -1.04616 0 0.255556
10750 -1.10236 0 0.193137
10800 -1.09135 0 -0.0187198
10850 -0.943665 0 0.0816244
10900 -0.97136 0 0.19642
10950 -0.959839 0 0.292737
11000 -1.04313 0 0.0723326
11050 -0.911646 0 0.124645
11100 -1.034 0 0.239137
11150 -0.980049 0 0.356744
11200 -1.01736 0 0.21314
11250 -0.92335 0 0.15381
11300 -1.00521 0 0.237835
11350 -1.04182 0 0.325931
11400 -1.10127 0 0.113898
11450 -0.90513 0 0.0156984
11500 -1.03098 0 0.215672
11550 -1.02955 0 0.307807
11600 -1.0683 0 0.194751
11650 -0.968832 0 0.114214
11700 -1.06028 0 0.192696
11750 -0.914757 0 0.402027
11800 -0.946359 0 0.352077
11850 -1.0211 0 0.0582532
11900 -0.981161 0 0.0980187
11950 -1.04269 0 0.326138
12000 -1.05555 0 0.336777
12050 -1.09354 0 0.0733158
12100 -0.927195 0 0.174354
12150 -1.06525 0 0.277524
12200 -1.04009 0 0.294878
12250 -1.08621 0 0.0926033
12300 -0.970114 0 0.0783793
12350 -1.00864 0 0.202554
12400 -0.96323 0 0.327118
12450 -1.0788 0 0.202334
12500 -0.913898 0 0.0688848
12550 -1.03085 0 0.19807
12600 -1.10942 0 0.364927
12650 -1.00176 0 0.338819
12700 -1.14539 0 0.162144
12750 -0.982962 0 0.16165
12800 -0.965827 0 0.275851
12850 -0.923468 0 0.263018
12900 -0.984539 0 0.140073
12950 -0.939378 0 0.148512
13000 -0.920794 0 0.262181
13050 -0.889675 0 0.315402
13100 -0.83341 0 0.172626
13150 0.066326 0 -0.369677
13200 -0.701864 0 0.0871016
13250 -0.537695 0 0.160775
13300 0.0500377 0 0.0137826
13350 -0.0179241 0 -0.0499815
13400 -0.00617898 0 -0.240519
13450 -0.0488304 0 -0.183103
13500 -0.0131532 0 -0.10576
13550 -0.0176187 0 -0.104413
13600 -0.0207101 0 -0.0636549
13650 -0.000649508 0 -0.0469785
13700 -0.00741588 0 -0.0152568
13750 -0.00653417 0 -0.0194855
13800 0.00641688 0 -0.0141072
13850 0.00819091 0 0.00932972
13900 0.000857702 0 0.0017902
