# Created at Wed Mar 07 17:55:32 CST 2018
2165434540383279 1
2165434895913064 2
2165435389748513 3
2165435883583962 4
2165436397072732 5
2165436890908181 6
2165437404494971 7
2165437878555030 8
2165438490890235 9
2165439004409522 10
2165439379684180 11
2165439834029883 12
2165440387099952 13
2165440841415137 14
2165441374740333 15
2165441848739356 16
2165442362350196 17
2165442836410254 18
2165443369735450 19
2165443863540381 20
2165444475814551 21
2165444831405372 22
2165445404250831 23
2165445858504981 24
2165446391860694 25
2165446885635108 26
2165447399241035 27
2165447853525703 28
2165448465830390 29
2165449018930976 30
2165449492960517 31
2165449828775947 32
2165450362070625 33
2165450895456855 34
2165451270700996 35
2165451823771064 36
2165452396555488 37
2165452791666572 38
2165453285440986 39
2165453779337470 40
2165454273111884 41
2165454845957343 42
2165455241007392 43
2165455655771797 44
2165456149668281 45
2165456544657295 46
2165457117502754 47
2165457729807757 48
2165458065592669 49
2165458697703265 50
2165459211253070 51
2165459547068499 52
2165460100169085 53
2165460574198626 54
2165461107493304 55
2165461581614398 56
2165462095194720 57
2165462569254779 58
2165463102518939 59
2165463596384905 60
2165464109934710 61
2165464603739642 62
2165465156809710 63
2165465630930804 64
2165466164255999 65
2165466618571185 66
2165467132090472 67
2165467606222967 68
2165468139548162 69
2165468593802312 70
2165469107413152 71
2165469581534246 72
2165470075308660 73
2165470588888982 74
2165471082693914 75
2165471556753972 76
2165472050558904 77
2165472504874090 78
2165473018454412 79
2165473472800115 80
2165474045615056 81
2165474480154851 82
2165475013480047 83
2165475487601140 84
2165475981375555 85
2165476435721258 86
2165476988821844 87
2165477462825829 88
2165477956630760 89
2165478430751854 90
2165478964046532 91
2165479418361717 92
2165479971462303 93
2165480425808006 94
2165481057888084 95
2165481433162743 96
2165481986232811 97
2165482460353905 98
2165482973903709 99
2165483428249413 100
2165483941799217 101
2165484415859276 102
2165484949245506 103
2165485601039940 104
2165485976375633 105
2165486430690819 106
2165487141750389 107
2165487497360804 108
2165488050430873 109
2165488544235804 110
2165489136856654 111
2165489472672084 112
2165490164017299 113
2165490499771693 114
2165491033127406 115
2165491546738246 116
2165492040543178 117
2165492593643763 118
2165493087448695 119
2165493620804408 120
2165494786209681 121
2165495398575404 122
2165495951645472 123
2165496445511439 124
2165497038040736 125
2165497512100287 126
2165497966445990 127
2165498480026312 128
2165498954116888 129
2165499428207464 130
2165499921981878 131
2165500376327582 132
2165500791122503 133
2165501363967962 134
2165501877548285 135
2165502331893988 136
2165502746688910 137
2165503280014105 138
2165503675064154 139
2165504208450384 140
2165504682479925 141
2165505196060248 142
2165505591140814 143
2165506104751654 144
2165506480087347 145
2165507072616644 146
2165507487401630 147
2165508020787860 148
2165508475072528 149
2165508968907978 150
2165509442968036 151
2165509917089130 152
2165510371404316 153
2165510963964130 154
2165511457830097 155
2165511971410419 156
2165512623265888 157
2165513038091327 158
2165513531896259 159
2165514104741718 160
2165514578832294 161
2165515131932880 162
2165515645482685 163
2165516376348163 164
2165516731969501 165
2165517443046461 166
2165517778831374 167
2165518845542799 168
2165519556602370 169
2165519912162672 170
2165520623283278 171
2165520959159743 172
2165521531944166 173
2165522025779616 174
2165522736900221 175
2165523151695143 176
2165523724571120 177
2165524178886305 178
2165524731956374 179
2165525225822340 180
2165525778922926 181
2165526312217604 182
2165526845634352 183
2165528465344507 184
2165529136944849 185
2165529472790796 186
2165530499951441 187
2165531546856958 188
2165533146893579 189
2165533640698511 190
2165534371533472 191
2165534687604028 192
2165535378979761 193
2165535951855737 194
2165536406170923 195
2165536939557153 196
2165537453110424 197
2165537927170483 198
2165538460526196 199
2165539151901928 200
2165539507462231 201
2165541305008618 202
2165541818558422 203
2165542351914135 204
2165542727219311 205
2165543221085278 206
2165543872940746 207
2165544248245922 208
2165544742050854 209
2165545216202465 210
2165545749497143 211
2165546243363110 212
2165546717423168 213
2165547211211602 214
2165547764342705 215
2165548218657891 216
2165548771727959 217
2165549226073663 218
2165549719878594 219
2165550193969170 220
2165550727355401 221
2165551221160332 222
2165551774260918 223
2165552228576104 224
2165552801421563 225
2165553275542657 226
2165553729827325 227
