200 -0.492591 0 0.870261
250 -0.415749 0 0.909479
300 -0.280565 0 0.959835
350 -0.659018 0 0.752127
400 -0.739418 0 0.673247
450 -0.717034 0 0.697039
500 -0.550203 0 0.835031
550 -0.386325 0 0.922363
600 -0.391038 0 0.920375
650 -0.347037 0 0.937851
700 0.895083 0 -0.4459
750 0.479045 0 -0.87779
800 0.0544366 0 -0.998517
850 -0.199021 0 -0.979995
900 -0.190414 0 -0.981704
950 -0.0559883 0 -0.998431
1000 0.049447 0 -0.998777
1050 -0.0127415 0 -0.999919
1100 -0.164656 0 -0.986351
1150 -0.183905 0 -0.982944
1200 -0.0473955 0 -0.998876
1250 -0.092457 0 -0.995717
1300 -0.188619 0 -0.98205
1350 -0.0543189 0 -0.998524
1400 0.584523 0 -0.811377
1450 0.999858 0 -0.0168389
1500 -0.080568 0 0.996749
1550 -0.0599342 0 0.998202
1600 0.203637 0 0.979046
1650 0.00150253 0 0.999999
1700 -0.0566819 0 0.998392
1750 0.144239 0 0.989543
1800 0.279995 0 0.960002
1850 0.169118 0 0.985596
1900 0.0990676 0 0.995081
1950 0.162919 0 0.986639
2000 0.268389 0 0.963311
2050 0.150054 0 0.988678
2100 -0.00923465 0 0.999957
2150 0.139612 0 0.990206
2200 0.274962 0 0.961455
2250 0.184282 0 0.982873
2300 0.0375508 0 0.999295
2350 0.103693 0 0.994609
2400 0.170155 0 0.985417
2450 0.199386 0 0.979921
2500 -0.00226214 0 0.999997
2550 0.0426599 0 0.99909
2600 0.0906461 0 0.995883
2650 0.0538048 0 0.998551
2700 -0.0332752 0 0.999446
2750 0.317576 0 0.948233
2800 0.902922 0 0.429804
2850 0.998576 0 -0.0533533
2900 0.718954 0 -0.695058
2950 0.0534976 0 -0.998568
3000 -0.231806 0 -0.972762
3050 -0.131704 0 -0.991289
3100 -0.0458903 0 -0.998946
3150 -0.159246 0 -0.987239
3200 -0.120063 0 -0.992766
3250 -0.0613024 0 -0.998119
3300 0.0062484 0 -0.99998
3350 -0.13042 0 -0.991459
3400 -0.248567 0 -0.968615
3450 -0.0945532 0 -0.99552
3500 -0.163993 0 -0.986461
3550 -0.133217 0 -0.991087
3600 -0.185443 0 -0.982655
3650 -0.0545044 0 -0.998514
3700 0.0547632 0 -0.998499
3750 -0.0158007 0 -0.999875
3800 -0.13022 0 -0.991485
3850 -0.0548615 0 -0.998494
3900 0.0160288 0 -0.999872
3950 -0.050264 0 -0.998736
4000 -0.136086 0 -0.990697
4050 -0.0230462 0 -0.999734
4100 0.0604002 0 -0.998174
4150 -0.014027 0 -0.999902
4200 -0.0776223 0 -0.996983
4250 -0.0892803 0 -0.996007
4300 -0.112748 0 -0.993624
4350 -0.288705 0 -0.957418
4400 -0.369691 0 -0.929155
4450 0.300373 0 -0.953822
4500 0.46536 0 0.885122
4550 0.048102 0 0.998842
4600 0.0266278 0 0.999645
4650 0.0714609 0 0.997443
4700 0.158572 0 0.987347
4750 -0.035154 0 0.999382
4800 -0.019099 0 0.999818
4850 0.275788 0 0.961218
4900 0.333883 0 0.942614
4950 0.108641 0 0.994081
5000 -0.0665605 0 0.997782
5050 0.187163 0 0.982329
5100 0.284224 0 0.958758
5150 0.189397 0 0.981901
5200 0.00513575 0 0.999987
5250 0.113977 0 0.993483
5300 0.179484 0 0.983761
5350 0.09689 0 0.995295
5400 -0.0813174 0 0.996688
5450 0.0415862 0 0.999135
5500 0.100335 0 0.994954
5550 0.135225 0 0.990815
5600 0.0258135 0 0.999667
5650 0.141257 0 0.989973
5700 0.246654 0 0.969104
5750 0.164884 0 0.986313
5800 -0.00245823 0 0.999997
5850 0.0580615 0 0.998313
5900 0.195214 0 0.980761
5950 0.159639 0 0.987175
6000 0.0131855 0 0.999913
6050 0.0450229 0 0.998986
6100 0.0515486 0 0.99867
6150 -0.104656 0 0.994509
6200 -0.912995 0 0.407971
6250 -0.996047 0 -0.0888286
6300 -0.852943 0 -0.522004
6350 -0.347646 0 -0.937626
6400 -0.0186567 0 -0.999826
6450 -0.0296926 0 -0.999559
6500 -0.11624 0 -0.993221
6550 -0.0320173 0 -0.999487
6600 0.114403 0 -0.993434
6650 -0.021809 0 -0.999762
6700 -0.10267 0 -0.994715
6750 -0.0203271 0 -0.999793
6800 0.0200737 0 -0.999799
6850 -0.0283646 0 -0.999598
6900 -0.173388 0 -0.984854
6950 -0.0988535 0 -0.995102
7000 0.0258884 0 -0.999665
7050 -0.0248322 0 -0.999692
7100 -0.131674 0 -0.991293
7150 -0.0879103 0 -0.996128
7200 0.00934575 0 -0.999956
7250 -0.0464503 0 -0.998921
7300 -0.159534 0 -0.987192
7350 -0.0816206 0 -0.996663
7400 -0.00777926 0 -0.99997
7450 -0.0247994 0 -0.999692
7500 -0.114479 0 -0.993426
7550 -0.137113 0 -0.990555
7600 -0.0119269 0 -0.999929
7650 -0.00584384 0 -0.999983
7700 -0.109739 0 -0.99396
7750 -0.172536 0 -0.985003
7800 -0.0953924 0 -0.99544
7850 -0.0165233 0 -0.999863
7900 -0.108281 0 -0.99412
7950 -0.174296 0 -0.984693
8000 -0.089492 0 -0.995988
8050 -0.0798811 0 -0.996804
8100 -0.165242 0 -0.986253
8150 -0.253977 0 -0.96721
8200 -0.132002 0 -0.991249
8250 -0.0399079 0 -0.999203
8300 -0.0547094 0 -0.998502
8350 -0.137244 0 -0.990537
8400 -0.0433564 0 -0.99906
8450 0.0652949 0 -0.997866
8500 0.035332 0 -0.999376
8550 -0.104125 0 -0.994564
8600 -0.0911729 0 -0.995835
8650 -0.0172471 0 -0.999851
8700 0.0198486 0 -0.999803
8750 -0.123215 0 -0.99238
8800 -0.0267952 0 -0.999641
8850 0.828467 0 -0.560037
8900 0.596712 0 0.802456
8950 -0.0473559 0 0.998878
9000 -0.0599299 0 0.998203
9050 0.15408 0 0.988058
9100 0.043122 0 0.99907
9150 0.0295679 0 0.999563
9200 0.159616 0 0.987179
9250 0.219175 0 0.975686
9300 0.125623 0 0.992078
9350 -0.0370223 0 0.999314
9400 0.056765 0 0.998388
9450 0.205238 0 0.978712
9500 0.189519 0 0.981877
9550 0.0239406 0 0.999713
9600 0.0545463 0 0.998511
9650 0.16285 0 0.986651
9700 0.13807 0 0.990423
9750 -0.00871436 0 0.999962
9800 0.131128 0 0.991365
9850 0.202494 0 0.979283
9900 0.0727278 0 0.997352
9950 0.0519231 0 0.998651
10000 0.222973 0 0.974825
10050 0.818571 0 0.574405
10100 0.999999 0 0.00120029
10150 0.767857 0 -0.640622
10200 0.258089 0 -0.966121
10250 0.0131343 0 -0.999914
10300 -0.0628696 0 -0.998022
10350 -0.0156626 0 -0.999877
10400 -0.157997 0 -0.98744
10450 -0.153778 0 -0.988105
10500 -0.0303516 0 -0.999539
10550 -0.00452519 0 -0.99999
10600 -0.16249 0 -0.98671
10650 -0.209259 0 -0.97786
10700 -0.112197 0 -0.993686
10750 -0.105962 0 -0.99437
10800 -0.142578 0 -0.989784
10850 -0.220409 0 -0.975408
10900 -0.0696745 0 -0.99757
10950 0.0444455 0 -0.999012
11000 0.0100983 0 -0.999949
11050 -0.126853 0 -0.991922
11100 -0.0735463 0 -0.997292
11150 0.0445438 0 -0.999007
11200 -0.0203551 0 -0.999793
11250 -0.146761 0 -0.989172
11300 -0.0844506 0 -0.996428
11350 0.0114301 0 -0.999935
11400 -0.0502288 0 -0.998738
11450 -0.115431 0 -0.993316
11500 0.0396249 0 -0.999215
11550 0.809693 0 -0.586853
11600 0.84043 0 0.54192
11650 -0.0421696 0 0.99911
11700 0.0713845 0 0.997449
11750 0.201749 0 0.979437
11800 0.0795302 0 0.996832
11850 -0.0534268 0 0.998572
11900 0.034861 0 0.999392
11950 0.186615 0 0.982433
12000 0.197571 0 0.980289
12050 0.0582085 0 0.998304
12100 0.144773 0 0.989465
12150 0.18095 0 0.983492
12200 0.178431 0 0.983952
12250 0.0268491 0 0.999639
12300 0.151462 0 0.988463
12350 0.210316 0 0.977633
12400 0.168438 0 0.985712
12450 0.028351 0 0.999598
12500 0.177047 0 0.984202
12550 0.273556 0 0.961856
12600 0.129587 0 0.991568
12650 -0.0201158 0 0.999798
12700 0.132448 0 0.99119
12750 0.219346 0 0.975647
12800 0.144433 0 0.989515
12850 -0.0415669 0 0.999136
12900 0.112972 0 0.993598
12950 0.284596 0 0.958648
13000 0.184206 0 0.982888
13050 -0.0251207 0 0.999684
13100 0.105605 0 0.994408
13150 0.238874 0 0.971051
13200 0.124534 0 0.992215
13250 -0.0577142 0 0.998333
13300 0.09238 0 0.995724
13350 0.218877 0 0.975753
13400 0.0812256 0 0.996696
13450 -0.0909959 0 0.995851
13500 -0.0477862 0 0.998858
13550 0.197857 0 0.980231
13600 0.273072 0 0.961994
13650 -0.0212513 0 0.999774
13700 -0.111793 0 0.993732
13750 0.0428844 0 0.99908
13800 0.212103 0 0.977247
13850 0.168997 0 0.985617
13900 -0.175993 0 0.984391
13950 -0.0925337 0 0.99571
14000 0.525319 0 0.850905
14050 0.936115 0 0.351693
14100 0.948011 0 -0.318237
14150 0.540608 0 -0.841275
14200 0.0474197 0 -0.998875
14250 -0.0242458 0 -0.999706
14300 0.0381863 0 -0.999271
14350 -0.0701751 0 -0.997535
14400 -0.147408 0 -0.989076
14450 -0.107343 0 -0.994222
14500 0.0740114 0 -0.997257
14550 0.0410424 0 -0.999157
14600 -0.059549 0 -0.998225
14650 -0.0437589 0 -0.999042
14700 0.0334985 0 -0.999439
14750 0.0509042 0 -0.998704
14800 -0.0901294 0 -0.99593
14850 -0.0583461 0 -0.998296
14900 0.057392 0 -0.998352
14950 0.059241 0 -0.998244
15000 -0.101305 0 -0.994855
15050 -0.118492 0 -0.992955
15100 -0.0366747 0 -0.999327
15150 -0.00544493 0 -0.999985
15200 -0.151384 0 -0.988475
15250 -0.13052 0 -0.991446
15300 -0.0750815 0 -0.997177
15350 0.019246 0 -0.999815
15400 -0.151601 0 -0.988442
15450 -0.20875 0 -0.977969
15500 -0.104896 0 -0.994483
15550 -0.0495354 0 -0.998772
15600 -0.167298 0 -0.985906
15650 -0.189818 0 -0.981819
15700 -0.077896 0 -0.996961
15750 0.0377373 0 -0.999288
15800 0.00161275 0 -0.999999
15850 -0.142173 0 -0.989842
15900 -0.0624941 0 -0.998045
15950 0.101349 0 -0.994851
16000 0.0332155 0 -0.999448
16050 -0.134401 0 -0.990927
16100 -0.14648 0 -0.989214
16150 -0.0747492 0 -0.997202
16200 0.204645 0 -0.978836
16250 0.536882 0 -0.843657
16300 0.892968 0 -0.450121
16350 0.675139 0 -0.737691
16400 0.654414 0 -0.756137
16450 0.75087 0 -0.66045
16500 0.786813 0 -0.617192
16550 -0.0488526 0 0.998806
16600 -0.82747 0 0.56151
16650 -0.920685 0 0.390307
16700 -0.964701 0 -0.263346
16750 -0.532459 0 0.846456
16800 -0.562211 0 0.826994
16850 -0.177434 0 0.984133
16900 -0.234471 0 0.972123
16950 -0.3713 0 0.928513
17000 0.0108711 0 0.999941
