200 -0.0174554 0 0.028536
250 -0.0148584 0 0.0283864
300 -0.0223868 0 0.0410768
350 -0.000191681 0 0.0169255
400 -0.0115357 0 0.015498
450 -0.0142582 0 0.0191291
500 -0.0129398 0 0.00547381
550 -0.00948319 0 0.0133763
600 -0.0132205 0 0.0215662
650 -0.014579 0 0.0309872
700 -0.00688222 0 0.0175847
750 -0.012399 0 0.0272657
800 -0.0123229 0 0.0306457
850 -0.0149386 0 0.0179223
900 -0.00929133 0 0.0210649
950 -0.016424 0 0.0275781
1000 -0.0103369 0 0.024664
1050 -0.00852718 0 0.0147603
1100 0.0187804 0 -0.00714167
1150 0.0425359 0 -0.0788977
1200 -0.0777645 0 -0.151271
1250 -0.137357 0 -0.29602
1300 -0.162799 0 -0.296372
1350 0.0828201 0 -0.506328
1400 0.127942 0 -0.625626
1450 0.0793821 0 -0.63367
1500 0.0343001 0 -0.509423
1550 -0.089129 0 -0.609721
1600 -0.148863 0 -0.655942
1650 0.0706743 0 -0.73589
1700 0.0424466 0 -0.759379
1750 0.0988033 0 -0.836817
1800 -0.0482532 0 -0.697488
1850 -0.180232 0 -0.688996
1900 -0.203143 0 -0.701421
1950 -0.0495587 0 -0.733314
2000 0.0227096 0 -0.784027
2050 -0.0381777 0 -0.596656
2100 0.00362571 0 -0.579517
2150 -0.116454 0 -0.51715
2200 -0.143353 0 -0.412179
2250 -0.0275973 0 -0.502438
2300 -0.00246018 0 -0.521166
2350 0.0369318 0 -0.531153
2400 0.0148876 0 -0.537892
2450 -0.116311 0 -0.555043
2500 -0.0796185 0 -0.486294
2550 -0.0829211 0 -0.50914
2600 0.0572058 0 -0.553144
2650 0.0837575 0 -0.532642
2700 0.0422937 0 -0.460967
2750 -0.0438469 0 -0.641175
2800 -0.12252 0 -0.632222
2850 -0.00852611 0 -0.743284
2900 0.124487 0 -1.02398
2950 0.136511 0 -0.994709
3000 0.0639912 0 -1.10541
3050 -0.100631 0 -1.04443
3100 -0.0283823 0 -0.968332
3150 0.0117198 0 -1.02717
3200 0.00895616 0 -1.04842
3250 -0.0949667 0 -1.38925
3300 -0.0512488 0 -1.36466
3350 -0.00425153 0 -1.30856
3400 0.0858571 0 -1.29275
3450 -0.0460944 0 -1.22644
3500 0.0381601 0 -1.26015
3550 0.056725 0 -1.27943
3600 -0.0509222 0 -1.45516
3650 0.0489836 0 -1.44764
3700 0.235802 0 -1.39562
3750 0.148961 0 -1.3068
3800 0.150398 0 -1.33681
3850 -0.0742873 0 -1.42368
3900 0.0151523 0 -1.41151
3950 -0.00542226 0 -1.36818
4000 0.0870752 0 -1.44865
4050 -0.0595149 0 -1.55133
4100 0.0813369 0 -1.44412
4150 -0.0588431 0 -1.45684
4200 0.116331 0 -1.42811
4250 0.0373331 0 -1.47528
4300 0.0192448 0 -1.50461
4350 -0.0695404 0 -1.56517
4400 0.183996 0 -1.48532
4450 0.0454518 0 -1.50121
4500 0.0693743 0 -1.32066
4550 0.0953832 0 -1.2015
4600 0.212621 0 -1.2601
4650 0.0746889 0 -1.34473
4700 0.197183 0 -1.23046
4750 0.206785 0 -1.26709
4800 0.199053 0 -1.12823
4850 0.13506 0 -1.15109
4900 0.0697282 0 -1.18041
4950 0.273511 0 -1.06452
5000 0.208292 0 -1.16681
5050 0.179319 0 -1.05809
5100 0.100146 0 -1.23215
5150 0.0536447 0 -1.04501
5200 0.125786 0 -0.999949
5250 0.122029 0 -1.00653
5300 0.0639648 0 -0.905241
5350 0.0498259 0 -1.08192
5400 -0.0396937 0 -0.919865
5450 0.103004 0 -0.997975
5500 0.175918 0 -0.912987
5550 0.0950748 0 -0.797038
5600 0.0252983 0 -0.862434
5650 0.115743 0 -0.667966
5700 0.35268 0 -0.777669
5750 0.332659 0 -0.68514
5800 0.0280894 0 -0.778617
5850 0.0669754 0 -0.741024
5900 -0.0617325 0 -0.74643
5950 0.034957 0 -0.670707
6000 0.195109 0 -0.84197
6050 0.138747 0 -0.645886
6100 0.113697 0 -0.575876
6150 -0.0238538 0 -0.650715
6200 0.0372894 0 -0.535573
6250 0.132805 0 -0.518557
6300 0.0661789 0 -0.513243
6350 -0.0948963 0 -0.508734
6400 -0.0506373 0 -0.592095
6450 -0.122177 0 -0.67014
6500 0.0250798 0 -0.618573
6550 0.0470932 0 -0.725772
6600 -0.0313956 0 -0.644711
6650 0.0434224 0 -0.639818
6700 -0.0765769 0 -0.69503
6750 -0.0987592 0 -0.587662
6800 0.0882511 0 -0.599893
6850 0.0322286 0 -0.549897
6900 -0.0553597 0 -0.504755
6950 -0.45593 0 0.269682
7000 -0.36352 0 0.196063
7050 -0.222868 0 -0.174348
7100 -0.0836453 0 -0.103841
7150 0.025651 0 0.0121517
7200 0.000692369 0 -0.0317628
7250 -0.0145139 0 -0.0163218
7300 -0.0171909 0 0.0154616
7350 -0.0184712 0 0.00242694
7400 -0.0230616 0 0.0230545
7450 -0.015715 0 0.0479432
7500 -0.0173807 0 0.0408824
7550 -0.0208104 0 0.0271617
7600 -0.0190598 0 0.0106631
7650 -0.0230428 0 -0.0085615
7700 -0.0116038 0 -0.111712
7750 0.0782108 0 -0.223288
7800 0.139059 0 -0.401237
7850 0.16276 0 -0.414622
7900 -0.00867181 0 -0.431154
7950 -0.146815 0 -0.677679
8000 -0.298131 0 -0.0476902
8050 -0.0593982 0 -0.775961
8100 0.0151388 0 -0.746935
8150 0.0407314 0 -0.728169
8200 -0.0200439 0 -0.855146
8250 0.00819805 0 -0.843731
8300 -0.0924403 0 -0.814712
8350 -0.0355098 0 -0.998561
8400 0.034311 0 -0.971021
8450 -0.117319 0 -1.13345
8500 -0.100553 0 -1.24921
8550 0.0455151 0 -1.21032
8600 0.146411 0 -1.15888
8650 0.170463 0 -1.16552
8700 0.0356144 0 -1.1537
8750 0.0208204 0 -1.12828
8800 0.0925094 0 -1.31672
8850 0.018759 0 -1.2307
8900 0.146457 0 -1.38576
8950 0.129193 0 -1.28212
9000 0.157501 0 -1.3861
9050 0.198941 0 -1.27127
9100 0.187983 0 -1.43223
9150 0.184155 0 -1.26873
9200 0.26692 0 -1.34176
9250 0.429513 0 -1.13556
9300 0.232203 0 -1.26886
9350 0.249661 0 -1.30755
9400 0.112708 0 -1.38438
9450 0.212734 0 -1.37785
9500 0.181932 0 -1.40106
9550 0.215064 0 -1.32277
9600 0.0903874 0 -1.35873
9650 0.0522275 0 -1.26436
9700 -0.0416655 0 -1.32329
9750 -0.0654312 0 -1.27498
9800 0.0994209 0 -1.21718
9850 0.11208 0 -1.19864
9900 0.163986 0 -1.22412
9950 0.18265 0 -1.26777
10000 0.268579 0 -1.34485
10050 0.143146 0 -1.40369
10100 0.0845365 0 -1.44257
10150 0.0548477 0 -1.42647
10200 0.237899 0 -1.40854
10250 -0.0406658 0 -1.37594
10300 0.0877345 0 -1.43166
10350 -0.0498885 0 -1.45885
10400 0.0853911 0 -1.55081
10450 0.014584 0 -1.48015
10500 0.117738 0 -1.36369
10550 -0.0595233 0 -1.47763
10600 0.0645259 0 -1.36979
10650 0.0858956 0 -1.51673
10700 0.12971 0 -1.43501
10750 0.0287844 0 -1.54234
10800 0.0254707 0 -1.54986
10850 -0.0610085 0 -1.52651
10900 -0.00501001 0 -1.21441
10950 -0.0233801 0 -1.44403
11000 -0.0197912 0 -1.50365
11050 -0.117686 0 -1.30842
11100 0.11987 0 -1.22596
11150 -0.18721 0 -1.24505
11200 -0.103595 0 -1.24388
11250 -0.183085 0 -1.3118
11300 0.0204232 0 -1.32187
11350 0.0169398 0 -1.18706
11400 -0.0538441 0 -1.00703
11450 -0.0319436 0 -0.940065
11500 -0.046916 0 -0.956047
11550 0.0685771 0 -1.17985
11600 0.096294 0 -1.05803
11650 0.109149 0 -1.1475
11700 0.0583787 0 -0.934427
11750 0.00519682 0 -1.01976
11800 0.0261999 0 -0.9751
11850 0.0501166 0 -0.909172
11900 -0.0426344 0 -1.00601
11950 -0.069112 0 -0.824711
12000 0.0315382 0 -1.0247
12050 -0.0259655 0 -0.927952
12100 0.0048405 0 -0.872656
12150 -0.0278411 0 -1.12189
12200 -0.0031033 0 -0.921238
12250 0.166238 0 -1.06393
12300 0.268917 0 -0.93924
12350 0.257831 0 -0.98611
12400 0.078381 0 -1.11777
12450 -0.00969183 0 -1.2246
12500 0.11459 0 -1.22287
12550 0.0820282 0 -0.996676
12600 0.0717933 0 -0.97233
12650 -0.0921341 0 -0.917381
12700 -0.0447934 0 -0.750077
12750 0.0883933 0 -0.963615
12800 0.118009 0 -0.856272
12850 0.132605 0 -0.8239
12900 -0.109746 0 -0.990577
12950 -0.0775295 0 -0.778669
13000 0.024729 0 -0.913025
13050 -0.0391119 0 -0.827453
13100 0.0711615 0 -0.751981
13150 -0.0627765 0 -0.957252
13200 -0.108957 0 -0.898074
13250 -0.0259777 0 -0.954828
13300 0.096243 0 -0.938795
13350 0.00254587 0 -0.884036
13400 0.0408127 0 -0.93228
13450 -0.0912673 0 -0.867267
13500 -0.000852932 0 -0.680231
13550 -0.0213011 0 -0.885472
13600 -0.110971 0 -0.69698
13650 -0.0200701 0 -0.673536
13700 -0.0860218 0 -0.817105
13750 0.0886014 0 -0.739363
13800 0.0871347 0 -0.724045
13850 0.182639 0 -0.723613
13900 0.176769 0 -0.664586
13950 0.160091 0 -0.811927
14000 0.0840656 0 -0.875591
14050 0.20111 0 -0.71211
14100 0.326084 0 -0.874644
14150 0.189903 0 -0.821967
14200 0.161787 0 -0.718155
14250 0.116167 0 -0.763255
14300 0.016208 0 -0.572789
14350 0.172278 0 -0.612047
14400 0.183559 0 -0.565728
14450 0.0330128 0 -0.606715
14500 0.138043 0 -0.751576
14550 0.0754774 0 -0.798639
14600 0.232871 0 -0.582226
14650 0.234664 0 -0.721899
14700 0.0836532 0 -0.75552
14750 0.197199 0 -0.628638
14800 0.0707202 0 -0.763616
14850 -0.0261837 0 -0.788947
14900 0.11131 0 -0.677612
14950 0.236155 0 -0.738769
15000 0.0715697 0 -0.740012
15050 -0.0972221 0 -0.704316
15100 -0.0373725 0 -0.916221
15150 0.000232922 0 -0.940681
15200 0.0803076 0 -0.965943
15250 0.0606213 0 -1.10894
15300 -0.0236035 0 -1.07475
15350 0.0160328 0 -1.14404
15400 0.0200143 0 -1.06053
15450 -0.00290437 0 -1.0742
15500 0.118085 0 -1.11989
15550 0.193055 0 -1.06568
15600 0.247139 0 -1.27076
15650 0.14106 0 -1.19768
15700 0.362545 0 -1.30832
15750 0.224695 0 -1.21036
15800 -0.0529143 0 -1.27673
15850 -0.0651342 0 -1.34881
15900 0.0128117 0 -1.3748
15950 0.0972572 0 -1.29227
16000 0.17724 0 -1.37367
16050 0.158441 0 -1.30555
16100 0.0644859 0 -1.23952
16150 0.0254063 0 -1.27454
16200 0.0301061 0 -1.26427
16250 -0.150413 0 -1.38368
16300 -0.107403 0 -1.40961
16350 -0.0383589 0 -1.48029
16400 -0.0263379 0 -1.30971
16450 -0.0234969 0 -1.30003
16500 0.00503007 0 -1.27506
16550 -0.0245972 0 -1.38718
16600 0.0370246 0 -1.27907
16650 -0.00777888 0 -1.35983
16700 0.0409172 0 -1.22025
16750 0.0570304 0 -1.27463
16800 0.164047 0 -1.18671
16850 0.117309 0 -1.32724
16900 0.159931 0 -1.35203
16950 0.0481121 0 -1.51606
17000 0.0374668 0 -1.30673
17050 -0.0707926 0 -1.35507
17100 0.232976 0 -1.3117
17150 -0.0296574 0 -1.39578
17200 0.0383123 0 -1.27038
17250 -0.0163445 0 -1.28466
17300 0.258739 0 -1.22109
17350 0.177335 0 -1.28034
17400 0.109021 0 -1.23882
17450 0.164002 0 -1.1902
17500 0.138166 0 -1.14275
17550 0.145523 0 -1.07782
17600 0.187299 0 -0.964388
17650 0.163174 0 -0.974607
17700 0.0404792 0 -0.986203
17750 0.0552436 0 -0.833057
17800 0.16799 0 -1.02883
17850 0.145038 0 -0.879544
17900 0.028472 0 -0.933563
17950 0.0332132 0 -0.830767
18000 0.0500482 0 -0.950577
18050 0.166666 0 -0.939808
18100 0.0787306 0 -0.934227
18150 0.0803775 0 -1.00697
18200 0.0808968 0 -0.854028
18250 0.0347725 0 -0.860454
18300 0.0737307 0 -0.858612
18350 0.0405371 0 -1.02575
18400 -0.0807725 0 -0.919866
18450 -0.0446515 0 -0.758474
18500 -0.0654759 0 -0.906341
18550 -0.0263289 0 -0.714861
18600 -0.13412 0 -0.917949
18650 -0.137522 0 -0.831775
18700 0.102079 0 -0.879514
18750 0.144464 0 -0.886668
18800 0.203841 0 -0.853891
18850 0.0874059 0 -1.00034
18900 0.0450529 0 -0.85123
18950 0.157338 0 -0.97588
19000 0.121705 0 -0.919866
19050 0.085845 0 -0.853547
19100 0.0109606 0 -1.04215
19150 -0.0489277 0 -0.882776
19200 0.0182848 0 -1.05962
19250 0.0633812 0 -0.901584
19300 0.0887712 0 -0.889101
19350 0.0228848 0 -1.10111
19400 0.0149895 0 -0.856759
19450 0.0749679 0 -0.924642
19500 0.158591 0 -0.81666
19550 0.00608671 0 -0.727504
19600 0.123477 0 -0.83072
19650 0.0131265 0 -0.881773
19700 0.0953263 0 -0.779339
19750 0.150474 0 -1.02063
19800 0.143679 0 -0.732729
19850 0.212575 0 -0.749632
19900 -0.0878256 0 -0.741309
19950 -0.00657304 0 -0.684997
20000 0.09468 0 -0.723686
20050 0.0699448 0 -0.665971
20100 0.0751628 0 -0.739533
20150 0.0140394 0 -0.723266
20200 0.00196785 0 -0.743665
20250 0.0676769 0 -0.633938
20300 0.142751 0 -0.775224
20350 0.1093 0 -0.728002
20400 0.0236292 0 -0.722506
20450 -0.0269976 0 -0.743874
20500 -0.000568468 0 -0.686302
20550 0.127439 0 -0.553914
20600 0.18276 0 -0.51258
20650 0.206119 0 -0.590866
20700 0.0383698 0 -0.435729
20750 0.00340443 0 -0.545246
20800 -0.0485749 0 -0.612238
20850 -0.0233002 0 -0.54237
20900 0.146559 0 -0.399124
20950 0.271247 0 -0.577752
21000 0.0771714 0 -0.440906
21050 -0.0169511 0 -0.427565
21100 -0.0595049 0 -0.581678
21150 -0.0130447 0 -0.495867
21200 0.132247 0 -0.451198
21250 0.279953 0 -0.388851
21300 0.312161 0 -0.4921
21350 0.114636 0 -0.369546
21400 0.0788853 0 -0.381599
21450 -0.0654131 0 -0.354924
21500 -0.0560648 0 -0.325604
21550 0.0104773 0 0.0888611
21600 0.128008 0 -0.377524
21650 0.174489 0 -0.425162
21700 -0.00521667 0 -0.374937
21750 -0.0231744 0 -0.498298
21800 -0.0770183 0 -0.577997
21850 -0.0367076 0 -0.647264
21900 0.0643534 0 -0.650878
21950 0.0903657 0 -0.762222
22000 0.136461 0 -0.779254
22050 0.0800564 0 -0.756018
22100 0.221144 0 -0.936049
22150 0.25545 0 -0.986285
22200 0.422216 0 -1.1091
22250 0.450328 0 -1.1402
22300 0.37176 0 -1.07745
22350 0.152296 0 -1.22726
22400 0.2408 0 -1.06355
22450 0.300369 0 -1.22604
22500 0.300826 0 -1.09776
22550 0.307815 0 -1.16276
22600 0.325902 0 -1.31059
22650 0.450971 0 -1.19369
22700 0.537139 0 -1.12112
22750 0.533664 0 -1.0615
22800 0.376602 0 -1.20506
22850 0.260309 0 -1.14799
22900 -0.0895624 0 -1.24696
22950 0.04973 0 -1.06102
23000 0.0996478 0 -1.36865
23050 0.190777 0 -1.16575
23100 0.0105761 0 -1.21805
23150 0.0986476 0 -1.20877
23200 -0.0323069 0 -1.24417
23250 0.158063 0 -1.07108
23300 0.245063 0 -1.13318
23350 0.29801 0 -1.0775
23400 0.287529 0 -1.22683
23450 0.241482 0 -1.13269
23500 0.241978 0 -1.13565
23550 0.346673 0 -0.974823
23600 0.0424488 0 -1.23425
23650 0.106025 0 -1.19154
23700 0.220198 0 -1.26008
23750 0.20718 0 -1.20758
23800 0.315063 0 -1.14963
23850 0.108202 0 -1.34877
23900 0.121891 0 -1.17622
23950 0.00648393 0 -1.20844
24000 0.0929953 0 -1.04058
24050 0.213986 0 -1.25825
24100 0.119743 0 -1.18651
24150 0.16424 0 -1.26371
24200 0.112667 0 -1.25162
24250 0.147267 0 -1.39039
24300 0.238126 0 -1.24874
24350 0.2015 0 -1.36976
24400 0.162774 0 -1.27592
24450 0.136052 0 -1.42055
24500 0.222682 0 -1.36338
24550 0.267455 0 -1.32067
24600 0.185591 0 -1.27147
24650 0.0608503 0 -1.40975
24700 0.0645379 0 -1.40399
24750 -0.0522363 0 -1.47223
24800 0.0374929 0 -1.45806
24850 0.0531364 0 -1.52234
24900 0.276281 0 -1.46397
24950 0.282299 0 -1.39577
25000 0.33573 0 -1.35226
25050 0.247164 0 -1.38396
25100 0.276832 0 -1.43318
25150 0.18222 0 -1.39754
25200 0.226089 0 -1.31111
25250 0.096058 0 -1.40972
25300 0.244755 0 -1.41947
25350 0.265172 0 -1.26919
25400 0.230814 0 -1.40879
25450 0.114713 0 -1.35784
25500 0.0917919 0 -1.30951
25550 0.101985 0 -1.37418
25600 0.177399 0 -1.3128
25650 0.0156441 0 -1.47626
25700 0.0906116 0 -1.40928
25750 0.108927 0 -1.43435
25800 0.132742 0 -1.40009
25850 0.224832 0 -1.32743
25900 0.339025 0 -1.2565
25950 0.0844517 0 -1.40791
26000 0.0902302 0 -1.36316
26050 0.0687975 0 -1.49634
26100 0.227094 0 -1.39475
26150 0.349288 0 -1.41825
26200 0.303514 0 -1.41916
26250 0.0726403 0 -1.47559
26300 0.138103 0 -1.32711
26350 0.0937129 0 -1.42397
26400 0.125784 0 -1.30472
26450 -0.0388101 0 -1.41631
26500 0.111231 0 -1.40094
26550 -0.00885877 0 -1.51285
26600 -0.0130646 0 -1.49373
26650 -0.0161464 0 -1.50289
26700 0.158394 0 -1.4851
26750 0.124412 0 -1.5119
26800 0.121631 0 -1.43626
26850 -0.0383898 0 -1.61707
26900 0.173761 0 -1.50375
26950 0.195949 0 -1.57085
27000 0.335409 0 -1.41333
27050 0.250273 0 -1.60371
27100 0.249526 0 -1.53646
27150 0.144868 0 -1.63724
27200 0.165474 0 -1.45222
27250 0.188711 0 -1.49547
27300 0.188895 0 -1.34845
27350 0.117433 0 -1.50643
27400 0.047924 0 -1.52653
27450 0.115857 0 -1.53299
27500 0.170926 0 -1.5774
27550 0.283223 0 -1.51289
27600 -0.0405956 0 -1.45114
27650 -0.0420481 0 -1.5291
27700 0.199379 0 -1.45023
27750 0.253781 0 -1.43903
27800 0.140609 0 -1.45717
27850 0.215239 0 -1.45687
27900 -0.0507052 0 -1.47733
27950 0.111176 0 -1.57629
28000 0.121503 0 -1.54802
28050 0.23559 0 -1.42914
28100 0.0736314 0 -1.53335
28150 0.108146 0 -1.62735
28200 0.0601633 0 -1.59107
28250 0.143578 0 -1.53476
28300 -0.0481254 0 -1.38044
28350 -0.0787728 0 -1.27529
28400 -0.119948 0 -1.29279
28450 -0.0687931 0 -1.2633
28500 -0.0358221 0 -1.28572
28550 -0.0448929 0 -1.35247
28600 0.0662292 0 -1.29707
28650 0.0932518 0 -1.33808
28700 0.114504 0 -1.28603
28750 0.142216 0 -1.13558
28800 -0.00843832 0 -1.19206
28850 0.0867113 0 -1.07006
28900 0.215906 0 -1.20288
28950 0.182501 0 -1.04442
29000 0.165617 0 -1.26868
29050 0.0834483 0 -1.07008
29100 0.185854 0 -1.16108
29150 0.189417 0 -1.07979
29200 -0.0469344 0 -1.18186
29250 -0.215369 0 -1.25637
29300 -0.115729 0 -1.12961
29350 0.0376489 0 -1.17402
29400 0.0882168 0 -1.03456
29450 -0.0110792 0 -1.25185
29500 0.0744571 0 -0.981963
29550 0.0818627 0 -1.12769
29600 0.128922 0 -1.0036
29650 0.00170988 0 -0.979684
29700 -0.0789518 0 -0.969666
29750 -0.0682552 0 -0.773828
29800 -0.0508367 0 -0.969056
29850 0.0861285 0 -0.75971
29900 0.082362 0 -0.85072
29950 0.00507365 0 -0.989188
30000 -0.0111887 0 -0.828128
30050 0.0404881 0 -1.0233
30100 -0.0130108 0 -0.806489
30150 -0.047886 0 -0.89783
30200 -0.0547007 0 -0.825391
30250 0.0256849 0 -0.835764
30300 0.173771 0 -0.809411
30350 0.0749199 0 -0.688386
30400 0.0821819 0 -0.731339
30450 0.0589801 0 -0.52073
30500 0.145298 0 -0.593224
30550 0.181021 0 -0.702178
30600 -0.0230762 0 -0.513297
30650 -0.0798747 0 -0.588412
30700 -0.106098 0 -0.500581
30750 0.0608801 0 -0.356344
30800 0.185492 0 -0.413676
30850 0.101738 0 -0.344471
30900 -0.0946164 0 -0.357065
30950 -0.203175 0 -0.227716
31000 -0.315052 0 0.164403
31050 -0.202291 0 0.0622214
31100 -0.167975 0 0.0637791
31150 -0.00259152 0 0.0549582
31200 0.000722002 0 0.0351797
31250 0.00443845 0 0.0693016
31300 -0.00319933 0 0.0563056
31350 0.00567408 0 0.00576586
31400 -0.000717734 0 0.0388389
31450 -0.00472931 0 0.0365408
31500 -0.0176151 0 0.0261541
31550 -0.0196413 0 0.0183483
31600 -0.014871 0 0.0215233
31650 -0.0149022 0 0.0119435
31700 -0.0177361 0 0.0197764
31750 -0.0136093 0 0.0342884
31800 -0.0147841 0 0.0319499
31850 -0.0218639 0 0.0165548
31900 -0.018998 0 0.0207928
31950 -0.0124301 0 0.0265286
