# Created at Thu Nov 09 16:42:24 CST 2017
106704406795058 1
106705117793593 2
106705631312880 3
106706184352431 4
106706697902235 5
106707250911269 6
106707764481600 7
106708317521151 8
106708831040438 9
106709344620760 10
106709858109529 11
106710391404207 12
106710885209139 13
106711418442781 14
106711892502840 15
106712425828035 16
106712761582430 17
106713452866610 18
106713788651522 19
106714499711092 20
106715013230379 21
106715566300447 22
106716079850252 23
106716632859285 24
106717126664217 25
106717679711892 26
106718193261696 27
106718706780984 28
106719240136696 29
106719773431374 30
106720267175271 31
106720820214821 32
106721333795144 33
106721886834694 34
106722420098855 35
106722973138405 36
106723486688210 37
106724059472634 38
106724395257546 39
106725126092507 40
106725659417702 41
106726192651345 42
106726706201150 43
106727259240700 44
106727792531569 45
106728345632155 46
106728859120925 47
106729412221510 48
106729925801833 49
106730478841384 50
106730992330153 51
106731565145094 52
106732098409255 53
106732671193678 54
106733204549391 55
106733757558425 56
106734290853102 57
106734922933180 58
106735456258376 59
106736088277419 60
106736641316969 61
106737293140504 62
106744067951295 63
106744719806763 64
106745253101441 65
106745944446656 66
106746457904908 67
106747129474732 68
106747682523961 69
106748314634557 70
106748887418980 71
106749519468541 72
106750072569127 73
106750645323033 74
106751178617711 75
106751751432652 76
106752304441686 77
106752897032018 78
106753232816930 79
106754003111119 80
106754536405797 81
106755109281773 82
106755642515416 83
106756215330357 84
106756748625035 85
106757301676476 86
106757835032189 87
106758427592003 88
106758941111290 89
106759573191369 90
106760086771691 91
106760718760216 92
106761054545128 93
106761844614708 94
106762377939904 95
106762931009972 96
106763464274132 97
106764037058556 98
106764570383751 99
106765143229210 100
106765676493370 101
106766269022667 102
106766604838097 103
106767355384806 104
106767908454875 105
106768461494426 106
106768994789103 107
106769547828654 108
106770041664103 109
106770653938273 110
106771187263469 111
106771760047892 112
106772273628215 113
106772826667765 114
106773359992961 115
106773932807902 116
106774466102580 117
106775019142131 118
106775552436808 119
106776144996623 120
106776678321818 121
106777270845541 122
106777606630453 123
106778396730551 124
106778890535482 125
106779463319906 126
106779996584066 127
106780549654135 128
106781082979330 129
106781675569662 130
106782208833822 131
106782801393637 132
106783334688314 133
106783868044027 134
106784381563314 135
106784954347738 136
106785487672934 137
106786040743002 138
106786574037680 139
106787127107748 140
106787640610527 141
106788233231377 142
106788766495537 143
106789319596123 144
106789833084892 145
106790405960869 146
106790939194512 147
106791492264580 148
106792025559258 149
106792598404717 150
106793131699394 151
106793704514336 152
106794237839531 153
106794810623955 154
106795324173760 155
106795896988701 156
106796430283379 157
106797003067803 158
106797358653606 159
106798089488567 160
106798603038372 161
106799175853313 162
106799689403118 163
106800262187542 164
106800775767864 165
106801328837932 166
106801842387737 167
106802415233196 168
106802750957073 169
106803501567425 170
106804034862102 171
106804607707561 172
106805121226848 173
106805694072307 174
