# Created at Tue Feb 20 14:14:43 CST 2018
856177330279512 1
856178021594209 2
856178515368623 3
856178989367647 4
856179739903212 5
856180174381972 6
856180845951796 7
856181280491591 8
856181952000380 9
856182386570693 10
856182939549208 11
856183512333632 12
856184104862929 13
856184559178114 14
856185092411757 15
856185526951552 16
856186001011611 17
856186475041152 18
856187067539931 19
856187462589980 20
856188055088759 21
856188469914198 22
856189082127333 23
856189516728163 24
856190109265152 25
856190543804947 26
856191156079117 27
856191590557877 28
856192183087174 29
856192637402359 30
856193150952164 31
856193644696060 32
856194257031265 33
856194691601578 34
856195422314469 35
856195817334000 36
856196409893814 37
856196962902847 38
856197575207535 39
856198049237076 40
856198641766373 41
856199234326187 42
856199747938502 43
856200300947535 44
856200873731959 45
856201347730982 46
856201920576441 47
856202374830591 48
856203026655543 49
856203461195337 50
856204053694117 51
856204527723658 52
856205159803736 53
856205614057886 54
856206206587183 55
856206838636744 56
856214798488280 57
856215351497313 58
856215904567382 59
856216497066161 60
856217109370848 61
856217662410399 62
856218393275878 63
856218906764647 64
856219380794188 65
856221118969001 66
856221711528815 67
856222284343757 68
856222817607917 69
856223449657478 70
856223903942146 71
856224516246833 72
856224950786628 73
856225622325935 74
856226096385993 75
856226629680671 76
856227123455085 77
856227696270026 78
856228249309577 79
856228920879401 80
856229375164069 81
856230007198201 82
856230481227742 83
856231014522420 84
856231587337361 85
856232199672566 86
856232752681599 87
856233305721150 88
856233760036336 89
856234392116414 90
856234925411092 91
856235537715779 92
856235972194539 93
856236545009480 94
856237098079549 95
856237631374226 96
856238184444295 97
856238737453328 98
856239330043660 99
856240001610616 100
856240475670674 101
856241008995869 102
856241483025410 103
856242134819844 104
856242608849385 105
856243201439717 106
856243734703877 107
856244426018574 108
856244939598897 109
856245472924092 110
856246104943135 111
856246598748067 112
856247151757100 113
856249225731709 114
856249699792330 115
856250410851900 116
856250865106051 117
856251457665865 118
856252050256197 119
856252682275240 120
856253255120699 121
856253946435396 122
856254380944674 123
856254993249361 124
856255447595064 125
856256040093844 126
856256632653658 127
856257106713717 128
856257640008394 129
856258153588717 130
856258785668795 131
856259358422701 132
856259832475162 133
856260385545230 134
856260899095035 135
856261531175113 136
856261945939517 137
856262657029605 138
856263150804019 139
856263763078189 140
856264217393374 141
856264829728580 142
856265501298404 143
856266034593081 144
856266508622622 145
856267120957828 146
856267634538150 147
856268148087955 148
856268701127505 149
856269313462710 150
856269767706004 151
856270340551463 152
856270933111277 153
856271446691599 154
856271999731150 155
856272572515574 156
856273086095896 157
856273658880320 158
856274251409617 159
856278636419383 160
856279189428416 161
856279722752783 162
856280295598242 163
856280848668311 164
856281381962988 165
856281875767920 166
856282349766943 167
856282764561865 168
856283258366797 169
856283712651465 170
856284186803076 171
856284680546973 172
856285174321387 173
856285589116309 174
856286082951758 175
856286556981299 176
856287090275977 177
856287524846289 178
856287979130957 179
856288512486670 180
856289105015967 181
856289480343545 182
856290033413613 183
856290507443154 184
856291100033486 185
856291534542763 186
856292107357705 187
856292660458291 188
856293154263222 189
856293608517373 190
856294240597451 191
856294675198281 192
856295188748086 193
856295722012246 194
856296275112832 195
856296887448037 196
856298171261513 197
856298704647744 198
856299237942422 199
856299889706503 200
856300324307333 201
856300877316366 202
856301371151816 203
856301963711630 204
856302477261435 205
856303010586630 206
856303464901816 207
856304096981894 208
856304650082480 209
856305124081503 210
856311247353664 211
856311741097561 212
856312313973537 213
856312867013088 214
856313459542385 215
856314071877590 216
856314743477932 217
856315276803127 218
856315889107815 219
856316560708156 220
856316995278469 221
856317587838283 222
856318239663234 223
856318911263576 224
856319543337815 225
856320155642502 226
856320688967698 227
856321222262375 228
856321755587571 229
856322407412522 230
856322881533616 231
856323553042405 232
856324027132981 233
856324560427659 234
856325172732346 235
856325686312668 236
856326219637864 237
856326950472825 238
856327365267746 239
856328056612961 240
856328629427903 241
856329202273362 242
856329636806626 243
856330189907212 244
856330742916245 245
856331434291977 246
856331849147934 247
856332402126450 248
856333113277573 249
856333528072495 250
856334100887436 251
856334792202133 252
856335226772446 253
856335878597397 254
856336392147202 255
856336945247788 256
856337557521958 257
856338110622544 258
856338604427475 259
856339275987054 260
856339730302240 261
856340283402826 262
856340816728021 263
856341389542963 264
856341982072260 265
856342554917718 266
856343206773187 267
856343779588129 268
856344233872797 269
856344964707758 270
856345419053461 271
856346110368158 272
