200 0.0305033 0 -0.0330571
250 0.078973 0 -0.0549716
300 0.022478 0 -0.23293
350 0.164034 0 -0.541647
400 0.030503 0 -0.695321
450 -0.0591914 0 -0.800941
500 0.203521 0 -0.911353
550 0.15018 0 -1.1542
600 0.107 0 -1.26946
650 0.0503266 0 -1.22318
700 0.0398351 0 -1.25606
750 -0.0161937 0 -1.18288
800 0.0484333 0 -1.08615
850 0.284946 0 -1.02887
900 0.285905 0 -1.00621
950 0.134539 0 -1.077
1000 0.00803066 0 -1.14115
1050 0.060455 0 -1.07559
1100 0.142214 0 -0.96466
1150 0.176478 0 -1.00971
1200 0.205736 0 -0.971745
1250 0.0773442 0 -0.917789
1300 -0.0379838 0 -0.980579
1350 0.0425908 0 -1.03083
1400 0.147434 0 -1.18608
1450 0.241859 0 -1.10546
1500 0.285434 0 -1.13989
1550 0.0935164 0 -1.3713
1600 0.0110176 0 -1.3007
1650 0.0724242 0 -1.32137
1700 0.196836 0 -1.35681
1750 0.118184 0 -1.32849
1800 0.0493931 0 -1.01639
1850 0.0189835 0 -1.03628
1900 0.0789891 0 -1.01634
1950 0.24283 0 -0.996253
2000 0.2582 0 -0.884259
2050 0.103566 0 -0.882
2100 0.0649587 0 -0.700043
2150 -0.169891 0 -0.558164
2200 0.00320188 0 -0.408419
2250 0.0549946 0 -0.394743
2300 -0.0780162 0 -0.532322
2350 -0.403121 0 -0.428957
2400 -0.456881 0 -0.270823
2450 -0.157506 0 -0.378863
2500 0.0372418 0 -0.246201
2550 0.105085 0 -0.271273
2600 0.355987 0 -0.254781
2650 0.495756 0 -0.314798
2700 0.43056 0 -0.408759
2750 0.221715 0 -0.302042
2800 0.159196 0 -0.329873
2850 -0.0348457 0 0.13671
2900 -0.246824 0 0.0941015
2950 -0.0955864 0 -0.349669
3000 -0.143732 0 -0.40804
3050 -0.187975 0 0.196135
3100 -0.0101883 0 -0.266422
3150 0.0748834 0 -0.213966
3200 0.167536 0 -0.280881
3250 0.174367 0 -0.163924
3300 0.0868401 0 -0.314722
3350 0.099643 0 -0.439113
3400 0.0558359 0 -0.404414
3450 0.0924707 0 -0.740721
3500 0.231824 0 -1.06716
3550 0.40234 0 -1.04724
3600 0.187204 0 -1.26889
3650 0.337337 0 -1.48741
3700 0.111533 0 -1.84587
3750 0.0949441 0 -1.77882
3800 0.224923 0 -1.78404
3850 0.141444 0 -1.71069
3900 0.30512 0 -1.48671
3950 0.0453738 0 -1.50697
4000 0.106331 0 -1.25635
4050 -0.00823863 0 -1.36306
4100 -0.103286 0 -1.36407
4150 0.0568483 0 -1.15633
4200 0.107048 0 -1.14202
4250 0.148386 0 -1.37176
4300 0.0848982 0 -1.488
4350 0.10702 0 -1.44364
4400 -0.00229434 0 -1.56641
4450 -0.000516902 0 -1.31249
4500 0.129935 0 -1.32638
4550 0.341161 0 -1.11577
4600 0.25554 0 -1.10102
4650 0.191744 0 -1.06317
4700 0.333056 0 -1.32577
4750 0.197693 0 -1.57925
4800 0.286489 0 -1.41203
4850 0.158733 0 -1.53778
4900 0.119162 0 -1.47346
4950 0.247959 0 -1.34012
5000 0.151518 0 -1.38858
5050 0.211178 0 -1.29114
5100 0.220529 0 -1.2907
5150 0.334553 0 -1.40801
5200 0.178895 0 -1.51456
5250 0.084306 0 -1.37202
5300 -0.019119 0 -1.25785
5350 -0.0292323 0 -1.1725
5400 0.301604 0 -1.1582
5450 0.225349 0 -1.26394
5500 0.296591 0 -1.26557
5550 0.37098 0 -1.21394
5600 0.344698 0 -1.33457
5650 0.173992 0 -1.50596
5700 0.150992 0 -1.34986
5750 0.264988 0 -1.34035
5800 0.261143 0 -1.18166
5850 0.38007 0 -1.34303
5900 0.329166 0 -1.41528
5950 0.226762 0 -1.32052
6000 0.209444 0 -1.38003
6050 0.226211 0 -1.32713
6100 0.359273 0 -1.365
6150 0.426792 0 -1.304
6200 0.270763 0 -1.26723
6250 0.0359072 0 -1.24293
6300 0.0246245 0 -1.43579
6350 0.131696 0 -1.25208
6400 0.13718 0 -1.02527
6450 0.0963216 0 -0.914688
6500 0.208591 0 -1.09932
6550 0.162207 0 -1.26098
6600 0.0180794 0 -1.4204
6650 -0.0450824 0 -1.38891
6700 -0.025808 0 -1.2277
6750 -0.145509 0 -1.43473
6800 0.06082 0 -1.38934
6850 0.230903 0 -1.36033
6900 0.269012 0 -1.3606
6950 0.20296 0 -1.42237
7000 0.0478987 0 -1.34251
7050 0.409578 0 -1.20303
7100 0.455014 0 -1.22182
7150 0.376125 0 -1.36786
7200 0.438522 0 -1.31728
7250 0.31586 0 -1.28007
7300 0.302923 0 -1.29199
7350 0.262135 0 -1.2455
7400 0.27388 0 -1.28602
7450 0.104567 0 -1.27234
7500 0.266161 0 -1.41297
7550 0.265344 0 -1.3434
7600 0.201773 0 -1.2799
7650 0.109771 0 -1.23457
7700 0.0541752 0 -1.31991
7750 0.275798 0 -1.32388
7800 0.40255 0 -1.2825
7850 0.480187 0 -1.19577
7900 0.182742 0 -1.20918
7950 0.230603 0 -1.15772
8000 0.343594 0 -1.16365
8050 0.345628 0 -1.24121
8100 0.314982 0 -1.3039
8150 0.144992 0 -1.29192
8200 0.118731 0 -1.28271
8250 0.0765843 0 -1.32308
8300 0.0602968 0 -1.31574
8350 -0.00350621 0 -1.19224
8400 0.00463046 0 -1.06841
8450 0.2832 0 -1.17752
8500 0.300963 0 -1.19603
8550 0.407481 0 -1.15003
8600 0.219682 0 -1.04196
8650 0.164789 0 -1.15528
8700 0.223511 0 -1.26456
8750 0.435592 0 -1.31502
8800 0.212089 0 -1.41441
8850 -0.0253514 0 -1.19661
8900 -0.126842 0 -1.36439
8950 0.103221 0 -1.39669
9000 0.220623 0 -1.50066
9050 0.218425 0 -1.50096
9100 0.0769207 0 -1.45529
9150 0.112265 0 -1.25835
9200 0.195186 0 -1.49684
9250 0.34787 0 -1.37758
9300 0.343498 0 -1.4697
9350 0.109221 0 -1.42644
9400 0.120105 0 -1.35175
9450 0.318404 0 -1.49129
9500 0.38584 0 -1.34201
9550 0.301229 0 -1.39774
9600 0.0590798 0 -1.23227
9650 -0.133007 0 -1.20728
9700 -0.0789932 0 -1.18448
9750 0.355267 0 -0.960848
9800 0.419175 0 -0.900671
9850 0.243139 0 -1.00109
9900 0.150934 0 -0.927645
9950 0.241581 0 -0.836818
10000 0.341562 0 -0.955056
10050 0.339173 0 -0.810155
10100 0.289905 0 -0.835527
10150 0.154132 0 -0.829295
10200 0.0853404 0 -0.930881
10250 0.194808 0 -0.887305
10300 0.436121 0 -0.770222
10350 0.331617 0 -1.01099
10400 0.0550652 0 -1.24656
10450 0.155307 0 -1.11794
10500 0.31186 0 -1.12145
10550 0.560061 0 -1.22971
10600 0.541246 0 -1.23089
10650 0.26702 0 -0.980232
10700 0.233735 0 -1.26059
10750 0.102864 0 -1.31376
10800 0.276434 0 -1.28503
10850 0.515566 0 -1.26204
10900 0.375467 0 -1.18134
10950 0.193433 0 -1.11263
11000 0.0406245 0 -1.05009
11050 0.207769 0 -0.997903
11100 0.230804 0 -1.12227
11150 0.289355 0 -1.16379
11200 0.0989406 0 -1.1345
11250 0.0665408 0 -1.2464
11300 0.119314 0 -1.08301
11350 0.579112 0 -1.1311
11400 0.662894 0 -0.827573
11450 0.477005 0 -0.869792
11500 0.302155 0 -1.0069
11550 0.193016 0 -0.847587
11600 0.232238 0 -0.61326
11650 0.425942 0 -0.85061
11700 0.304982 0 -0.976147
11750 0.137265 0 -1.04264
11800 0.0843937 0 -0.975094
11850 0.082756 0 -0.888811
11900 0.021166 0 -0.905768
11950 0.184175 0 -1.07907
12000 0.0571149 0 -1.28771
12050 0.0700493 0 -1.34788
12100 0.137047 0 -1.37932
12150 0.102307 0 -1.40569
12200 0.289927 0 -1.58034
12250 0.332548 0 -1.38075
12300 0.140329 0 -1.35815
12350 0.0902759 0 -1.26714
12400 0.246424 0 -1.47468
12450 0.324337 0 -1.58039
12500 0.331719 0 -1.55306
12550 0.168848 0 -1.33699
12600 0.0415148 0 -1.30862
12650 0.107261 0 -1.20232
12700 -0.0898413 0 -1.11762
12750 0.158168 0 -1.15821
12800 0.0870067 0 -1.11077
12850 0.159678 0 -1.32617
12900 0.0198733 0 -1.2709
12950 0.201235 0 -1.25057
13000 0.119318 0 -1.2007
13050 0.170587 0 -1.32436
13100 0.00939073 0 -1.37125
13150 0.144301 0 -1.39229
13200 0.158513 0 -1.18892
13250 0.150806 0 -1.07095
13300 0.247531 0 -1.11165
13350 0.0909582 0 -1.21036
13400 0.0519533 0 -1.05555
13450 0.143645 0 -0.875296
13500 0.112543 0 -0.80277
13550 0.1244 0 -0.916963
13600 0.167744 0 -1.1157
13650 0.0841152 0 -1.16142
13700 0.149893 0 -1.19981
13750 0.300408 0 -1.28546
13800 0.366771 0 -1.22896
13850 0.379765 0 -1.34325
13900 0.340844 0 -1.31292
13950 0.335036 0 -1.38261
14000 0.378431 0 -1.43212
14050 0.350648 0 -1.46031
14100 0.29386 0 -1.31357
14150 0.22323 0 -1.29088
14200 0.518028 0 -1.45573
14250 0.442276 0 -1.44712
14300 0.443422 0 -1.47835
14350 0.355329 0 -1.31001
14400 0.19388 0 -1.28605
14450 0.445666 0 -1.47834
14500 0.453049 0 -1.39801
14550 0.330407 0 -1.28961
14600 0.360679 0 -1.28271
14650 0.284731 0 -1.45162
14700 0.384371 0 -1.54286
14750 0.372293 0 -1.46174
14800 0.338327 0 -1.24385
14850 0.215444 0 -1.38999
14900 0.403215 0 -1.41254
14950 0.24249 0 -1.50281
15000 0.546401 0 -1.55078
15050 0.479364 0 -1.43058
15100 0.497184 0 -1.46126
15150 0.479729 0 -1.71685
15200 0.271197 0 -1.56728
15250 0.405063 0 -1.2517
15300 0.280812 0 -1.26604
15350 0.311848 0 -1.46566
15400 0.255849 0 -1.43337
15450 0.0576687 0 -1.41383
15500 -0.0478409 0 -1.2657
15550 0.0200881 0 -1.36772
15600 0.164765 0 -1.6815
15650 0.184636 0 -1.47486
15700 0.232734 0 -1.35739
15750 0.197739 0 -1.27009
15800 0.260451 0 -1.52209
15850 0.200208 0 -1.63321
15900 0.0992013 0 -1.34783
15950 0.000909459 0 -1.41813
16000 0.0695989 0 -1.31198
16050 0.141801 0 -1.40598
16100 0.0816872 0 -1.41746
16150 0.108351 0 -1.28104
16200 0.137407 0 -1.1912
16250 0.182415 0 -1.40446
16300 0.160084 0 -1.49608
16350 0.117445 0 -1.36882
16400 0.0685294 0 -1.02738
16450 0.00866545 0 -1.02394
16500 -0.00929209 0 -0.943751
16550 0.0607521 0 -0.74361
16600 -0.00113536 0 -0.44285
16650 -0.0860787 0 -0.51961
16700 -0.0872786 0 -0.620288
16750 -0.0502446 0 -0.723412
16800 -0.00538018 0 -0.824649
16850 -0.0212792 0 -0.773666
16900 -0.135392 0 -1.0512
16950 -0.190022 0 -1.34852
17000 -0.171165 0 -1.54359
17050 -0.0080391 0 -1.48737
17100 -0.13268 0 -1.45198
17150 -0.162158 0 -1.50361
17200 0.0606794 0 -1.43399
17250 0.173598 0 -1.27661
17300 0.146034 0 -1.33046
17350 0.0753267 0 -1.43607
17400 0.118491 0 -1.27634
17450 0.0773762 0 -1.43468
17500 0.206092 0 -1.37471
17550 0.216271 0 -1.38138
17600 0.121722 0 -1.36282
17650 0.0878701 0 -1.29795
17700 0.136132 0 -1.33609
17750 0.11428 0 -1.3813
17800 0.332077 0 -1.25828
17850 0.391515 0 -1.09393
17900 0.383462 0 -0.960892
17950 0.374011 0 -1.13539
18000 0.343645 0 -1.23116
18050 0.0387989 0 -1.14061
18100 0.0182287 0 -1.36179
18150 0.0543274 0 -1.56087
18200 0.21521 0 -1.869
18250 0.346957 0 -1.63451
18300 0.254366 0 -1.35578
18350 -0.0440979 0 -1.63021
18400 0.0888271 0 -1.41912
18450 0.495525 0 -1.44838
18500 0.739107 0 -1.19791
18550 0.574061 0 -1.25631
18600 0.4684 0 -1.33493
18650 0.404196 0 -1.36793
18700 0.284892 0 -1.3378
18750 0.246531 0 -1.39709
18800 0.0524568 0 -1.37712
18850 0.0912229 0 -1.32961
18900 0.164355 0 -1.51971
18950 0.227273 0 -1.48712
19000 0.231821 0 -1.55442
19050 0.0537359 0 -1.58906
19100 0.124726 0 -1.35858
19150 0.229873 0 -1.40658
19200 0.181736 0 -1.43896
19250 0.145086 0 -1.38207
19300 0.196194 0 -1.39847
19350 0.14821 0 -1.34878
19400 0.0999191 0 -1.39055
19450 0.157985 0 -1.24767
19500 -0.039721 0 -1.27523
19550 -0.0102161 0 -1.31747
19600 0.166143 0 -1.58157
19650 0.0657187 0 -1.59212
19700 0.247241 0 -1.33303
19750 0.210268 0 -1.18091
19800 0.106521 0 -1.07595
19850 0.404859 0 -1.16056
19900 0.45093 0 -1.25109
19950 0.402489 0 -1.22633
20000 0.37035 0 -1.11968
20050 0.272931 0 -1.10274
20100 0.334587 0 -1.07314
20150 0.356472 0 -1.09263
20200 0.3281 0 -1.2506
20250 0.217015 0 -1.33014
20300 0.294657 0 -1.36478
20350 0.337755 0 -1.63932
20400 0.468351 0 -1.40246
20450 0.20419 0 -1.26713
20500 0.0533463 0 -1.44142
20550 0.159505 0 -1.3372
20600 0.255933 0 -1.41713
20650 0.369191 0 -1.19825
20700 0.321572 0 -1.22462
20750 0.233235 0 -1.26871
20800 0.350043 0 -1.22737
20850 0.411287 0 -1.23056
20900 0.528361 0 -1.18257
20950 0.101866 0 -1.14479
21000 -0.00506977 0 -1.11967
21050 -0.127212 0 -1.13279
21100 0.08607 0 -1.27723
21150 0.393472 0 -1.05551
21200 0.318859 0 -0.992947
21250 0.325086 0 -1.15318
21300 0.283666 0 -1.13877
21350 0.29913 0 -1.33794
21400 0.351996 0 -1.33719
21450 0.202696 0 -1.25771
21500 0.00106291 0 -1.35183
21550 0.11589 0 -1.4774
21600 0.272463 0 -1.63089
21650 0.283095 0 -1.45266
21700 0.224237 0 -1.47476
21750 -0.0992782 0 -1.57183
21800 -0.218399 0 -1.63944
21850 0.267561 0 -1.55082
21900 0.400287 0 -1.32539
21950 0.303464 0 -1.55434
22000 0.19902 0 -1.46354
22050 0.171405 0 -1.39973
22100 0.386744 0 -1.59909
22150 0.580873 0 -1.416
22200 0.486259 0 -1.38012
22250 0.185433 0 -1.41111
22300 -0.0115609 0 -1.53064
22350 0.388904 0 -1.52904
22400 0.530495 0 -1.3181
22450 0.504424 0 -1.45958
22500 0.340061 0 -1.40524
22550 0.199678 0 -1.53804
22600 0.357685 0 -1.54447
22650 0.292175 0 -1.40814
22700 0.353995 0 -1.31463
22750 0.360018 0 -1.49914
22800 0.248303 0 -1.54346
22850 0.189514 0 -1.51694
22900 0.271982 0 -1.38183
22950 0.21889 0 -1.29945
23000 0.00565442 0 -1.24549
23050 0.138159 0 -1.47885
23100 0.183328 0 -1.46994
23150 0.100983 0 -1.49216
23200 0.129231 0 -1.208
23250 0.136686 0 -1.0876
23300 0.336153 0 -1.23202
23350 0.343191 0 -1.15099
23400 0.131446 0 -1.40432
23450 0.0268784 0 -1.40218
23500 -0.00215071 0 -1.17985
23550 0.191633 0 -1.21847
23600 0.299458 0 -1.21562
23650 0.543919 0 -1.18984
23700 0.355928 0 -1.4022
23750 0.441679 0 -1.37037
23800 0.455865 0 -1.32526
23850 0.371171 0 -1.45888
23900 0.525918 0 -1.41384
23950 0.254407 0 -1.40996
24000 0.14037 0 -1.41941
24050 0.371486 0 -1.49431
24100 0.365739 0 -1.42607
24150 0.431875 0 -1.446
24200 0.292253 0 -1.40288
24250 0.127212 0 -1.3141
24300 0.258017 0 -1.4366
24350 0.0757183 0 -1.43036
24400 -0.0937436 0 -1.37129
24450 -0.127875 0 -1.16266
24500 -0.244022 0 -1.15492
24550 -0.0295582 0 -1.22328
24600 0.146685 0 -1.33215
24650 -0.108409 0 -1.38977
24700 -0.119536 0 -1.35255
24750 -0.0456593 0 -1.43499
24800 0.0289498 0 -1.53038
24850 0.141107 0 -1.33015
24900 0.147143 0 -1.34079
24950 0.0995971 0 -1.32798
25000 0.365625 0 -1.38549
25050 0.460569 0 -1.35111
25100 0.276154 0 -1.5055
25150 -0.004156 0 -1.67363
25200 0.157321 0 -1.47681
25250 0.384608 0 -1.39747
25300 0.53705 0 -1.26365
25350 0.34109 0 -1.31386
25400 0.199117 0 -1.27397
25450 0.276232 0 -1.30772
25500 0.231105 0 -1.30485
25550 0.161368 0 -1.24371
25600 0.242029 0 -1.17619
25650 0.105308 0 -1.16507
25700 0.222338 0 -1.29599
25750 0.222716 0 -1.26387
25800 0.274104 0 -1.21163
25850 -0.0153538 0 -1.40008
25900 0.139588 0 -1.39759
25950 0.384052 0 -1.4376
26000 0.388556 0 -1.39847
26050 0.416367 0 -1.46546
26100 0.216828 0 -1.39324
26150 0.0240129 0 -1.3951
26200 0.294523 0 -1.37744
26250 0.467929 0 -1.21782
26300 0.399611 0 -1.23291
26350 0.358781 0 -1.33812
26400 0.325752 0 -1.29258
26450 0.408306 0 -1.50519
26500 0.45136 0 -1.32632
26550 0.268002 0 -1.24257
26600 0.172608 0 -1.1609
26650 0.431363 0 -1.18224
26700 0.445804 0 -1.24636
26750 0.609171 0 -0.984659
26800 0.186233 0 -0.857729
26850 0.0827452 0 -1.09239
26900 0.269821 0 -1.16191
26950 0.454217 0 -1.26247
27000 0.471882 0 -1.29054
27050 0.13188 0 -1.2157
27100 0.0696919 0 -1.22234
27150 0.148797 0 -1.34423
27200 -0.0379163 0 -1.36754
27250 0.213435 0 -1.39197
27300 0.199231 0 -1.15856
27350 0.102934 0 -1.06941
27400 0.219315 0 -0.987005
27450 0.00472563 0 -1.04989
27500 0.0591055 0 -1.18044
27550 0.154908 0 -1.02379
27600 0.31767 0 -0.648231
27650 0.137962 0 -0.54041
27700 0.224395 0 -0.613196
27750 0.116745 0 -0.832957
27800 0.0308138 0 -0.747552
27850 0.0801471 0 -0.632243
27900 0.0285501 0 -0.43815
