200 -0.0174554 0 0.028536
250 -0.0148584 0 0.0283864
300 -0.0223868 0 0.0410768
350 -0.000191681 0 0.0169255
400 -0.0115357 0 0.015498
450 -0.0142582 0 0.0191291
500 -0.0129398 0 0.00547381
550 -0.00948319 0 0.0133763
600 -0.0132205 0 0.0215662
650 -0.014579 0 0.0309872
700 -0.00688222 0 0.0175847
750 -0.012399 0 0.0272657
800 -0.0123229 0 0.0306457
850 -0.0149386 0 0.0179223
900 -0.00929133 0 0.0210649
950 -0.016424 0 0.0275781
1000 -0.0103369 0 0.024664
1050 -0.00852718 0 0.0147603
1100 0.0187804 0 -0.00714167
1150 0.0425359 0 -0.0788977
1200 -0.0922567 0 -0.16173
1250 -0.144988 0 -0.304891
1300 -0.167743 0 -0.304088
1350 0.0777896 0 -0.510224
1400 0.127942 0 -0.625626
1450 0.0793821 0 -0.63367
1500 0.0343001 0 -0.509423
1550 -0.089129 0 -0.609721
1600 -0.22428 0 -0.738182
1650 0.0455744 0 -0.784545
1700 0.0297218 0 -0.789068
1750 0.0888645 0 -0.856593
1800 -0.0482532 0 -0.697488
1850 -0.180232 0 -0.688996
1900 -0.203143 0 -0.701421
1950 -0.0495587 0 -0.733314
2000 -0.106076 0 -0.831261
2050 -0.0659172 0 -0.611797
2100 0.0201733 0 -0.577746
2150 -0.11006 0 -0.534151
2200 -0.143353 0 -0.412179
2250 -0.0275973 0 -0.502438
2300 -0.00246018 0 -0.521166
2350 0.0369318 0 -0.531153
2400 -0.00449106 0 -0.568438
2450 -0.127502 0 -0.563568
2500 -0.0815177 0 -0.480172
2550 -0.0642419 0 -0.496306
2600 0.0572058 0 -0.553144
2650 0.0837575 0 -0.532642
2700 0.0422937 0 -0.460967
2750 -0.0438469 0 -0.641175
2800 -0.0877865 0 -0.670987
2850 -0.00743413 0 -0.78776
2900 0.121289 0 -1.05836
2950 0.126609 0 -1.0155
3000 0.0639912 0 -1.10541
3050 -0.100631 0 -1.04443
3100 -0.0283823 0 -0.968332
3150 0.0117198 0 -1.02717
3200 -0.00187451 0 -1.06891
3250 -0.0607822 0 -1.38968
3300 -0.0276515 0 -1.35479
3350 0.00210607 0 -1.30861
3400 0.0858571 0 -1.29275
3450 -0.0460944 0 -1.22644
3500 0.0381601 0 -1.26015
3550 0.056725 0 -1.27943
3600 -0.161972 0 -1.44603
3650 0.043434 0 -1.44142
3700 0.25255 0 -1.39779
3750 0.150949 0 -1.3035
3800 0.150398 0 -1.33681
3850 -0.0742873 0 -1.42368
3900 0.0151523 0 -1.41151
3950 -0.00542226 0 -1.36818
4000 0.0472468 0 -1.43593
4050 -0.030331 0 -1.54593
4100 0.0807513 0 -1.43647
4150 -0.0599542 0 -1.45599
4200 0.116331 0 -1.42811
4250 0.0373331 0 -1.47528
4300 0.0192448 0 -1.50461
4350 -0.0695404 0 -1.56517
4400 0.156759 0 -1.50392
4450 0.0699822 0 -1.47534
4500 0.0519784 0 -1.28518
4550 0.127449 0 -1.19124
4600 0.212621 0 -1.2601
4650 0.0746889 0 -1.34473
4700 0.197183 0 -1.23046
4750 0.206785 0 -1.26709
4800 0.188918 0 -1.11222
4850 0.123294 0 -1.15353
4900 0.0711688 0 -1.17482
4950 0.272923 0 -1.06334
5000 0.208292 0 -1.16681
5050 0.179319 0 -1.05809
5100 0.100146 0 -1.23215
5150 0.0536447 0 -1.04501
5200 0.248324 0 -0.9095
5250 0.183137 0 -0.960625
5300 0.0966774 0 -0.904059
5350 0.0658596 0 -1.06304
5400 -0.0396937 0 -0.919865
5450 0.103004 0 -0.997975
5500 0.175918 0 -0.912987
5550 0.0950748 0 -0.797038
5600 -0.0720225 0 -0.915843
5650 0.0173614 0 -0.74009
5700 0.246982 0 -0.784708
5750 0.26989 0 -0.67804
5800 0.0280894 0 -0.778617
5850 0.0669754 0 -0.741024
5900 -0.0617325 0 -0.74643
5950 0.034957 0 -0.670707
6000 0.254677 0 -0.819027
6050 0.130263 0 -0.670178
6100 0.0720395 0 -0.656955
6150 -0.0146769 0 -0.67002
6200 0.0372894 0 -0.535573
6250 0.132805 0 -0.518557
6300 0.0661789 0 -0.513243
6350 -0.0948963 0 -0.508734
6400 -0.102444 0 -0.724271
6450 -0.155833 0 -0.736727
6500 0.0401615 0 -0.64814
6550 0.0643845 0 -0.756818
6600 -0.0313956 0 -0.644711
6650 0.0434224 0 -0.639818
6700 -0.0765769 0 -0.69503
6750 -0.0987592 0 -0.587662
6800 0.110788 0 -0.587309
6850 0.0477827 0 -0.531348
6900 -0.0570022 0 -0.502649
6950 -0.456974 0 0.270945
7000 -0.36352 0 0.196063
7050 -0.222868 0 -0.174348
7100 -0.0836453 0 -0.103841
7150 0.025651 0 0.0121517
7200 0.0566505 0 -0.0588721
7250 0.011024 0 -0.000574961
7300 -0.00569385 0 0.0462594
7350 -0.0142991 0 0.0110525
7400 -0.0230616 0 0.0230545
7450 -0.015715 0 0.0479432
7500 -0.0173807 0 0.0408824
7550 -0.0208104 0 0.0271617
7600 -0.0216587 0 0.0044408
7650 -0.0243879 0 -0.012097
7700 -0.0121646 0 -0.113371
7750 0.0781277 0 -0.223584
7800 0.139059 0 -0.401237
7850 0.16276 0 -0.414622
7900 -0.00867181 0 -0.431154
7950 -0.146815 0 -0.677679
8000 -0.113588 0 -0.849304
8050 0.0676578 0 -0.862418
8100 0.113947 0 -0.811338
8150 0.0650172 0 -0.732346
8200 -0.0200439 0 -0.855146
8250 0.00819805 0 -0.843731
8300 -0.0924403 0 -0.814712
8350 -0.0355098 0 -0.998561
8400 -0.0490161 0 -0.970141
8450 -0.223561 0 -1.12486
8500 -0.186054 0 -1.25294
8550 0.0559292 0 -1.18683
8600 0.146411 0 -1.15888
8650 0.170463 0 -1.16552
8700 0.0356144 0 -1.1537
8750 0.0208204 0 -1.12828
8800 0.1323 0 -1.28108
8850 0.052376 0 -1.2152
8900 0.138197 0 -1.36897
8950 0.124101 0 -1.27908
9000 0.157501 0 -1.3861
9050 0.198941 0 -1.27127
9100 0.187983 0 -1.43223
9150 0.184155 0 -1.26873
9200 0.294527 0 -1.2653
9250 0.463033 0 -1.09852
9300 0.237629 0 -1.24191
9350 0.23828 0 -1.29287
9400 0.112708 0 -1.38438
9450 0.212734 0 -1.37785
9500 0.181932 0 -1.40106
9550 0.215064 0 -1.32277
9600 0.188768 0 -1.47442
9650 0.0214162 0 -1.33034
9700 -0.0162326 0 -1.43015
9750 -0.0814099 0 -1.28947
9800 0.0994209 0 -1.21718
9850 0.11208 0 -1.19864
9900 0.163986 0 -1.22412
9950 0.18265 0 -1.26777
10000 0.232805 0 -1.36176
10050 0.138744 0 -1.40655
10100 0.107086 0 -1.45369
10150 0.0657415 0 -1.42254
10200 0.237899 0 -1.40854
10250 -0.0406658 0 -1.37594
10300 0.0877345 0 -1.43166
10350 -0.0498885 0 -1.45885
10400 0.0330643 0 -1.53586
10450 0.0862179 0 -1.40194
10500 0.15274 0 -1.29143
10550 -0.0581836 0 -1.47443
10600 0.0645259 0 -1.36979
10650 0.0858956 0 -1.51673
10700 0.12971 0 -1.43501
10750 0.0287844 0 -1.54234
10800 -0.0252955 0 -1.59431
10850 -0.0201389 0 -1.50201
10900 0.0530404 0 -1.19519
10950 0.0236625 0 -1.42682
11000 -0.0197912 0 -1.50365
11050 -0.117686 0 -1.30842
11100 0.11987 0 -1.22596
11150 -0.18721 0 -1.24505
11200 -0.189448 0 -1.32384
11250 -0.138341 0 -1.32589
11300 0.0843303 0 -1.28506
11350 0.0038012 0 -1.17084
11400 -0.0538441 0 -1.00703
11450 -0.0319436 0 -0.940065
11500 -0.046916 0 -0.956047
11550 0.0685771 0 -1.17985
11600 0.104031 0 -1.12605
11650 0.0947413 0 -1.20173
11700 0.0454632 0 -0.941736
11750 0.0364329 0 -0.990855
11800 0.0261999 0 -0.9751
11850 0.0501166 0 -0.909172
11900 -0.0426344 0 -1.00601
11950 -0.069112 0 -0.824711
12000 0.121354 0 -1.01415
12050 0.0357177 0 -0.93592
12100 0.0430082 0 -0.87416
12150 -0.0260458 0 -1.11213
12200 -0.0031033 0 -0.921238
12250 0.166238 0 -1.06393
12300 0.268917 0 -0.93924
12350 0.257831 0 -0.98611
12400 0.0601554 0 -1.12726
12450 -0.0363986 0 -1.23486
12500 0.082091 0 -1.21659
12550 0.0775513 0 -0.983488
12600 0.0717933 0 -0.97233
12650 -0.0921341 0 -0.917381
12700 -0.0447934 0 -0.750077
12750 0.0883933 0 -0.963615
12800 0.0514902 0 -0.999484
12850 0.112312 0 -0.967385
12900 -0.152354 0 -1.05307
12950 -0.0886742 0 -0.815479
13000 0.024729 0 -0.913025
13050 -0.0391119 0 -0.827453
13100 0.0711615 0 -0.751981
13150 -0.0627765 0 -0.957252
13200 -0.116573 0 -0.97617
13250 0.00509321 0 -1.01028
13300 0.130648 0 -0.958509
13350 0.014171 0 -0.89314
13400 0.0408127 0 -0.93228
13450 -0.0912673 0 -0.867267
13500 -0.000852932 0 -0.680231
13550 -0.0213011 0 -0.885472
13600 -0.161111 0 -0.725803
13650 -0.00793218 0 -0.739482
13700 -0.131198 0 -0.860754
13750 0.0597754 0 -0.799569
13800 0.0871347 0 -0.724045
13850 0.182639 0 -0.723613
13900 0.176769 0 -0.664586
13950 0.160091 0 -0.811927
14000 0.154719 0 -0.949942
14050 0.299614 0 -0.730355
14100 0.429424 0 -0.870338
14150 0.225285 0 -0.828474
14200 0.161787 0 -0.718155
14250 0.116167 0 -0.763255
14300 0.016208 0 -0.572789
14350 0.172278 0 -0.612047
14400 0.101462 0 -0.622762
14450 0.0638521 0 -0.679626
14500 0.126373 0 -0.809198
14550 0.0738577 0 -0.804669
14600 0.232871 0 -0.582226
14650 0.234664 0 -0.721899
14700 0.0836532 0 -0.75552
14750 0.197199 0 -0.628638
14800 -0.0510433 0 -0.785144
14850 -0.0839654 0 -0.879244
14900 0.0881613 0 -0.687673
14950 0.225038 0 -0.733777
15000 0.0715697 0 -0.740012
15050 -0.0972221 0 -0.704316
15100 -0.0373725 0 -0.916221
15150 0.000232922 0 -0.940681
15200 0.251668 0 -1.00055
15250 0.203021 0 -1.10073
15300 -0.0300249 0 -1.05918
15350 -0.0011278 0 -1.14584
15400 0.0200143 0 -1.06053
15450 -0.00290437 0 -1.0742
15500 0.118085 0 -1.11989
15550 0.193055 0 -1.06568
15600 0.189972 0 -1.28573
15650 0.0953888 0 -1.21199
15700 0.344111 0 -1.30733
15750 0.242568 0 -1.20324
15800 -0.0529143 0 -1.27673
15850 -0.0651342 0 -1.34881
15900 0.0128117 0 -1.3748
15950 0.0972572 0 -1.29227
16000 0.177896 0 -1.40406
16050 0.20898 0 -1.32415
16100 0.100849 0 -1.22815
16150 0.0483492 0 -1.26146
16200 0.0301061 0 -1.26427
16250 -0.150413 0 -1.38368
16300 -0.107403 0 -1.40961
16350 -0.0383589 0 -1.48029
16400 -0.0370131 0 -1.31745
16450 0.0253452 0 -1.26827
16500 0.0623798 0 -1.25303
16550 0.00185617 0 -1.37378
16600 0.0370246 0 -1.27907
16650 -0.00777888 0 -1.35983
16700 0.0409172 0 -1.22025
16750 0.0570304 0 -1.27463
16800 0.0979733 0 -1.1999
16850 0.129005 0 -1.33214
16900 0.191074 0 -1.31534
16950 0.118235 0 -1.48278
17000 0.0374668 0 -1.30673
17050 -0.0707926 0 -1.35507
17100 0.232976 0 -1.3117
17150 -0.0296574 0 -1.39578
17200 -0.216716 0 -1.29538
17250 -0.108774 0 -1.23422
17300 0.236131 0 -1.15395
17350 0.234114 0 -1.22355
17400 0.109021 0 -1.23882
17450 0.164002 0 -1.1902
17500 0.138166 0 -1.14275
17550 0.145523 0 -1.07782
17600 0.14532 0 -1.00164
17650 0.112982 0 -1.00287
17700 0.0292387 0 -1.00597
17750 0.0573047 0 -0.834266
17800 0.16799 0 -1.02883
17850 0.145038 0 -0.879544
17900 0.028472 0 -0.933563
17950 0.0332132 0 -0.830767
18000 0.00934997 0 -0.936398
18050 0.146756 0 -0.939624
18100 0.0593789 0 -0.940664
18150 0.075487 0 -1.0111
18200 0.0808968 0 -0.854028
18250 0.0347725 0 -0.860454
18300 0.0737307 0 -0.858612
18350 0.0405371 0 -1.02575
18400 0.000360804 0 -0.91802
18450 0.0941943 0 -0.703362
18500 0.0427664 0 -0.87984
18550 -0.0199811 0 -0.708107
18600 -0.13412 0 -0.917949
18650 -0.137522 0 -0.831775
18700 0.102079 0 -0.879514
18750 0.144464 0 -0.886668
18800 0.241153 0 -0.947006
18850 0.12863 0 -1.06652
18900 0.0763237 0 -0.836287
18950 0.175389 0 -0.962589
19000 0.121705 0 -0.919866
19050 0.085845 0 -0.853547
19100 0.0109606 0 -1.04215
19150 -0.0489277 0 -0.882776
19200 0.077925 0 -1.08544
19250 0.0884237 0 -0.919727
19300 0.10344 0 -0.897451
19350 0.0265186 0 -1.09805
19400 0.0149895 0 -0.856759
19450 0.0749679 0 -0.924642
19500 0.158591 0 -0.81666
19550 0.00608671 0 -0.727504
19600 0.0576684 0 -0.83372
19650 0.00625047 0 -0.922269
19700 0.0992515 0 -0.813384
19750 0.153113 0 -1.03866
19800 0.143679 0 -0.732729
19850 0.212575 0 -0.749632
19900 -0.0878256 0 -0.741309
19950 -0.00657304 0 -0.684997
20000 0.0151934 0 -0.778309
20050 0.0447914 0 -0.682535
20100 0.0434622 0 -0.755414
20150 0.00611209 0 -0.721667
20200 0.00196785 0 -0.743665
20250 0.0676769 0 -0.633938
20300 0.142751 0 -0.775224
20350 0.1093 0 -0.728002
20400 -0.146885 0 -0.777022
20450 -0.153004 0 -0.796056
20500 -0.0879161 0 -0.748293
20550 0.101442 0 -0.570041
20600 0.18276 0 -0.51258
20650 0.206119 0 -0.590866
20700 0.0383698 0 -0.435729
20750 0.00340443 0 -0.545246
20800 -0.049809 0 -0.816441
20850 -0.00657624 0 -0.641746
20900 0.219766 0 -0.403839
20950 0.332237 0 -0.575713
21000 0.0771714 0 -0.440906
21050 -0.0169511 0 -0.427565
21100 -0.0595049 0 -0.581678
21150 -0.0130447 0 -0.495867
21200 0.222749 0 -0.396065
21250 0.33971 0 -0.267043
21300 0.27492 0 -0.404656
21350 0.108897 0 -0.353596
21400 0.0788853 0 -0.381599
21450 -0.0654131 0 -0.354924
21500 -0.0560648 0 -0.325604
21550 0.0104773 0 0.0888611
21600 0.274803 0 -0.246919
21650 0.259942 0 -0.323703
21700 0.0390733 0 -0.332275
21750 0.0115416 0 -0.505095
21800 -0.0770183 0 -0.577997
21850 -0.0367076 0 -0.647264
21900 0.0643534 0 -0.650878
21950 0.0903657 0 -0.762222
22000 0.0461606 0 -0.726534
22050 -0.000533697 0 -0.750675
22100 0.141663 0 -0.973925
22150 0.202149 0 -1.01336
22200 0.422216 0 -1.1091
22250 0.450328 0 -1.1402
22300 0.37176 0 -1.07745
22350 0.152296 0 -1.22726
22400 0.244352 0 -1.11091
22450 0.320291 0 -1.2248
22500 0.304674 0 -1.07747
22550 0.311539 0 -1.15885
22600 0.325902 0 -1.31059
22650 0.450971 0 -1.19369
22700 0.537139 0 -1.12112
22750 0.533664 0 -1.0615
22800 0.439616 0 -1.38129
22850 0.339078 0 -1.22629
22900 -0.069217 0 -1.26375
22950 0.0732388 0 -1.06529
23000 0.0996478 0 -1.36865
23050 0.190777 0 -1.16575
23100 0.0105761 0 -1.21805
23150 0.0986476 0 -1.20877
23200 0.0211282 0 -1.2583
23250 0.21881 0 -1.03852
23300 0.408456 0 -1.06265
23350 0.337115 0 -1.07469
23400 0.287529 0 -1.22683
23450 0.241482 0 -1.13269
23500 0.241978 0 -1.13565
23550 0.346673 0 -0.974823
23600 0.0579475 0 -1.23977
23650 0.127264 0 -1.19063
23700 0.244313 0 -1.25342
23750 0.24445 0 -1.18699
23800 0.315063 0 -1.14963
23850 0.108202 0 -1.34877
23900 0.121891 0 -1.17622
23950 0.00648393 0 -1.20844
24000 0.0970624 0 -1.09196
24050 0.238365 0 -1.25547
24100 0.208393 0 -1.14507
24150 0.223123 0 -1.21595
24200 0.112667 0 -1.25162
24250 0.147267 0 -1.39039
24300 0.238126 0 -1.24874
24350 0.2015 0 -1.36976
24400 0.0371233 0 -1.34503
24450 0.0930717 0 -1.42978
24500 0.217407 0 -1.33667
24550 0.312275 0 -1.28244
24600 0.185591 0 -1.27147
24650 0.0608503 0 -1.40975
24700 0.0645379 0 -1.40399
24750 -0.0522363 0 -1.47223
24800 -0.0711991 0 -1.50346
24850 0.036255 0 -1.49016
24900 0.253693 0 -1.42373
24950 0.339709 0 -1.34479
25000 0.33573 0 -1.35226
25050 0.247164 0 -1.38396
25100 0.276832 0 -1.43318
25150 0.18222 0 -1.39754
25200 0.152506 0 -1.32795
25250 0.107514 0 -1.40244
25300 0.228974 0 -1.40107
25350 0.27184 0 -1.26991
25400 0.230814 0 -1.40879
25450 0.114713 0 -1.35784
25500 0.0917919 0 -1.30951
25550 0.101985 0 -1.37418
25600 0.120654 0 -1.37252
25650 0.0254987 0 -1.53185
25700 0.0916797 0 -1.41285
25750 0.136232 0 -1.40104
25800 0.132742 0 -1.40009
25850 0.224832 0 -1.32743
25900 0.339025 0 -1.2565
25950 0.0844517 0 -1.40791
26000 -0.0119764 0 -1.45727
26050 0.0618699 0 -1.52068
26100 0.236103 0 -1.33819
26150 0.472402 0 -1.31587
26200 0.303514 0 -1.41916
26250 0.0726403 0 -1.47559
26300 0.138103 0 -1.32711
26350 0.0937129 0 -1.42397
26400 0.011259 0 -1.3348
26450 -0.0240687 0 -1.45722
26500 0.120162 0 -1.35987
26550 0.0252135 0 -1.48208
26600 -0.0130646 0 -1.49373
26650 -0.0161464 0 -1.50289
26700 0.158394 0 -1.4851
26750 0.124412 0 -1.5119
26800 0.0122724 0 -1.47742
26850 -0.0298633 0 -1.6138
26900 0.213585 0 -1.48354
26950 0.217847 0 -1.55757
27000 0.335409 0 -1.41333
27050 0.250273 0 -1.60371
27100 0.249526 0 -1.53646
27150 0.144868 0 -1.63724
27200 0.182843 0 -1.49757
27250 0.273412 0 -1.48552
27300 0.304838 0 -1.27546
27350 0.190986 0 -1.40806
27400 0.047924 0 -1.52653
27450 0.115857 0 -1.53299
27500 0.170926 0 -1.5774
27550 0.283223 0 -1.51289
27600 0.0060739 0 -1.5064
27650 0.0174137 0 -1.5871
27700 0.202236 0 -1.44021
27750 0.272384 0 -1.43582
27800 0.140609 0 -1.45717
27850 0.215239 0 -1.45687
27900 -0.0507052 0 -1.47733
27950 0.111176 0 -1.57629
28000 0.272325 0 -1.62665
28050 0.384185 0 -1.36225
28100 0.259402 0 -1.44914
28150 0.176538 0 -1.60994
28200 0.0601633 0 -1.59107
28250 0.143578 0 -1.53476
28300 -0.0481254 0 -1.38044
28350 -0.0787728 0 -1.27529
28400 -0.214411 0 -1.19385
28450 -0.162396 0 -1.19439
28500 -0.0937403 0 -1.23717
28550 -0.0368705 0 -1.34551
28600 0.0662292 0 -1.29707
28650 0.0932518 0 -1.33808
28700 0.114504 0 -1.28603
28750 0.142216 0 -1.13558
28800 -0.0799147 0 -1.10667
28850 0.0353134 0 -1.0076
28900 0.150853 0 -1.13915
28950 0.189478 0 -0.989257
29000 0.165617 0 -1.26868
29050 0.0834483 0 -1.07008
29100 0.185854 0 -1.16108
29150 0.189417 0 -1.07979
29200 -0.0509021 0 -1.1841
29250 -0.224782 0 -1.25171
29300 -0.11618 0 -1.12413
29350 0.0387247 0 -1.17313
29400 0.0882168 0 -1.03456
29450 -0.0110792 0 -1.25185
29500 0.0744571 0 -0.981963
29550 0.0818627 0 -1.12769
29600 0.0924619 0 -1.03003
29650 -0.0272954 0 -1.00282
29700 -0.0826769 0 -0.975257
29750 -0.0702166 0 -0.776209
29800 -0.0508367 0 -0.969056
29850 0.0861285 0 -0.75971
29900 0.082362 0 -0.85072
29950 0.00507365 0 -0.989188
30000 0.0249862 0 -0.828606
30050 0.0577158 0 -1.01199
30100 -0.0402257 0 -0.783036
30150 -0.0687545 0 -0.890645
30200 -0.0547007 0 -0.825391
30250 0.0256849 0 -0.835764
30300 0.173771 0 -0.809411
30350 0.0749199 0 -0.688386
30400 0.0930849 0 -0.779648
30450 0.0670116 0 -0.544624
30500 0.136163 0 -0.593021
30550 0.174555 0 -0.702279
30600 -0.0230762 0 -0.513297
30650 -0.0798747 0 -0.588412
30700 -0.106098 0 -0.500581
30750 0.0608801 0 -0.356344
30800 0.310589 0 -0.478874
30850 0.134084 0 -0.426137
30900 -0.115162 0 -0.420217
30950 -0.209246 0 -0.239614
31000 -0.315052 0 0.164403
31050 -0.202291 0 0.0622214
31100 -0.167975 0 0.0637791
31150 -0.00259152 0 0.0549582
31200 0.0756848 0 -0.00467569
31250 0.0345574 0 0.0430859
31300 0.00637482 0 0.0553403
31350 0.0134515 0 0.00580814
31400 -0.000717734 0 0.0388389
31450 -0.00472931 0 0.0365408
31500 -0.0176151 0 0.0261541
31550 -0.0196413 0 0.0183483
31600 -0.015262 0 0.0177811
31650 -0.0144668 0 0.00969672
31700 -0.017333 0 0.0192532
31750 -0.0133166 0 0.0342425
31800 -0.0147841 0 0.0319499
31850 -0.0218639 0 0.0165548
31900 -0.018998 0 0.0207928
31950 -0.0124301 0 0.0265286
