# Created at Tue Feb 20 14:28:04 CST 2018
856980501328401 1
856981074234895 2
856981666794710 3
856982279093769 4
856982832224873 5
856983405039814 6
856983977885273 7
856984570536640 8
856985143412617 9
856985716197041 10
856986289042500 11
856986842143086 12
856987395243672 13
856987968089131 14
856988521220234 15
856989094035176 16
856989647135762 17
856990220011738 18
856990773081807 19
856991326212910 20
856991879282978 21
856992392863504 22
856992886698953 23
856993400309793 24
856993894145242 25
856994427470437 26
856994960826150 27
856995513957254 28
856996067057840 29
856996659617654 30
856997271983377 31
856997884349099 32
856998437449685 33
856999049815408 34
856999444926492 35
857000195536843 36
857000728862039 37
857001321482888 38
857001874552957 39
857002467227706 40
857003040042647 41
857003612918624 42
857004047458419 43
857004837589034 44
857005410495528 45
857005983402022 46
857006496951827 47
857007109317550 48
857007741428145 49
857008373508224 50
857008788333663 51
857009045108565 52
857009677249679 53
857010230380782 54
857010822971114 55
857011395816573 56
857012008151778 57
857012581034604 58
857013153880063 59
857013746500912 60
857014358836117 61
857014951456967 62
857015544077817 63
857016116923276 64
857016709544125 65
857017084849301 66
857017855235043 67
857018191050473 68
857018823191586 69
857020205912533 70
857020739268246 71
857021292429867 72
857021865214291 73
857022418316505 74
857022971417091 75
857023504742286 76
857024057873390 77
857024591198585 78
857025164044044 79
857025736920020 80
857026052990577 81
857026902447364 82
857027277722022 83
857027534466407 84
857028127087257 85
857028699993751 86
857029312328956 87
857029865429542 88
857030398754737 89
857030754376075 90
857031505016944 91
857032058144652 92
857032630959593 93
857033203774535 94
857033737130247 95
857034290291869 96
857034823586546 97
857035356942259 98
857035890267455 99
857036443459593 100
857036719918333 101
857036976723753 102
857037529854857 103
857038082955443 104
857038636086546 105
857039169411742 106
857039485482298 107
857040236092650 108
857040789223753 109
857041322548949 110
857041855904662 111
857042389237834 112
857042942399455 113
857043475694133 114
857044009049846 115
857044542466594 116
857045095536662 117
857045628831340 118
857046162187053 119
857046695603801 120
857047248643351 121
857047801743937 122
857048335130168 123
857048868455363 124
857049401872111 125
857049915391398 126
857050448747111 127
857050982133342 128
857051535203410 129
857052068574949 130
857052641450925 131
857053194520994 132
857053747682615 133
857054320497556 134
857054873628660 135
857055446474119 136
857055999544187 137
857056552675291 138
857057125520750 139
857057639131590 140
857058192232175 141
857058725557371 142
857059258974119 143
857059831819578 144
857060384889646 145
857060938020750 146
857061471345945 147
857062024472843 148
857062577542911 149
857063110929141 150
857063644284854 151
857064197354923 152
857064730741153 153
857065283811221 154
857065817197452 155
857066370267520 156
857066923459659 157
857067456754337 158
857068029569278 159
857068562955509 160
857069116056094 161
857069669187198 162
857070222318302 163
857070775357852 164
857071328488956 165
857071861875186 166
857072434694697 167
857072987764766 168
857073560671260 169
857074094026973 170
857074666902949 171
857075200197627 172
857075773073604 173
857076345919062 174
857076899050166 175
857077432375361 176
857078024996211 177
857078597841670 178
857079190462520 179
857079743593623 180
857080336183955 181
857080889284541 182
857081442446162 183
857082015326625 184
857082588141566 185
857083121466761 186
857083595587855 187
857084207984095 188
857088948920375 189
857089561316615 190
857090153845912 191
857090726721888 192
857091358863002 193
857091911968222 194
857092504589071 195
857093037914266 196
857093689830770 197
857094084850302 198
857094855266561 199
857095408397665 200
857095961498251 201
857096455364218 202
857096988750448 203
857097245494833 204
857097719585409 205
857098292461386 206
857099082592001 207
857099675243368 208
857100070293417 209
857101532115927 210
857102144473466 211
857102697543535 212
857103309909257 213
857103902530107 214
857104435916337 215
857104969241533 216
857105502597246 217
857106035952958 218
857106569278154 219
857107122439775 220
857107675540361 221
857108208896074 222
857108761966142 223
857109315097246 224
857109848452958 225
857110401553544 226
857110994143876 227
857111547305498 228
857112080668836 229
857112693034559 230
857113226359754 231
857113779490858 232
857114312816053 233
857114846171766 234
857115438823133 235
857115991893202 236
857116545024305 237
857117117930799 238
857117670970350 239
857118224070936 240
857118796946913 241
857119350047499 242
857119922923475 243
857120476054579 244
857121048900038 245
857121602061659 246
857122155168664 247
857122727983605 248
857123281084191 249
857123853960168 250
857124407091271 251
857124979906212 252
857125533067834 253
857126086137902 254
857126659044396 255
857127212144982 256
857127765245568 257
857128318315636 258
857128891222130 259
857129464037072 260
857130017137658 261
857130570268761 262
857131123369347 263
857131676500451 264
857132229689174 265
857132802473598 266
857133375380092 267
857133928450160 268
857134481550746 269
857135054426723 270
857135607557826 271
857136180403285 272
857136753279262 273
857137345930629 274
857137918806605 275
857138491591029 276
857139064467006 277
857139637373500 278
857140190413051 279
857140862135463 280
857141158400111 281
857141434919887 282
