200 -0.0097256 0 0.0171822
250 -0.00869547 0 0.0190219
300 -0.00650682 0 0.0222603
350 -0.0184045 0 0.0210048
400 -0.0167896 0 0.0152871
450 -0.0178176 0 0.0173207
500 -0.0165514 0 0.0251197
550 -0.0111245 0 0.0265601
600 -0.0115608 0 0.0272103
650 -0.0110381 0 0.02983
700 0.0181328 0 -0.00903317
750 0.0625656 0 -0.114644
800 0.0219083 0 -0.40186
850 -0.128727 0 -0.633861
900 -0.138561 0 -0.714367
950 -0.0483116 0 -0.861533
1000 0.0519824 0 -1.04999
1050 -0.0133668 0 -1.04899
1100 -0.184216 0 -1.10353
1150 -0.200172 0 -1.06988
1200 -0.236972 0 -0.991215
1250 -0.161788 0 -0.928003
1300 -0.216917 0 -0.983111
1350 -0.0920783 0 -1.01708
1400 0.170529 0 -0.86483
1450 0.0943158 0 -0.638868
1500 0.360973 0 -0.928638
1550 0.0493348 0 -0.188829
1600 0.396103 0 -1.03678
1650 0.38235 0 -0.999979
1700 0.366643 0 -0.93988
1750 0.0377544 0 -0.167034
1800 0.40158 0 -1.05282
1850 0.401579 0 -1.05281
1900 0.401578 0 -1.0528
1950 0.401208 0 -1.05106
2000 0.40158 0 -1.05282
2050 0.40158 0 -1.05282
2100 0.401578 0 -1.05273
2150 0.399964 0 -1.04604
2200 0.401317 0 -1.05253
2250 0.398744 0 -1.04449
2300 0.38355 0 -0.990637
2350 0.345689 0 -0.877811
2400 0.35434 0 -0.914936
2450 0.0433035 0 -0.596092
2500 -0.00386849 0 -0.376816
2550 0.0379314 0 0.189204
2600 0.0456477 0 -0.274704
2650 0.108322 0 -0.129423
2700 0.0388578 0 0.0683216
2750 0.223948 0 0.388997
2800 0.35824 0 -0.136081
2850 0.741432 0 0.0314612
2900 0.52367 0 -0.482811
2950 0.0264632 0 -0.77354
3000 -0.124312 0 -0.800616
3050 -0.0796144 0 -0.92341
3100 -0.072621 0 -0.972615
3150 -0.206939 0 -1.14396
3200 0.391663 0 -1.01101
3250 0.387013 0 -1.00558
3300 -0.0156506 0 -0.821642
3350 -0.116686 0 -0.989516
3400 0.106693 0 -0.548946
3450 0.0873545 0 -0.63707
3500 -0.0703704 0 -0.692078
3550 -0.136063 0 -0.855423
3600 -1.15293 0 0.563374
3650 -0.144727 0 -0.713683
3700 0.0429865 0 -0.907572
3750 -0.0115731 0 -1.10565
3800 0.401598 0 -1.05285
3850 0.401836 0 -1.05265
3900 0.393322 0 -1.04217
3950 0.380955 0 -0.996836
4000 0.408615 0 -1.05659
4050 0.399526 0 -1.02036
4100 0.0554846 0 -0.985228
4150 0.0228111 0 -0.99055
4200 0.210894 0 -0.925846
4250 0.166079 0 -0.926412
4300 0.00424214 0 -0.984851
4350 -0.119667 0 -0.843667
4400 0.0318385 0 -0.743648
4450 0.0844541 0 -0.541082
4500 0.0697203 0 -0.232433
4550 0.00513557 0 0.273324
4600 0.372635 0 -0.967285
4650 0.367264 0 -0.927481
4700 0.0376003 0 -0.381784
4750 -0.00530832 0 -0.165436
4800 0.401574 0 -1.05281
4850 0.401569 0 -1.05269
4900 0.4014 0 -1.05153
4950 0.398331 0 -1.03717
5000 0.40158 0 -1.05282
5050 0.401579 0 -1.05281
5100 0.401531 0 -1.05248
5150 0.399706 0 -1.04441
5200 0.401565 0 -1.0528
5250 0.401447 0 -1.05242
5300 0.400378 0 -1.04629
5350 0.392413 0 -1.01254
5400 0.401472 0 -1.05269
5450 0.4011 0 -1.05112
5500 0.398302 0 -1.03822
5550 0.388886 0 -1.00381
5600 0.398276 0 -1.0461
5650 0.391705 0 -1.01124
5700 0.361971 0 -0.917399
5750 -0.9066 0 0.429814
5800 0.400793 0 -1.05171
5850 0.400195 0 -1.04885
5900 0.399373 0 -1.04653
5950 0.363024 0 -0.936681
6000 0.401579 0 -1.05282
6050 0.401552 0 -1.05275
6100 0.400715 0 -1.04989
6150 0.375027 0 -0.979941
6200 0.400104 0 -1.05119
6250 0.398612 0 -1.04643
6300 0.39537 0 -1.03669
6350 0.383821 0 -0.992637
6400 0.376069 0 -0.999222
6450 -1.04939 0 0.195147
6500 -0.0900805 0 -0.980009
6550 0.0362351 0 -1.06438
6600 0.40158 0 -1.05282
6650 0.40158 0 -1.05282
6700 0.401534 0 -1.05268
6750 0.397496 0 -1.04181
6800 0.401568 0 -1.0528
6850 0.401177 0 -1.05188
6900 0.396115 0 -1.03839
6950 0.37553 0 -0.994041
7000 0.398973 0 -1.04709
7050 0.39045 0 -1.02794
7100 0.358058 0 -0.955421
7150 -0.079819 0 -0.92444
7200 0.380457 0 -1.01904
7250 0.372322 0 -0.98231
7300 0.364329 0 -0.983584
7350 -0.113745 0 -0.95411
7400 0.392953 0 -1.04785
7450 0.392625 0 -1.0366
7500 0.391147 0 -1.03296
7550 -0.0872122 0 -0.898045
7600 0.401345 0 -1.0527
7650 0.401015 0 -1.05207
7700 0.400317 0 -1.05046
7750 0.389526 0 -1.02781
7800 0.401575 0 -1.05281
7850 0.401521 0 -1.05273
7900 0.401026 0 -1.05189
7950 0.394136 0 -1.0366
8000 0.401511 0 -1.05278
8050 0.401233 0 -1.05237
8100 0.399834 0 -1.05009
8150 0.391315 0 -1.0312
8200 0.401318 0 -1.05264
8250 0.400098 0 -1.05028
8300 0.393532 0 -1.03837
8350 -1.01048 0 0.468904
8400 0.400289 0 -1.04933
8450 0.397541 0 -1.04294
8500 0.384603 0 -1.01162
8550 -0.00930672 0 -0.936838
8600 0.401571 0 -1.05281
8650 0.401333 0 -1.05232
8700 0.398541 0 -1.04449
8750 0.34973 0 -0.946357
8800 0.401555 0 -1.0528
8850 0.401391 0 -1.05237
8900 0.400339 0 -1.04902
8950 0.39342 0 -1.02708
9000 0.40157 0 -1.05281
9050 0.401394 0 -1.05248
9100 0.399905 0 -1.04883
9150 0.370874 0 -0.982601
9200 0.400693 0 -1.05185
9250 0.399667 0 -1.04961
9300 0.389803 0 -1.02916
9350 -0.994346 0 0.459575
9400 0.401555 0 -1.05277
9450 0.40152 0 -1.05268
9500 0.401458 0 -1.05254
9550 0.392291 0 -1.03158
9600 0.40158 0 -1.05282
9650 0.40158 0 -1.05282
9700 0.401575 0 -1.0528
9750 0.399307 0 -1.04672
9800 0.401561 0 -1.0528
9850 0.401309 0 -1.05218
9900 0.400572 0 -1.04995
9950 0.383848 0 -1.00785
10000 0.400644 0 -1.0515
10050 0.399235 0 -1.04634
10100 0.398484 0 -1.03937
10150 0.382285 0 -0.989611
10200 0.400706 0 -1.04594
10250 0.397475 0 -1.03632
10300 0.380787 0 -0.991792
10350 0.337558 0 -0.866695
10400 -0.140574 0 -1.01476
10450 -0.0966574 0 -1.1267
10500 0.0116959 0 -1.23971
10550 -0.000314973 0 -1.13823
10600 -0.114234 0 -0.886506
10650 -0.121515 0 -0.97559
10700 -0.0656528 0 -1.06144
10750 -0.000288831 0 -0.951999
10800 -0.0653847 0 -0.499827
10850 -0.135991 0 -0.736608
10900 -0.0705758 0 -0.869239
10950 0.0867282 0 -0.940406
11000 -0.0707099 0 -0.530526
11050 -0.950566 0 0.414819
11100 -0.13781 0 -0.904636
11150 0.0640681 0 -0.988468
11200 0.398104 0 -1.04902
11250 0.393005 0 -1.04228
11300 0.386347 0 -1.00782
11350 0.367995 0 -0.950788
11400 0.400501 0 -1.05164
11450 0.398438 0 -1.04622
11500 0.387446 0 -1.0146
11550 0.37714 0 -0.9812
11600 0.401528 0 -1.05277
11650 0.401451 0 -1.0525
11700 0.40105 0 -1.05087
11750 0.391176 0 -1.01678
11800 0.401006 0 -1.05193
11850 0.391619 0 -1.0337
11900 0.37854 0 -1.00514
11950 0.0379472 0 -0.420949
12000 0.398287 0 -1.04669
12050 0.386046 0 -1.01761
12100 0.352398 0 -0.946654
12150 0.109529 0 -0.0927445
12200 0.401509 0 -1.05271
12250 0.400972 0 -1.05137
12300 0.399104 0 -1.0457
12350 0.386222 0 -0.999173
12400 0.40158 0 -1.05282
12450 0.401568 0 -1.05279
12500 0.401219 0 -1.0513
12550 0.392162 0 -1.01959
12600 0.401547 0 -1.05276
12650 0.400826 0 -1.05094
12700 0.394233 0 -1.02713
12750 0.368907 0 -0.946377
12800 0.40104 0 -1.05166
12850 0.3955 0 -1.03733
12900 0.380359 0 -0.983564
12950 0.0752864 0 -0.246083
13000 0.401174 0 -1.05201
13050 0.399387 0 -1.04733
13100 0.397254 0 -1.03996
13150 0.38331 0 -0.995113
13200 0.401526 0 -1.05272
13250 0.399975 0 -1.04901
13300 0.390677 0 -1.01915
13350 0.0573622 0 -0.390616
13400 0.400171 0 -1.05012
13450 0.390074 0 -1.02442
13500 0.366356 0 -0.962829
13550 0.0511636 0 -0.443228
13600 0.401569 0 -1.05281
13650 0.401536 0 -1.0527
13700 0.401323 0 -1.05186
13750 0.394984 0 -1.03123
13800 0.401578 0 -1.05282
13850 0.40155 0 -1.05274
13900 0.401144 0 -1.05069
13950 0.388258 0 -1.00956
14000 0.397604 0 -1.04307
14050 0.381684 0 -0.975199
14100 0.36631 0 -0.913026
14150 -0.21569 0 0.201032
14200 0.399832 0 -1.04728
14250 0.397296 0 -1.03813
14300 0.392929 0 -1.01784
14350 -0.0317191 0 -0.841464
14400 0.401312 0 -1.05205
14450 0.397345 0 -1.03958
14500 0.391282 0 -1.00589
14550 0.33792 0 -0.879813
14600 0.382647 0 -1.01013
14650 -1.08081 0 0.464401
14700 -0.0961377 0 -0.90982
14750 -0.033335 0 -1.09575
14800 0.40158 0 -1.05282
14850 0.40158 0 -1.05282
14900 0.401554 0 -1.0527
14950 0.39806 0 -1.04379
15000 0.401573 0 -1.05281
15050 0.401245 0 -1.05236
15100 0.399356 0 -1.0477
15150 0.38446 0 -1.0127
15200 0.401449 0 -1.05274
15250 0.400758 0 -1.05181
15300 0.39907 0 -1.04807
15350 0.389184 0 -1.02363
15400 0.40147 0 -1.05277
15450 0.401121 0 -1.05222
15500 0.399225 0 -1.0488
15550 0.386943 0 -1.02473
15600 0.401294 0 -1.05269
15650 0.400069 0 -1.0509
15700 0.393901 0 -1.04028
15750 0.379898 0 -1.00523
15800 0.397028 0 -1.04663
15850 0.386433 0 -1.01467
15900 -0.00404289 0 -0.736861
15950 -0.835732 0 0.411072
16000 0.364693 0 -0.943295
16050 -1.11957 0 0.408891
16100 -0.0296923 0 -0.582565
16150 0.0336873 0 -0.271487
16200 0.40158 0 -1.05282
16250 0.40158 0 -1.05282
16300 0.40158 0 -1.05282
16350 0.401489 0 -1.05249
16400 0.40158 0 -1.05282
16450 0.40158 0 -1.05282
16500 0.401571 0 -1.05278
16550 0.395824 0 -1.03417
16600 0.401556 0 -1.05281
16650 0.400918 0 -1.05121
16700 0.38903 0 -1.01078
16750 0.262345 0 -0.655141
16800 0.396459 0 -1.04636
16850 0.374758 0 -0.9828
16900 0.316141 0 -0.797515
16950 -0.872104 0 0.286997
17000 0.401459 0 -1.05269
