200 -0.0097256 0 0.0171822
250 -0.00869547 0 0.0190219
300 -0.00650682 0 0.0222603
350 -0.0184045 0 0.0210048
400 -0.0167896 0 0.0152871
450 -0.0178176 0 0.0173207
500 -0.0165514 0 0.0251197
550 -0.0111245 0 0.0265601
600 -0.0115608 0 0.0272103
650 -0.0110381 0 0.02983
700 0.0181328 0 -0.00903317
750 0.0625656 0 -0.114644
800 0.0219083 0 -0.40186
850 -0.128727 0 -0.633861
900 -0.138561 0 -0.714367
950 -0.0483116 0 -0.861533
1000 0.0519824 0 -1.04999
1050 -0.0133668 0 -1.04899
1100 -0.184216 0 -1.10353
1150 -0.200172 0 -1.06988
1200 -0.0387643 0 -1.06651
1250 -0.0852759 0 -0.966962
1300 -0.188892 0 -1.00598
1350 -0.0540014 0 -1.01425
1400 0.423015 0 -0.556883
1450 0.170632 0 0.0182005
1500 -0.0346223 0 0.469787
1550 -0.0287183 0 0.429339
1600 0.131564 0 0.523343
1650 -0.00885785 0 0.713815
1700 -0.0661917 0 0.786085
1750 0.119516 0 0.812499
1800 0.282138 0 0.902807
1850 0.145532 0 0.819863
1900 0.0716796 0 0.687958
1950 0.138978 0 0.829903
2000 0.258215 0 0.835157
2050 0.118165 0 0.750757
2100 -0.0119593 0 0.795015
2150 0.101313 0 0.713119
2200 0.247975 0 0.835277
2250 0.167398 0 0.872026
2300 0.0344149 0 0.966867
2350 0.0913232 0 0.872546
2400 0.153306 0 0.833891
2450 0.17282 0 0.84106
2500 -0.00332251 0 0.932657
2550 0.0477812 0 1.11776
2600 0.0970068 0 1.01182
2650 0.051148 0 0.922864
2700 -0.0273276 0 0.808856
2750 0.268922 0 0.808667
2800 0.768629 0 0.358926
2850 1.06504 0 -0.0705004
2900 0.585138 0 -0.564992
2950 0.0450044 0 -0.850755
3000 -0.218645 0 -0.866732
3050 -0.148674 0 -1.07823
3100 -0.051785 0 -1.11025
3150 -0.193383 0 -1.20194
3200 -0.149269 0 -1.20331
3250 -0.0839373 0 -1.2102
3300 0.0113192 0 -1.1014
3350 -0.144234 0 -1.09257
3400 -0.27967 0 -1.11084
3450 -0.112662 0 -1.15916
3500 -0.149144 0 -0.904336
3550 -0.124442 0 -0.921679
3600 -0.182588 0 -1.0037
3650 -0.0564213 0 -1.03557
3700 0.0552782 0 -1.03527
3750 -0.0191049 0 -1.16836
3800 -0.156783 0 -1.2269
3850 -0.0659441 0 -1.1739
3900 0.0198426 0 -1.25678
3950 -0.066201 0 -1.30707
4000 -0.187879 0 -1.32668
4050 -0.0405901 0 -1.25502
4100 0.0759311 0 -1.31631
4150 -0.0171603 0 -1.20116
4200 -0.0960018 0 -1.13919
4250 -0.104408 0 -1.06754
4300 -0.130939 0 -1.10768
4350 -0.241644 0 -0.802377
4400 -0.16066 0 -0.360319
4450 0.03502 0 -0.0809056
4500 0.0837147 0 0.175281
4550 0.0336131 0 0.684976
4600 0.0269421 0 0.758592
4650 0.0693713 0 0.525851
4700 0.114172 0 0.555021
4750 -0.0197145 0 0.589078
4800 -0.012944 0 0.623049
4850 0.212103 0 0.75896
4900 0.280031 0 0.779438
4950 0.0763742 0 0.689818
5000 -0.0409042 0 0.800968
5050 0.124021 0 0.654007
5100 0.202133 0 0.679966
5150 0.119761 0 0.609929
5200 0.00218115 0 0.792751
5250 0.0950352 0 0.842446
5300 0.182638 0 0.988706
5350 0.0891104 0 0.910522
5400 -0.0792747 0 1.0416
5450 0.0397351 0 0.950895
5500 0.095047 0 0.941665
5550 0.119573 0 0.870862
5600 0.0144939 0 0.803547
5650 0.100528 0 0.702377
5700 0.189679 0 0.744033
5750 0.137335 0 0.827021
5800 -0.00395508 0 0.808911
5850 0.0577679 0 0.978204
5900 0.182017 0 0.918658
5950 0.146988 0 0.915982
6000 0.0103631 0 0.837696
6050 0.0428656 0 0.952072
6100 0.0423072 0 0.83356
6150 -0.0735592 0 0.706376
6200 -0.730558 0 0.330021
6250 -1.05256 0 -0.0902079
6300 -0.744359 0 -0.451655
6350 -0.314749 0 -0.849752
6400 0.00546654 0 -0.80924
6450 -0.0131439 0 -0.977924
6500 -0.119311 0 -1.07292
6550 -0.0409962 0 -1.12597
6600 0.137032 0 -1.13111
6650 -0.0407177 0 -1.20658
6700 -0.126417 0 -1.20571
6750 -0.0252834 0 -1.20866
6800 0.0321331 0 -1.1924
6850 -0.0414104 0 -1.21358
6900 -0.212817 0 -1.20011
6950 -0.122686 0 -1.23964
7000 0.0347178 0 -1.19043
7050 -0.0389417 0 -1.20858
7100 -0.171231 0 -1.25634
7150 -0.109215 0 -1.23595
7200 0.019577 0 -1.31384
7250 -0.0547343 0 -1.23302
7300 -0.204243 0 -1.26449
7350 -0.101218 0 -1.24613
7400 -0.00045374 0 -1.30945
7450 -0.02633 0 -1.2024
7500 -0.145765 0 -1.28059
7550 -0.159055 0 -1.16055
7600 -0.0150592 0 -1.21468
7650 -0.0011841 0 -1.15835
7700 -0.129253 0 -1.22294
7750 -0.21559 0 -1.23633
7800 -0.122861 0 -1.25581
7850 -0.0134258 0 -1.17104
7900 -0.127818 0 -1.23715
7950 -0.214334 0 -1.211
8000 -0.113557 0 -1.22318
8050 -0.0878418 0 -1.13825
8100 -0.17744 0 -1.09061
8150 -0.283422 0 -1.08359
8200 -0.146805 0 -1.10617
8250 -0.0400611 0 -1.00059
8300 -0.0520718 0 -0.927387
8350 -0.143861 0 -1.0385
8400 -0.0221151 0 -1.01326
8450 0.0745008 0 -1.12433
8500 0.031605 0 -1.09232
8550 -0.11935 0 -1.12811
8600 -0.112598 0 -1.15421
8650 -0.020479 0 -1.17869
8700 0.0223103 0 -1.07312
8750 -0.139737 0 -1.12265
8800 -0.00560769 0 -1.01706
8850 0.451437 0 -0.316897
8900 0.331651 0 0.446564
8950 -0.042306 0 0.80854
9000 -0.0478961 0 0.904915
9050 0.144022 0 0.920875
9100 0.0406083 0 0.909476
9150 0.0293593 0 0.994772
9200 0.163009 0 1.05642
9250 0.26693 0 1.21223
9300 0.125896 0 0.998473
9350 -0.0349851 0 0.985135
9400 0.0640737 0 1.08103
9450 0.173965 0 0.826388
9500 0.131319 0 0.678769
9550 0.01839 0 0.768145
9600 0.0548936 0 0.928168
9650 0.206859 0 1.22066
9700 0.140904 0 1.00352
9750 -0.0108145 0 1.08002
9800 0.123118 0 0.914759
9850 0.167011 0 0.800015
9900 0.0704242 0 0.967515
9950 0.0491986 0 0.952822
10000 0.195971 0 0.824721
10050 0.681984 0 0.469677
10100 0.917669 0 -0.00507497
10150 0.613314 0 -0.511189
10200 0.223301 0 -0.861765
10250 -0.000608659 0 -0.907554
10300 -0.0710211 0 -1.08137
10350 -0.0164676 0 -1.07965
10400 -0.185493 0 -1.24363
10450 -0.195229 0 -1.22409
10500 -0.0520987 0 -1.25555
10550 -0.00514563 0 -1.15142
10600 -0.194789 0 -1.20895
10650 -0.266599 0 -1.21642
10700 -0.147834 0 -1.22162
10750 -0.115887 0 -1.06744
10800 -0.162561 0 -1.10131
10850 -0.258024 0 -1.13397
10900 -0.0741668 0 -1.01097
10950 0.0476346 0 -1.10053
11000 0.027712 0 -1.07488
11050 -0.152466 0 -1.16912
11100 -0.0915864 0 -1.15225
11150 0.0501955 0 -1.15717
11200 0.0150041 0 -1.10029
11250 -0.195898 0 -1.24711
11300 -0.100272 0 -1.15157
11350 0.00760893 0 -1.18066
11400 -0.0250766 0 -1.03982
11450 -0.120261 0 -1.03273
11500 0.0414543 0 -0.872105
11550 0.397055 0 -0.288126
11600 0.301084 0 0.263114
11650 -0.0251285 0 0.604513
11700 0.0462605 0 0.655527
11750 0.147182 0 0.711394
11800 0.0715973 0 0.852793
11850 -0.0619866 0 1.10465
11900 0.0344575 0 0.983664
11950 0.19833 0 1.04875
12000 0.162995 0 0.799906
12050 0.0464224 0 0.826363
12100 0.145984 0 0.992969
12150 0.200597 0 1.08988
12200 0.200015 0 1.06978
12250 0.0279929 0 1.08467
12300 0.154805 0 1.01069
12350 0.203197 0 0.943991
12400 0.151857 0 0.861895
12450 0.0292227 0 1.01937
12500 0.157474 0 0.876526
12550 0.253596 0 0.891748
12600 0.123704 0 0.944442
12650 -0.0201244 0 0.908806
12700 0.146156 0 1.08985
12750 0.232751 0 1.03374
12800 0.140804 0 0.963787
12850 -0.0442644 0 1.01399
12900 0.116604 0 1.02428
12950 0.227066 0 0.764129
13000 0.155151 0 0.83813
13050 -0.0217146 0 0.817119
13100 0.0997825 0 0.940605
13150 0.241036 0 0.979939
13200 0.103952 0 0.793019
13250 -0.0496845 0 0.916299
13300 0.092302 0 0.998881
13350 0.222974 0 0.996406
13400 0.0782142 0 0.920563
13450 -0.065241 0 0.679861
13500 -0.0335432 0 0.69447
13550 0.121005 0 0.597859
13600 0.234688 0 0.863124
13650 -0.0145482 0 0.689635
13700 -0.0867291 0 0.799471
13750 0.0364082 0 0.814818
13800 0.176434 0 0.796806
13850 0.114568 0 0.660125
13900 -0.11813 0 0.670195
13950 -0.065727 0 0.704399
14000 0.309681 0 0.546942
14050 0.789066 0 0.320804
14100 0.62796 0 -0.196836
14150 0.313037 0 -0.477524
14200 0.0277845 0 -0.893414
14250 -0.0385179 0 -1.0154
14300 0.0421183 0 -1.09924
14350 -0.0877512 0 -1.23852
14400 -0.213069 0 -1.33718
14450 -0.151537 0 -1.30548
14500 0.0966386 0 -1.35214
14550 0.0535093 0 -1.2864
14600 -0.090307 0 -1.33411
14650 -0.0632721 0 -1.27209
14700 0.0354735 0 -1.29235
14750 0.0634924 0 -1.24231
14800 -0.109631 0 -1.23979
14850 -0.0825845 0 -1.28332
14900 0.0661462 0 -1.37354
14950 0.0715872 0 -1.23265
15000 -0.128949 0 -1.33824
15050 -0.158772 0 -1.27275
15100 -0.0614672 0 -1.25766
15150 -0.00893428 0 -1.1785
15200 -0.179774 0 -1.27925
15250 -0.165638 0 -1.21366
15300 -0.103723 0 -1.21226
15350 0.0195608 0 -1.18567
15400 -0.17857 0 -1.23152
15450 -0.262885 0 -1.21365
15500 -0.132755 0 -1.18979
15550 -0.0567413 0 -1.07977
15600 -0.166409 0 -1.04653
15650 -0.210897 0 -1.07997
15700 -0.0881797 0 -1.04656
15750 0.0361232 0 -1.05423
15800 0.00846299 0 -1.06934
15850 -0.150029 0 -1.04665
15900 -0.0627968 0 -0.951181
15950 0.0927815 0 -0.921765
16000 0.0402445 0 -0.762589
16050 -0.085213 0 -0.587218
16100 -0.0420066 0 -0.325618
16150 -0.0203737 0 -0.234869
16200 0.0623059 0 -0.106349
16250 0.0496395 0 -0.104557
16300 0.0447567 0 -0.0134319
16350 0.0395984 0 -0.0383545
16400 0.0223096 0 -0.0584948
16450 0.0102355 0 -0.0371667
16500 0.00883149 0 -0.0132528
16550 0.00014151 0 0.00258069
16600 -0.00736378 0 0.0216227
16650 -0.00694804 0 0.0202173
16700 -0.0139622 0 0.0217309
16750 -0.0107166 0 0.0234318
16800 -0.0119293 0 0.0285751
16850 -0.0188121 0 0.0195351
16900 -0.0176987 0 0.0255393
16950 -0.0183327 0 0.0314922
17000 -0.00776078 0 0.0231664
