200 0.0274147 0 -0.0142804
250 0.0240739 0 -0.0150428
300 0.0160908 0 -0.0125038
350 0.00241693 0 -0.00621962
400 0.020772 0 -0.00986238
450 -0.00786481 0 -0.0212347
500 0.00854177 0 -0.0266197
550 0.0258538 0 -0.0602674
600 0.0464283 0 -0.11418
650 -0.0569361 0 -0.355459
700 -0.0958916 0 -0.550931
750 0.0559812 0 -0.672649
800 0.0825019 0 -0.756513
850 0.176686 0 -0.913909
900 0.0602272 0 -0.757628
950 -0.0122342 0 -1.00123
1000 -0.075907 0 -0.845007
1050 0.0605851 0 -0.844926
1100 0.0587138 0 -0.880695
1150 0.0568719 0 -0.841727
1200 0.00510714 0 -0.992039
1250 0.0488504 0 -0.804904
1300 0.0509001 0 -0.891934
1350 0.0432341 0 -0.932951
1400 0.0555457 0 -1.03001
1450 0.103958 0 -1.02547
1500 0.197499 0 -1.00276
1550 0.143146 0 -0.975546
1600 0.0476164 0 -1.00516
1650 0.105674 0 -1.0315
1700 0.105995 0 -0.880269
1750 0.0866634 0 -0.899148
1800 0.0110023 0 -0.890442
1850 0.0153054 0 -1.01815
1900 0.0144443 0 -1.06774
1950 0.211589 0 -0.950885
2000 0.19772 0 -0.855843
2050 0.0953481 0 -0.77545
2100 0.10775 0 -0.817281
2150 0.169005 0 -0.716788
2200 0.181293 0 -0.914013
2250 0.0693591 0 -0.814147
2300 0.0701349 0 -0.866652
2350 0.0472888 0 -0.772925
2400 0.116957 0 -0.614579
2450 0.101745 0 -0.690857
2500 -0.0403951 0 -0.817602
2550 0.0823682 0 -0.862342
2600 0.0624776 0 -0.793216
2650 0.0201226 0 -0.783079
2700 -0.0409515 0 -0.888489
2750 0.046694 0 -1.05087
2800 0.229172 0 -1.15043
2850 0.249807 0 -0.927228
2900 0.0969598 0 -0.903556
2950 -0.0280073 0 -1.01472
3000 0.159867 0 -1.16654
3050 0.248562 0 -1.10132
3100 0.158465 0 -0.94729
3150 0.0159685 0 -0.962828
3200 0.142047 0 -1.07948
3250 0.161509 0 -1.1324
3300 0.226701 0 -1.05077
3350 0.116497 0 -0.949132
3400 0.0478924 0 -1.02877
3450 0.0609922 0 -1.01453
3500 0.138012 0 -0.931506
3550 0.0659066 0 -0.967411
3600 -0.0769956 0 -1.1123
3650 -0.0644684 0 -1.08575
3700 -0.00971872 0 -0.995314
3750 -0.0555829 0 -0.851695
3800 -0.0765549 0 -1.01326
3850 0.132819 0 -1.04649
3900 0.123938 0 -0.913975
3950 0.0539258 0 -0.87513
4000 0.0173264 0 -0.905441
4050 0.0474423 0 -0.853902
4100 0.142466 0 -1.0265
4150 0.312925 0 -0.988167
4200 0.131491 0 -0.884591
4250 0.0341492 0 -1.05269
4300 0.230656 0 -1.03916
4350 0.267103 0 -1.03877
4400 0.130587 0 -1.01268
4450 0.0460978 0 -0.963613
4500 0.149258 0 -1.05867
4550 0.112407 0 -1.06172
4600 0.121925 0 -1.07489
4650 0.025558 0 -1.07714
4700 0.107212 0 -1.09976
4750 0.0887484 0 -1.05117
4800 0.219275 0 -1.10197
4850 0.0998113 0 -1.07521
4900 0.0528652 0 -1.24597
4950 0.210962 0 -1.28826
5000 0.266332 0 -1.13626
5050 0.12879 0 -1.13261
5100 -0.0550505 0 -1.15608
5150 0.1245 0 -1.1575
5200 0.0917287 0 -1.06704
5250 0.114174 0 -0.981297
5300 0.0389247 0 -1.05635
5350 0.0598169 0 -1.1426
5400 0.10694 0 -1.11025
5450 0.177934 0 -1.09415
5500 0.119292 0 -0.978531
5550 0.0504051 0 -1.10984
5600 0.105498 0 -1.12871
5650 0.146896 0 -1.07305
5700 0.0711478 0 -1.11758
5750 -0.0965917 0 -1.20877
5800 -0.004688 0 -1.15787
5850 0.0765299 0 -1.09478
5900 0.0707168 0 -1.10199
5950 -0.101546 0 -1.12976
6000 -0.0426893 0 -1.15304
6050 0.0453805 0 -1.13509
6100 0.0976756 0 -1.07385
6150 0.0018367 0 -0.999424
6200 0.0121863 0 -1.08144
6250 0.0258257 0 -1.03019
6300 0.118846 0 -0.977424
6350 -0.0477042 0 -0.926268
6400 -0.114561 0 -1.04239
6450 0.0368565 0 -1.01279
6500 0.0427412 0 -0.883132
6550 -0.0405788 0 -0.814924
6600 -0.0481274 0 -0.811362
6650 0.129198 0 -0.879997
6700 0.224667 0 -0.9049
6750 0.185726 0 -0.977484
6800 0.169642 0 -0.88678
6850 0.158073 0 -0.991173
6900 0.184236 0 -1.00355
6950 0.204388 0 -0.913227
7000 0.125498 0 -1.0451
7050 -0.0362215 0 -1.14016
7100 0.172689 0 -1.08012
7150 0.164183 0 -0.97009
7200 0.0237895 0 -0.928571
7250 0.00641457 0 -0.864389
7300 0.0871676 0 -1.05125
7350 0.163762 0 -1.0155
7400 0.199933 0 -1.02747
7450 0.123783 0 -0.969074
7500 0.0738146 0 -1.02841
7550 0.166181 0 -0.907358
7600 0.20696 0 -0.951453
7650 0.126647 0 -0.967341
7700 0.0307083 0 -1.00253
7750 0.171256 0 -1.10717
7800 0.1448 0 -1.04512
7850 0.121642 0 -1.05905
7900 0.0795124 0 -0.925878
7950 0.0389394 0 -1.03302
8000 0.0725193 0 -1.09579
8050 0.118229 0 -1.01772
8100 0.0252123 0 -1.05468
8150 -0.0375484 0 -1.16795
8200 0.153789 0 -1.09698
8250 0.22361 0 -1.06836
8300 0.161804 0 -1.05097
8350 0.0215086 0 -0.951108
8400 0.0630577 0 -1.08616
8450 0.0481156 0 -0.985785
8500 0.00754452 0 -0.995697
8550 -0.049357 0 -0.976472
8600 -0.0471723 0 -1.08615
8650 -0.00665249 0 -1.0561
8700 0.054957 0 -0.94841
8750 0.073819 0 -0.915076
8800 0.0519859 0 -0.942853
8850 0.0433524 0 -1.00238
8900 0.155354 0 -0.959607
8950 0.0770332 0 -0.862562
9000 0.00323079 0 -0.867296
9050 0.121175 0 -0.948687
9100 0.146097 0 -0.896237
9150 0.189051 0 -0.944384
9200 0.181002 0 -0.852245
9250 0.106334 0 -0.936606
9300 0.106574 0 -0.926406
9350 0.186119 0 -0.896636
9400 0.200009 0 -0.924203
9450 0.0760392 0 -0.992354
9500 0.0792502 0 -1.0508
9550 -0.0199564 0 -0.924446
9600 -0.0517424 0 -0.990861
9650 -0.16441 0 -1.02579
9700 0.0308959 0 -0.936145
9750 0.0207818 0 -0.900245
9800 0.000133428 0 -0.833237
9850 0.0122858 0 -0.859286
9900 -0.0266804 0 -1.0532
9950 -0.01391 0 -1.06485
10000 0.0440283 0 -1.09527
10050 -0.0827096 0 -1.08953
10100 -0.0960076 0 -1.20445
10150 0.0773912 0 -1.19134
10200 0.208193 0 -0.98873
10250 0.0777653 0 -0.911883
10300 0.101752 0 -0.979016
10350 0.286485 0 -1.0231
10400 0.258653 0 -0.926065
10450 0.154888 0 -1.00272
10500 0.117347 0 -1.0513
10550 0.0640074 0 -1.12903
10600 0.111791 0 -1.06176
10650 0.145641 0 -1.0929
10700 0.109816 0 -1.013
10750 0.134927 0 -1.121
10800 0.137744 0 -1.12278
10850 0.234123 0 -1.00854
10900 0.0944396 0 -1.02914
10950 -0.0944224 0 -1.04839
11000 0.0855947 0 -1.06272
11050 0.0963897 0 -1.08048
11100 0.0674648 0 -1.03778
11150 0.0295433 0 -1.10672
11200 0.0568976 0 -1.13271
11250 0.10953 0 -1.14699
11300 0.223663 0 -1.11543
11350 0.152204 0 -1.04855
11400 0.0758527 0 -1.1729
11450 0.196155 0 -1.05129
11500 0.216193 0 -0.928548
11550 0.147676 0 -0.953723
11600 0.0836699 0 -1.07416
11650 0.141986 0 -1.13874
11700 0.1325 0 -1.12186
11750 0.120862 0 -1.13414
11800 0.145165 0 -1.07349
11850 0.132133 0 -1.03068
11900 0.147288 0 -1.06609
11950 0.234611 0 -1.15124
12000 0.100103 0 -1.05974
12050 0.106211 0 -1.06257
12100 0.0766531 0 -0.959059
12150 0.0587166 0 -0.932834
12200 0.0455261 0 -1.00833
12250 0.00768762 0 -1.15446
12300 0.0463044 0 -1.16009
12350 0.110043 0 -1.06766
12400 0.102341 0 -1.08351
12450 0.0184977 0 -1.10291
12500 0.180802 0 -1.06481
12550 0.065515 0 -0.908446
12600 -0.0563851 0 -0.912836
12650 0.0156227 0 -0.891346
12700 0.0298937 0 -1.03298
12750 0.0265295 0 -1.02982
12800 0.139716 0 -0.861075
12850 0.0647885 0 -0.658612
12900 0.020743 0 -0.393914
12950 -0.0504931 0 -0.233569
13000 0.0299609 0 -0.0299227
13050 0.00185235 0 0.000414331
13100 0.0469413 0 -0.0865914
13150 0.0739872 0 -0.0904537
13200 0.0402927 0 -0.0900279
13250 0.0237581 0 -0.0389844
13300 0.0210669 0 -0.0401118
13350 0.0293647 0 -0.0318859
13400 0.0112645 0 -0.0243436
13450 0.0184356 0 -0.00217829
13500 0.00841416 0 -0.0255887
13550 0.0238191 0 -0.00471715
13600 -0.00533323 0 0.00323968
13650 -0.00991898 0 -0.0169613
13700 -0.0191474 0 -0.0291795
13750 -0.00581662 0 -0.0526617
