# Created at Tue Nov 21 11:33:45 CST 2017
1124990490736290 1
1124991083235069 2
1124991596723839 3
1124992110273643 4
1124992663282676 5
1124993334852501 6
1124993789103786 7
1124994401438992 8
1124994855693142 9
1124995428477566 10
1124995922190945 11
1124996495005886 12
1124997048045437 13
1124997561564724 14
1124998134318630 15
1124998588603298 16
1124999200877468 17
1124999753917019 18
1125000267466824 19
1125000840251247 20
1125001373484890 21
1125001985789577 22
1125002459788601 23
1125003072093288 24
1125003565867702 25
1125004138641035 26
1125004652190840 27
1125005264434492 28
1125005758208906 29
1125006291503584 30
1125006844543135 31
1125007397582686 32
1125007950591719 33
1125008464172041 34
1125008997436201 35
1125009589965498 36
1125010083709395 37
1125010656493818 38
1125011170013106 39
1125011802093184 40
1125012335357344 41
1125012908172285 42
1125013441436445 43
1125014033993721 44
1125014527737617 45
1125015120266914 46
1125015633847237 47
1125016206601143 48
1125016739895820 49
1125017352200508 50
1125017865719795 51
1125018478024483 52
1125018932278633 53
1125019564297676 54
1125020117306709 55
1125020611142158 56
1125021183926582 57
1125021717190742 58
1125022290005684 59
1125022843014717 60
1125023356534004 61
1125023909563466 62
1125024462633534 63
1125024976152821 64
1125025588426991 65
1125026082231923 66
1125026655016347 67
1125027208086415 68
1125027761125966 69
1125028274614735 70
1125028827654286 71
1125029341234608 72
1125029874529286 73
1125030427538319 74
1125031000353261 75
1125031573107167 76
1125032126177235 77
1125032639727040 78
1125033192736073 79
1125033824774403 80
1125034338293690 81
1125034851812977 82
1125035365362782 83
1125036036932606 84
1125036510931629 85
1125037103491444 86
1125037597357411 87
1125038091070790 88
1125038663916249 89
1125039216925282 90
1125039750189442 91
1125040303259510 92
1125040856268543 93
1125041369848866 94
1125041922888417 95
1125042535132069 96
1125043048712391 97
1125043621538654 98
1125044194262042 99
1125044688097491 100
1125045260881915 101
1125045774401202 102
1125046307695880 103
1125046821245685 104
1125047433550372 105
1125047966845050 106
1125048500139728 107
1125049072924152 108
1125049586443439 109
1125050218492999 110
1125050712267413 111
1125051265337482 112
1125051798662677 113
1125052312181964 114
1125052845446124 115
1125053339220538 116
1125053912062530 117
1125054445357207 118
1125055077376250 119
