# Created at Wed Mar 07 18:04:50 CST 2018
2165991448995379 1
2165992140340594 2
2165992495890535 3
2165993167490877 4
2165993542765535 5
2165994194621003 6
2165994569926179 7
2165995221781648 8
2165995597056306 9
2165996209391511 10
2165996624216951 11
2165997236582673 12
2165997631602205 13
2165998263712800 14
2165998678507722 15
2165999251383699 16
2165999666178621 17
2166000278513826 18
2166000673563875 19
2166001325419343 20
2166001680949128 21
2166002293314851 22
2166002708182793 23
2166003340232354 24
2166003695762139 25
2166004347648125 26
2166004722953301 27
2166005355033379 28
2166005750083428 29
2166006382194024 30
2166006757529717 31
2166007330314141 32
2166007764914971 33
2166008397056084 34
2166008792014580 35
2166009424186211 36
2166009799460869 37
2166010431540947 38
2166010826621514 39
2166011438956719 40
2166011853751641 41
2166012446341973 42
2166012841422539 43
2166013513008587 44
2166013888313763 45
2166014520454876 46
2166014895699017 47
2166015527809612 48
2166015922890179 49
2166016554970257 50
2166016950050823 51
2166017562386028 52
2166017937691204 53
2166018569801800 54
2166018945106976 55
2166019577187054 56
2166019932747357 57
2166020564857952 58
2166020959938519 59
2166021513008587 60
2166021967323773 61
2166022678413860 62
2166022994484417 63
2166023587063596 64
2166023982144163 65
2166024633999631 66
2166024969784543 67
2166025641384885 68
2166026016690061 69
2166026708035276 70
2166027063595579 71
2166027675961301 72
2166028051296995 73
2166028703152463 74
2166029078427122 75
2166029710537717 76
2166030085812375 77
2166030737698362 78
2166031093228147 79
2166031764859006 80
2166032179714963 81
2166032653744504 82
2166033305630491 83
2166033878513495 84
2166034313083807 85
2166034846378485 86
2166035280948797 87
2166035834079901 88
2166036288364569 89
2166036821720282 90
2166037295749823 91
2166037829136053 92
2166038283451239 93
2166038560001532 94
2166039271122137 95
2166039784671942 96
2166040258762518 97
2166040811863104 98
2166041266208807 99
2166041819248358 100
2166042273594061 101
2166042826664129 102
2166043281040350 103
2166043814346687 104
2166044268631355 105
2166044821762459 106
2166045276047127 107
2166045829178230 108
2166046263718025 109
2166046816849129 110
2166047271133797 111
2166047804520027 112
2166048258804695 113
2166048792129891 114
2166049246445076 115
2166049819321053 116
2166050174881355 117
2166050866257088 118
2166051261307137 119
2166051932907478 120
2166052288437264 121
2166052940292732 122
2166053315628426 123
2166053967472989 124
2166054362523038 125
2166054994633634 126
2166055369969327 127
2166056021794279 128
2166056436650236 129
2166057029240568 130
2166057404545743 131
2166058076146085 132
2166058471257169 133
2166059142826993 134
2166059537938077 135
2166060169987638 136
2166060565037687 137
2166061197148282 138
2166061592198331 139
2166062244084318 140
2166062639195402 141
2166063271244962 142
2166063666366840 143
2166064337936664 144
2166064713302875 145
2166065365097309 146
2166065740433002 147
2166066392288471 148
2166066728073383 149
2166067419449116 150
2166067775039936 151
2166068426864887 152
2166068821945453 153
2166069493545795 154
2166069888595844 155
2166070342972065 156
2166070975052143 157
2166071626907612 158
2166071982467914 159
2166072693588520 160
2166073049179340 161
2166073720827368 162
2166074096102027 163
2166074787416724 164
2166075182527808 165
2166075913393286 166
2166076308443335 167
2166076822054175 168
2166077493685035 169
2166078224519995 170
2166078599825171 171
2166079291200904 172
2166079706026343 173
2166080397402076 174
2166080792482642 175
2166081444338111 176
2166081839418677 177
2166082293733863 178
2166082906069068 179
2166083577729462 180
2166083972748993 181
2166084604859589 182
2166085019685029 183
2166085671509980 184
2166086046815156 185
2166086738190888 186
2166087113526581 187
2166087785096406 188
2166088140656708 189
2166088812287568 190
2166089187592743 191
2166089859284638 192
2166090254334687 193
2166090866639374 194
2166091241944550 195
2166091913575410 196
2166092288880585 197
2166092901215790 198
2166093316049601 199
2166093928445841 200
2166094323465372 201
2166094975412394 202
2166095350656534 203
2166095943277384 204
2166096377847697 205
2166096970468546 206
2166097385263468 207
2166098037149454 208
2166098412454630 209
2166099064310099 210
2166099419839884 211
2166100111246134 212
2166100466775919 213
2166101177957560 214
2166101533487345 215
2166102224832560 216
2166102659402872 217
2166103153268839 218
2166103824857439 219
