# Created at Thu Mar 08 13:34:25 CST 2018
2236166049183156 1
2236166483845021 2
2236167115955617 3
2236167511066701 4
2236168182697560 5
2236168577808644 6
2236169269214894 7
2236169604999806 8
2236170316150929 9
2236170869251515 10
2236171382862355 11
2236171758228566 12
2236172410114552 13
2236172765735890 14
2236173457118553 15
2236173812709374 16
2236174346034569 17
2236174859675927 18
2236175551082177 19
2236175867183251 20
2236176578303856 21
2236176953639550 22
2236177664821190 23
2236178079646630 24
2236178711787743 25
2236179146449608 26
2236179778499169 27
2236180153834862 28
2236180706965966 29
2236181220607323 30
2236181753963036 31
2236182287349266 32
2236182978725483 33
2236183334316303 34
2236184045436909 35
2236184420803120 36
2236185131954243 37
2236185507289936 38
2236186218441059 39
2236186613552143 40
2236187166683246 41
2236187660549213 42
2236188213680317 43
2236188727260639 44
2236189438442280 45
2236189794033100 46
2236190505184223 47
2236191038539936 48
2236191552150776 49
2236191927486469 50
2236192599147846 51
2236192954754313 52
2236193527599772 53
2236194041271647 54
2236194732647380 55
2236195107983073 56
2236195799419841 57
2236196174755534 58
2236196885876140 59
2236197261211833 60
2236197932873210 61
2236198327984294 62
2236198999615153 63
2236199355205974 64
2236200046612224 65
2236200421947917 66
2236200955334147 67
2236201449139079 68
2236201982555827 69
2236202476452311 70
2236203167829544 71
2236203562910111 72
2236204254346878 73
2236204609876664 74
2236205301313431 75
2236205676618607 76
2236206368024857 77
2236206743391068 78
2236207335981400 79
2236207829877884 80
2236208383008988 81
2236208857099564 82
2236209548536332 83
2236209904127152 84
2236210615247757 85
2236210951063187 86
2236212116590531 87
2236212551221878 88
2236213855004686 89
2236214269921678 90
2236214902001756 91
2236215297143358 92
2236215988549608 93
2236216383599657 94
2236217075066942 95
2236217450311083 96
2236218161523241 97
2236218536889452 98
2236219228265184 99
2236219583886522 100
2236220314752001 101
2236220670373338 102
2236221401269335 103
2236221737145799 104
2236222369286913 105
2236222863160650 106
2236223376771490 107
2236224463319342 108
2236224976869147 109
2236225688050787 110
2236226063386481 111
2236226774568121 112
2236227090638678 113
