200 0 0 -0.0266993
250 0 0 -0.0193364
300 0 0 -0.0151816
350 0 0 -0.0180006
400 0 0 -0.0202333
450 0 0 -0.0246881
500 0 0 -0.0235899
550 0 0 -0.0312007
600 0 0 -0.037907
650 0 0 -0.0248497
700 0 0 -0.0175424
750 0 0 -0.0634509
800 0 0 -0.0688349
850 0 0 -0.21957
900 0 0 -0.395126
950 0 0 -0.631309
1000 0 0 -0.611124
1050 0 0 -0.609507
1100 0 0 -0.670212
1150 0 0 -0.65821
1200 0 0 -0.712117
1250 0 0 -0.781013
1300 0 0 -0.773977
1350 0 0 -0.813627
1400 0 0 -0.700277
1450 0 0 -0.533896
1500 0 0 -0.703825
1550 0 0 -0.703361
1600 0 0 -0.671399
1650 0 0 -0.898836
1700 0 0 -0.697858
1750 0 0 -0.744284
1800 0 0 -0.861813
1850 0 0 -0.780292
1900 0 0 -0.836612
1950 0 0 -0.771695
2000 0 0 -0.644715
2050 0 0 -0.865026
2100 0 0 -0.873594
2150 0 0 -0.931993
2200 0 0 -1.01879
2250 0 0 -0.771841
2300 0 0 -0.870029
2350 0 0 -1.05123
2400 0 0 -1.12898
2450 0 0 -1.17845
2500 0 0 -1.14323
2550 0 0 -1.20092
2600 0 0 -1.28532
2650 0 0 -1.3689
2700 0 0 -1.30941
2750 0 0 -1.39593
2800 0 0 -1.43345
2850 0 0 -1.51619
2900 0 0 -1.39045
2950 0 0 -1.47255
3000 0 0 -1.4439
3050 0 0 -1.46891
3100 0 0 -1.44576
3150 0 0 -1.54303
3200 0 0 -1.53655
3250 0 0 -1.47918
3300 0 0 -1.45847
3350 0 0 -1.47312
3400 0 0 -1.40688
3450 0 0 -1.41636
3500 0 0 -1.42145
3550 0 0 -1.52669
3600 0 0 -1.42297
3650 0 0 -1.4089
3700 0 0 -1.4662
3750 0 0 -1.46239
3800 0 0 -1.4585
3850 0 0 -1.4458
3900 0 0 -1.4825
3950 0 0 -1.55569
4000 0 0 -1.54093
4050 0 0 -1.43888
4100 0 0 -1.52844
4150 0 0 -1.50782
4200 0 0 -1.49228
4250 0 0 -1.43795
4300 0 0 -1.45565
4350 0 0 -1.36909
4400 0 0 -1.46155
4450 0 0 -1.32992
4500 0 0 -1.2479
4550 0 0 -1.12507
4600 0 0 -1.12002
4650 0 0 -1.06884
4700 0 0 -1.05786
4750 0 0 -0.97336
4800 0 0 -1.00304
4850 0 0 -1.1861
4900 0 0 -0.89785
4950 0 0 -0.824639
5000 0 0 -1.16205
5050 0 0 -1.04577
5100 0 0 -1.07728
5150 0 0 -0.782935
5200 0 0 -0.866453
5250 0 0 -1.00155
5300 0 0 -0.912946
5350 0 0 -1.06044
5400 0 0 -0.762728
5450 0 0 -0.901892
5500 0 0 -0.972318
5550 0 0 -0.852357
5600 0 0 -0.998332
5650 0 0 -0.766331
5700 0 0 -0.839583
5750 0 0 -0.945018
5800 0 0 -0.842536
5850 0 0 -0.838996
5900 0 0 -0.736161
5950 0 0 -0.708767
6000 0 0 -0.898975
6050 0 0 -0.700037
6100 0 0 -0.72273
6150 0 0 -0.858289
6200 0 0 -0.630507
6250 0 0 -0.833326
6300 0 0 -0.770432
6350 0 0 -0.710741
6400 0 0 -0.888485
6450 0 0 -0.698745
6500 0 0 -0.60123
6550 0 0 -0.736729
6600 0 0 -0.609426
6650 0 0 -0.780649
6700 0 0 -0.924459
6750 0 0 -0.676611
6800 0 0 -1.01803
6850 0 0 -1.09564
6900 0 0 -0.988186
6950 0 0 -1.12809
7000 0 0 -1.06397
7050 0 0 -1.19208
7100 0 0 -1.32551
7150 0 0 -1.36631
7200 0 0 -1.34332
7250 0 0 -1.51016
7300 0 0 -1.4703
7350 0 0 -1.4828
7400 0 0 -1.36273
7450 0 0 -1.50186
7500 0 0 -1.48064
7550 0 0 -1.44915
7600 0 0 -1.38476
7650 0 0 -1.51432
7700 0 0 -1.48817
7750 0 0 -1.48924
7800 0 0 -1.4832
7850 0 0 -1.59306
7900 0 0 -1.56317
7950 0 0 -1.5693
8000 0 0 -1.5223
8050 0 0 -1.51816
8100 0 0 -1.52776
8150 0 0 -1.42113
8200 0 0 -1.42194
8250 0 0 -1.38597
8300 0 0 -1.35095
8350 0 0 -1.27608
8400 0 0 -1.20805
8450 0 0 -1.13702
8500 0 0 -1.10071
8550 0 0 -1.11366
8600 0 0 -1.0028
8650 0 0 -0.963225
8700 0 0 -0.894573
8750 0 0 -0.971026
8800 0 0 -0.921682
8850 0 0 -0.758537
8900 0 0 -0.847492
8950 0 0 -0.767772
9000 0 0 -0.839568
9050 0 0 -0.844754
9100 0 0 -0.758231
9150 0 0 -0.856221
9200 0 0 -0.751156
9250 0 0 -0.937534
9300 0 0 -0.899125
9350 0 0 -0.799992
9400 0 0 -1.00624
9450 0 0 -0.907229
9500 0 0 -0.961319
9550 0 0 -0.929039
9600 0 0 -0.761161
9650 0 0 -0.841028
9700 0 0 -0.797559
9750 0 0 -0.844346
9800 0 0 -1.00151
9850 0 0 -0.784812
9900 0 0 -0.770707
9950 0 0 -0.799272
10000 0 0 -0.821673
10050 0 0 -1.0093
10100 0 0 -0.896127
10150 0 0 -0.848709
10200 0 0 -0.933425
10250 0 0 -0.800604
10300 0 0 -0.860679
10350 0 0 -0.921581
10400 0 0 -0.828874
10450 0 0 -0.658795
10500 0 0 -0.594105
10550 0 0 -0.484736
10600 0 0 -0.824768
10650 0 0 -0.17452
10700 0 0 -0.549277
10750 0 0 -0.46784
10800 0 0 -0.703591
10850 0 0 -0.725019
10900 0 0 -0.885616
10950 0 0 -0.827718
11000 0 0 -0.765364
11050 0 0 -0.912452
11100 0 0 -0.763575
11150 0 0 -0.805028
11200 0 0 -0.807149
11250 0 0 -0.601542
11300 0 0 -0.689254
11350 0 0 -0.690978
11400 0 0 -0.708485
11450 0 0 -0.955332
11500 0 0 -0.846115
11550 0 0 -0.690635
11600 0 0 -0.752315
11650 0 0 -0.673083
11700 0 0 -0.763531
11750 0 0 -0.746416
11800 0 0 -0.818859
11850 0 0 -1.24614
11900 0 0 -1.25139
11950 0 0 -1.31684
12000 0 0 -1.16299
12050 0 0 -1.23306
12100 0 0 -1.38173
12150 0 0 -1.46389
12200 0 0 -1.44315
12250 0 0 -1.46522
12300 0 0 -1.4309
12350 0 0 -1.40263
12400 0 0 -1.39127
12450 0 0 -1.50441
12500 0 0 -1.55953
12550 0 0 -1.53333
12600 0 0 -1.38532
12650 0 0 -1.47295
12700 0 0 -1.38652
12750 0 0 -1.36541
12800 0 0 -1.3799
12850 0 0 -1.49896
12900 0 0 -1.46571
12950 0 0 -1.39075
13000 0 0 -1.42225
13050 0 0 -1.50269
13100 0 0 -1.44931
13150 0 0 -1.53179
13200 0 0 -1.58026
13250 0 0 -1.57666
13300 0 0 -1.50509
13350 0 0 -1.48542
13400 0 0 -1.46574
13450 0 0 -1.10941
13500 0 0 -1.31158
13550 0 0 -1.28132
13600 0 0 -1.31555
13650 0 0 -1.44707
13700 0 0 -1.41831
13750 0 0 -1.3957
13800 0 0 -1.414
13850 0 0 -1.40211
13900 0 0 -1.42744
13950 0 0 -1.45398
14000 0 0 -1.56239
14050 0 0 -1.56803
14100 0 0 -1.48518
14150 0 0 -1.50626
14200 0 0 -1.47814
14250 0 0 -1.49769
14300 0 0 -1.39755
14350 0 0 -1.365
14400 0 0 -1.37396
14450 0 0 -1.33597
14500 0 0 -1.19695
14550 0 0 -1.22196
14600 0 0 -1.18333
14650 0 0 -1.1535
14700 0 0 -1.07551
14750 0 0 -0.978896
14800 0 0 -0.996658
14850 0 0 -1.05594
14900 0 0 -1.11
14950 0 0 -0.942259
15000 0 0 -0.836969
15050 0 0 -0.952732
15100 0 0 -0.913211
15150 0 0 -1.00232
15200 0 0 -0.908066
15250 0 0 -0.75324
15300 0 0 -0.90956
15350 0 0 -0.826078
15400 0 0 -0.79898
15450 0 0 -0.862643
15500 0 0 -0.683342
15550 0 0 -0.800493
15600 0 0 -0.72305
15650 0 0 -0.780335
15700 0 0 -0.955172
15750 0 0 -0.822524
15800 0 0 -0.632136
15850 0 0 -0.779478
15900 0 0 -0.703098
15950 0 0 -0.787698
16000 0 0 -0.979855
16050 0 0 -0.723743
16100 0 0 -0.746562
16150 0 0 -0.749325
16200 0 0 -0.698678
16250 0 0 -0.822106
16300 0 0 -0.840861
16350 0 0 -0.698263
16400 0 0 -0.812234
16450 0 0 -0.806745
16500 0 0 -0.870058
16550 0 0 -1.04916
16600 0 0 -0.818337
16650 0 0 -0.853977
16700 0 0 -0.877098
16750 0 0 -0.837177
16800 0 0 -0.894025
16850 0 0 -0.711662
16900 0 0 -0.652537
16950 0 0 -0.719885
17000 0 0 -0.560599
17050 0 0 -0.708061
17100 0 0 -0.702884
17150 0 0 -0.501348
17200 0 0 -0.802419
17250 0 0 -0.700034
17300 0 0 -0.716298
17350 0 0 -0.879343
17400 0 0 -0.579681
17450 0 0 -0.602213
17500 0 0 -0.707368
17550 0 0 -0.74219
17600 0 0 -0.843189
17650 0 0 -0.801295
17700 0 0 -0.587423
17750 0 0 -0.72862
17800 0 0 -0.707927
17850 0 0 -0.643102
17900 0 0 -0.778562
17950 0 0 -0.791926
18000 0 0 -0.578038
18050 0 0 -0.589651
18100 0 0 -0.713913
18150 0 0 -0.5869
18200 0 0 -0.741979
18250 0 0 -0.876571
18300 0 0 -0.643158
18350 0 0 -0.675677
18400 0 0 -0.872737
18450 0 0 -0.737949
18500 0 0 -0.816451
18550 0 0 -0.803912
18600 0 0 -0.673181
18650 0 0 -0.987533
18700 0 0 -1.06374
18750 0 0 -1.17982
18800 0 0 -1.13796
18850 0 0 -1.17536
18900 0 0 -1.31524
18950 0 0 -1.34998
19000 0 0 -1.29601
19050 0 0 -1.2892
19100 0 0 -1.36297
19150 0 0 -1.40167
19200 0 0 -1.48454
19250 0 0 -1.37494
19300 0 0 -1.4343
19350 0 0 -1.33146
19400 0 0 -1.33221
19450 0 0 -1.3889
19500 0 0 -1.40969
19550 0 0 -1.44364
19600 0 0 -1.47848
19650 0 0 -1.46613
19700 0 0 -1.49611
19750 0 0 -1.45207
19800 0 0 -1.40358
19850 0 0 -1.41589
19900 0 0 -1.49765
19950 0 0 -1.48801
20000 0 0 -1.4184
20050 0 0 -1.44219
20100 0 0 -1.41991
20150 0 0 -1.42903
20200 0 0 -1.38357
20250 0 0 -1.36533
20300 0 0 -1.36754
20350 0 0 -1.35638
20400 0 0 -1.3707
20450 0 0 -1.40129
20500 0 0 -1.53589
20550 0 0 -1.57556
20600 0 0 -1.42197
20650 0 0 -1.43895
20700 0 0 -1.44594
20750 0 0 -1.42858
20800 0 0 -1.43386
20850 0 0 -1.4531
20900 0 0 -1.35706
20950 0 0 -1.36161
21000 0 0 -1.38161
21050 0 0 -1.3631
21100 0 0 -1.33205
21150 0 0 -1.33776
21200 0 0 -1.29022
21250 0 0 -1.28709
21300 0 0 -1.29506
21350 0 0 -1.22383
21400 0 0 -1.29851
21450 0 0 -1.29869
21500 0 0 -1.32114
21550 0 0 -1.35937
21600 0 0 -1.45074
21650 0 0 -1.41903
21700 0 0 -1.46581
21750 0 0 -1.47771
21800 0 0 -1.42492
21850 0 0 -1.40836
21900 0 0 -1.44349
21950 0 0 -1.4107
22000 0 0 -1.41636
22050 0 0 -1.48009
22100 0 0 -1.51342
22150 0 0 -1.50682
22200 0 0 -1.43395
22250 0 0 -1.43241
22300 0 0 -1.41915
22350 0 0 -1.4127
22400 0 0 -1.36777
22450 0 0 -1.46174
22500 0 0 -1.46339
22550 0 0 -1.48331
22600 0 0 -1.44923
22650 0 0 -1.50405
22700 0 0 -1.43552
22750 0 0 -1.38401
22800 0 0 -1.24673
22850 0 0 -1.27323
22900 0 0 -1.22758
22950 0 0 -1.22388
23000 0 0 -1.25744
23050 0 0 -1.18829
23100 0 0 -1.09993
23150 0 0 -1.14509
23200 0 0 -1.29435
23250 0 0 -1.15319
23300 0 0 -1.03517
23350 0 0 -1.1522
23400 0 0 -1.28759
23450 0 0 -1.14575
23500 0 0 -0.989958
23550 0 0 -1.02286
23600 0 0 -1.05604
23650 0 0 -1.12321
23700 0 0 -0.928055
23750 0 0 -0.847862
23800 0 0 -1.14785
23850 0 0 -1.02352
23900 0 0 -1.09716
23950 0 0 -0.862936
24000 0 0 -0.940833
24050 0 0 -1.01762
24100 0 0 -1.03684
24150 0 0 -0.986878
24200 0 0 -0.803527
24250 0 0 -0.822377
24300 0 0 -0.769218
24350 0 0 -0.88548
24400 0 0 -1.04394
24450 0 0 -0.707407
24500 0 0 -0.816695
24550 0 0 -0.830584
24600 0 0 -0.849065
24650 0 0 -1.10647
24700 0 0 -0.72858
24750 0 0 -0.599989
24800 0 0 -0.860526
24850 0 0 -0.811837
24900 0 0 -0.913185
24950 0 0 -1.07315
25000 0 0 -0.640931
25050 0 0 -0.632222
25100 0 0 -0.75053
25150 0 0 -0.731382
25200 0 0 -0.82603
25250 0 0 -0.922841
25300 0 0 -0.789845
25350 0 0 -0.925618
25400 0 0 -1.08448
25450 0 0 -1.10125
25500 0 0 -1.22512
25550 0 0 -1.18866
25600 0 0 -1.27209
25650 0 0 -1.35078
25700 0 0 -1.4538
25750 0 0 -1.34591
25800 0 0 -1.51255
25850 0 0 -1.41895
25900 0 0 -1.441
25950 0 0 -1.35859
26000 0 0 -1.51057
26050 0 0 -1.48185
26100 0 0 -1.51554
26150 0 0 -1.44646
26200 0 0 -1.54556
26250 0 0 -1.48864
26300 0 0 -1.52106
26350 0 0 -1.47691
26400 0 0 -1.49901
26450 0 0 -1.46465
26500 0 0 -1.46388
26550 0 0 -1.42841
26600 0 0 -1.47814
26650 0 0 -1.45553
26700 0 0 -1.41924
26750 0 0 -1.36176
26800 0 0 -1.42654
26850 0 0 -1.34365
26900 0 0 -1.29734
26950 0 0 -1.1475
27000 0 0 -1.13067
27050 0 0 -1.12966
27100 0 0 -1.13297
27150 0 0 -1.09095
27200 0 0 -0.960432
27250 0 0 -1.03915
27300 0 0 -0.924081
27350 0 0 -1.1302
27400 0 0 -0.951557
27450 0 0 -0.850807
27500 0 0 -1.0227
27550 0 0 -0.952832
27600 0 0 -1.16346
27650 0 0 -0.965344
27700 0 0 -0.873298
27750 0 0 -0.901985
27800 0 0 -1.03339
27850 0 0 -1.0443
27900 0 0 -0.720342
27950 0 0 -0.639157
28000 0 0 -0.78929
28050 0 0 -0.652807
28100 0 0 -0.684685
28150 0 0 -0.313921
28200 0 0 -0.234156
28250 0 0 -0.397234
28300 0 0 -0.198871
28350 0 0 -0.141318
28400 0 0 -0.0468333
28450 0 0 -0.0375484
28500 0 0 -0.0495534
28550 0 0 -0.0317621
28600 0 0 -0.0247126
28650 0 0 -0.0223358
28700 0 0 -0.0258607
28750 0 0 -0.0262591
28800 0 0 -0.0190318
28850 0 0 -0.015611
28900 0 0 -0.0150882
28950 0 0 -0.00900929
29000 0 0 -0.0088832
29050 0 0 -0.0147994
29100 0 0 -0.0141502
29150 0 0 -0.0200116
29200 0 0 -0.0190918
29250 0 0 -0.025087
29300 0 0 -0.048133
29350 0 0 -0.0497734
29400 0 0 -0.0631922
29450 0 0 -0.0530331
