200 0.010853 0 0.00165627
250 0.00165465 0 -0.00433697
300 0.00218302 0 0.00157022
350 0.0186436 0 -0.0201088
400 0.0245783 0 -0.022102
450 0.0234297 0 -0.203356
500 0.133394 0 -0.329711
550 0.0408371 0 -0.41396
600 -0.113971 0 -0.698725
650 0.00279854 0 -1.21565
700 -0.334273 0 -1.06887
750 -0.0519743 0 -1.42017
800 -0.0577598 0 -0.775834
850 -0.0823782 0 -0.768765
900 -0.188027 0 -0.892287
950 -0.165039 0 -0.815512
1000 -0.0223092 0 -0.882887
1050 -0.0215333 0 -0.775082
1100 -0.178322 0 -0.886137
1150 -0.181291 0 -0.968516
1200 0.0319616 0 -0.97398
1250 0.117934 0 -0.964739
1300 0.0472514 0 -0.976907
1350 -0.133857 0 -1.06431
1400 -0.0726376 0 -1.028
1450 0.097685 0 -1.18422
1500 0.0544524 0 -1.08859
1550 -0.0781312 0 -1.07049
1600 -0.161792 0 -1.00878
1650 0.0404658 0 -0.895206
1700 0.112013 0 -1.00808
1750 0.0611386 0 -0.894425
1800 -0.194554 0 -0.874341
1850 -0.0704634 0 -0.823502
1900 0.0418928 0 -1.01353
1950 0.169932 0 -0.985311
2000 -0.0601637 0 -0.937833
2050 -0.139681 0 -0.975949
2100 -0.0312578 0 -0.871916
2150 0.109384 0 -0.950267
2200 0.0968235 0 -0.955095
2250 -0.0647006 0 -0.969609
2300 -0.105654 0 -0.959318
2350 0.05984 0 -1.0348
2400 0.106122 0 -1.08465
2450 -0.0132794 0 -1.00595
2500 -0.19491 0 -0.879297
2550 -0.0932288 0 -0.892749
2600 0.098063 0 -1.01555
2650 0.159524 0 -0.963071
2700 -0.122146 0 -1.01222
2750 -0.21356 0 -1.06661
2800 -0.0474357 0 -1.0194
2850 0.064735 0 -1.00957
2900 0.0915913 0 -0.906656
2950 -0.120287 0 -0.989092
3000 -0.152187 0 -0.970911
3050 -0.0167423 0 -0.988562
3100 0.109862 0 -1.00403
3150 -0.069004 0 -0.936849
3200 -0.185435 0 -0.972846
3250 -0.109385 0 -0.939586
3300 0.0360829 0 -0.957495
3350 0.0863744 0 -0.905545
3400 -0.140071 0 -0.995658
3450 -0.142068 0 -0.950792
3500 0.00751985 0 -0.886135
3550 0.151149 0 -0.920954
3600 0.0543795 0 -0.893906
3650 -0.0799567 0 -0.916535
3700 -0.0654365 0 -0.85023
3750 0.0188737 0 -0.840782
3800 0.0679586 0 -0.920682
3850 -0.077754 0 -0.885773
3900 -0.192621 0 -1.02524
3950 -0.0630696 0 -0.980141
4000 0.0916401 0 -0.903047
4050 0.0959182 0 -0.909991
4100 -0.062926 0 -0.904449
4150 -0.102207 0 -0.867435
4200 0.0062649 0 -0.9523
4250 0.101747 0 -0.953656
4300 0.00761626 0 -0.856538
4350 -0.147004 0 -0.808267
4400 -0.0710424 0 -0.81436
4450 0.0558559 0 -0.859143
4500 0.0902206 0 -0.970623
4550 -0.0825654 0 -0.896782
4600 -0.196662 0 -0.944713
4650 -0.0934489 0 -0.977765
4700 -0.00461318 0 -1.0382
4750 0.0759992 0 -0.968375
4800 -0.135157 0 -0.972917
4850 -0.24438 0 -0.952739
4900 0.00183605 0 -0.991966
4950 0.0541869 0 -0.97625
5000 -0.00122288 0 -0.914088
5050 -0.173121 0 -0.95054
5100 -0.0826845 0 -0.853738
5150 0.00804093 0 -0.968046
5200 0.113556 0 -1.02423
5250 -0.0817836 0 -0.987993
5300 -0.182645 0 -0.980979
5350 -0.00947561 0 -0.964356
5400 0.0490456 0 -1.00443
5450 0.0868785 0 -0.97842
5500 -0.0552871 0 -0.917062
5550 -0.103318 0 -0.897142
5600 0.0306926 0 -1.00314
5650 0.107637 0 -1.03678
5700 -0.000557849 0 -0.992903
5750 -0.198266 0 -0.97164
5800 -0.12258 0 -0.941197
5850 0.0707314 0 -0.964155
5900 0.104175 0 -0.89157
5950 -0.132523 0 -0.978675
6000 -0.168037 0 -0.981028
6050 -0.0539661 0 -0.892081
6100 0.0864158 0 -0.96261
6150 0.0919708 0 -0.882634
6200 -0.108768 0 -0.99751
6250 -0.120863 0 -0.980425
6300 0.0597418 0 -0.931309
6350 0.0699102 0 -0.95609
6400 -0.0702351 0 -0.923004
6450 -0.0830119 0 -0.972356
6500 -0.0379996 0 -0.962815
6550 0.0401195 0 -0.944191
6600 0.0768187 0 -0.924696
6650 -0.0748884 0 -0.908469
6700 -0.202063 0 -0.926763
6750 0.0476745 0 -0.873322
6800 0.0345741 0 -0.834704
6850 0.0468667 0 -0.745927
6900 -0.216584 0 -0.759246
6950 -0.162661 0 -0.760019
7000 -0.102407 0 -0.893934
7050 0.045574 0 -0.951905
7100 -0.132578 0 -0.987228
7150 -0.210593 0 -0.881533
7200 -0.00856908 0 -0.960831
7250 0.136482 0 -1.10432
7300 0.0865903 0 -1.01473
7350 -0.0991022 0 -1.00723
7400 -0.0810798 0 -0.869224
7450 0.00749108 0 -1.01162
7500 0.0786009 0 -1.03608
7550 -0.107119 0 -1.02645
7600 -0.155473 0 -0.95936
7650 -0.0404367 0 -0.993349
7700 0.120458 0 -1.02614
7750 0.0779236 0 -0.971955
7800 -0.112174 0 -1.01138
7850 -0.0363524 0 -0.926892
7900 0.0824803 0 -1.03305
7950 0.0247344 0 -1.00163
8000 -0.0626503 0 -1.0159
8050 -0.0397612 0 -1.00246
8100 0.0434325 0 -1.02018
8150 0.043131 0 -1.06123
8200 -0.0990203 0 -1.07315
8250 -0.113207 0 -1.02885
8300 0.0628051 0 -1.0444
8350 0.0831961 0 -1.0234
8400 -0.0741611 0 -1.05166
8450 -0.0991616 0 -1.06692
8500 -0.0376766 0 -1.00522
8550 0.0705012 0 -0.964161
8600 0.0447603 0 -0.905621
8650 -0.0625294 0 -0.939391
8700 -0.0789319 0 -0.883539
8750 0.0473307 0 -0.973575
8800 0.0360533 0 -0.952044
8850 -0.071207 0 -0.991982
8900 -0.101103 0 -0.953544
8950 -0.0362066 0 -0.964181
9000 0.0876823 0 -1.02761
9050 0.0106677 0 -0.972499
9100 -0.124476 0 -0.992033
9150 -0.0152271 0 -0.973897
9200 0.0518038 0 -1.04251
9250 0.0265281 0 -1.02249
9300 -0.168787 0 -1.01789
9350 -0.0843624 0 -1.00883
9400 0.0392772 0 -1.06898
9450 0.0664264 0 -1.10595
9500 -0.15218 0 -1.11177
9550 -0.12593 0 -1.05089
9600 0.0422344 0 -1.06296
9650 0.0735454 0 -1.07719
9700 -0.0720629 0 -1.08623
9750 -0.171384 0 -1.13132
9800 -0.03178 0 -1.18642
9850 0.086679 0 -1.17085
9900 0.0347401 0 -1.16254
9950 -0.144143 0 -1.12597
10000 -0.0904343 0 -1.06439
10050 0.00284971 0 -1.11477
10100 0.0740654 0 -0.952204
10150 -0.145466 0 -0.807252
10200 0.0285806 0 -0.610572
10250 0.0533858 0 -0.452778
10300 0.0407194 0 -1.18509
10350 0.30906 0 -1.08588
10400 -0.0199986 0 -0.598132
10450 -0.115416 0 -0.55293
10500 -0.141549 0 -0.935064
10550 -0.137536 0 -0.503519
10600 -0.121058 0 -0.497912
10650 -0.165622 0 -0.530137
10700 -0.175475 0 -0.594285
10750 -0.799201 0 0.376889
10800 -0.758587 0 0.279522
10850 -0.0861713 0 -0.851108
10900 0.103857 0 -0.831809
10950 -0.0797248 0 -0.938165
11000 -0.219988 0 -0.969592
11050 -0.115763 0 -1.00314
11100 0.0909105 0 -1.00853
11150 0.100333 0 -0.915472
11200 -0.0931908 0 -0.928821
11250 -0.185239 0 -0.960337
11300 0.00738386 0 -1.08385
11350 0.148334 0 -1.02467
11400 0.0846492 0 -0.999448
11450 -0.10707 0 -0.964205
11500 -0.032547 0 -0.898626
11550 0.139338 0 -0.936286
11600 0.0885636 0 -0.967983
11650 -0.0581661 0 -1.02723
11700 0.00429593 0 -0.970268
11750 0.0916938 0 -1.04338
11800 0.116594 0 -1.00451
11850 0.0148954 0 -1.00957
11900 -0.106793 0 -0.974869
11950 -0.0720367 0 -1.05135
12000 0.0963398 0 -1.072
12050 0.0697458 0 -1.03995
12100 -0.0851166 0 -1.12886
12150 -0.0847923 0 -1.0172
12200 0.0807251 0 -1.00221
12250 0.0893057 0 -1.07266
12300 -0.124313 0 -1.11718
12350 -0.171669 0 -1.03636
12400 -0.0289191 0 -1.07817
12450 0.108857 0 -1.05658
12500 0.079877 0 -1.01309
12550 -0.13373 0 -0.956401
12600 -0.0881526 0 -0.82021
12650 0.0675269 0 -0.823512
12700 0.052867 0 -0.814503
12750 -0.0731048 0 -0.912451
12800 -0.127977 0 -0.920044
12850 -0.054935 0 -0.984043
12900 0.113595 0 -0.959251
12950 0.0844809 0 -0.965328
13000 -0.0792258 0 -1.01725
13050 -0.0800246 0 -0.986008
13100 0.0693891 0 -1.12157
13150 0.13922 0 -1.11761
13200 -0.0397082 0 -1.05302
13250 -0.144915 0 -1.0189
13300 -0.0264359 0 -1.06087
13350 0.0946409 0 -0.932412
13400 0.0432756 0 -0.94688
13450 -0.0772934 0 -0.972074
13500 -0.0778815 0 -0.944713
13550 -0.0427436 0 -1.02144
13600 0.010516 0 -1.04858
13650 -0.140759 0 -1.07646
13700 -0.202278 0 -0.997336
13750 -0.0531614 0 -1.05682
13800 0.0865018 0 -1.11988
13850 0.0491003 0 -1.12577
13900 -0.0896693 0 -1.08896
13950 -0.0671807 0 -1.02326
14000 0.0272267 0 -1.06164
14050 0.0313734 0 -1.01817
14100 -0.109765 0 -1.0282
14150 -0.151124 0 -1.01669
14200 -0.0248221 0 -0.990907
14250 0.156759 0 -1.09179
14300 -0.0120462 0 -1.10178
14350 -0.131419 0 -0.997573
14400 -0.0476783 0 -1.0192
14450 0.055611 0 -0.996155
14500 0.0365662 0 -1.01125
14550 -0.130213 0 -1.0767
14600 -0.0967584 0 -1.05549
14650 0.0673872 0 -1.10744
14700 0.0961549 0 -1.11641
14750 -0.0661547 0 -1.11032
14800 -0.145953 0 -1.06431
14850 -0.0225446 0 -1.09469
14900 0.124352 0 -1.16613
14950 0.0570814 0 -1.13696
15000 -0.102453 0 -1.0507
15050 -0.0862347 0 -0.971011
15100 0.0605729 0 -1.02441
15150 0.0667713 0 -0.993302
15200 -0.127095 0 -0.998488
15250 -0.112286 0 -0.977352
15300 -0.0208388 0 -0.993567
15350 0.085093 0 -1.00202
15400 -0.0193795 0 -0.988643
15450 -0.133614 0 -0.999859
15500 -0.0655888 0 -0.984501
15550 0.0526365 0 -1.07474
15600 0.0140486 0 -1.01022
15650 -0.138715 0 -0.956758
15700 -0.180884 0 -0.999655
15750 -0.0174705 0 -0.915804
15800 0.0390316 0 -0.895442
15850 -0.0821602 0 -0.883684
15900 -0.098842 0 -0.881822
15950 -0.0434939 0 -0.731608
16000 -0.0705117 0 -0.751775
16050 -0.000930725 0 -0.596402
16100 0.0269352 0 -0.855645
16150 -0.0344638 0 -0.806104
16200 -0.10534 0 -0.191395
16250 0.0207081 0 0.00625977
16300 -0.0174358 0 -0.0831688
16350 0.0326737 0 -0.0587397
16400 0.0150313 0 -0.0462187
16450 -0.0130015 0 -0.0122391
16500 0.010651 0 -0.0415498
16550 -0.0416748 0 0.0153031
16600 -0.0290381 0 0.0174726
16650 -0.0226482 0 0.00466587
16700 0.00464435 0 -0.0278783
16750 0.00537119 0 -0.00564605
16800 2.88304e-05 0 0.00536785
16850 0.011519 0 0.000810375
16900 0.0136009 0 -0.00697842
16950 0.0191999 0 -0.00980094
17000 0.0136501 0 0.000944411
17050 0.012723 0 0.00163206
17100 -0.00665219 0 0.00153557
17150 -0.00228137 0 0.00571917
17200 0.0301903 0 -0.0929506
17250 0.0590025 0 -0.111754
17300 0.0829105 0 -0.156862
17350 0.0465914 0 -0.0754301
17400 0.0204032 0 0.0366456
17450 0.0106434 0 4.19568e-05
