# Created at Thu Nov 09 11:16:42 CST 2017
87161981167179 1
87162455288273 2
87163028042179 3
87163502132756 4
87164055141789 5
87164509487492 6
87165062557560 7
87165536587101 8
87166069893790 9
87166524239493 10
87167077309562 11
87167531655265 12
87168064919425 13
87168519204093 14
87169091988517 15
87169546303702 16
87170119149161 17
87170573433829 18
87171146279288 19
87171600533439 20
87172193123771 21
87172627755118 22
87173239998771 23
87173694313956 24
87174227669669 25
87174721474601 26
87175274483634 27
87175728768302 28
87176301651885 29
87176755967071 30
87177328751495 31
87177802811553 32
87178375626495 33
87178829941680 34
87179383042266 35
87179817582061 36
87180370621612 37
87180805191924 38
87181358261993 39
87181792801788 40
87182345902374 41
87182800187042 42
87183353257110 43
87183807572296 44
87184380356719 45
87184834732940 46
87185387741973 47
87185842087676 48
87186395144603 49
87186849429271 50
87187402560374 51
87187856784007 52
87188449374339 53
87188883914134 54
87189476504466 55
87189930819652 56
87190523440501 57
87190957980296 58
87191511019847 59
87191945559642 60
87192538180491 61
87192972720286 62
87193545535228 63
87193980075023 64
87194533145091 65
87194967745921 66
87195520785472 67
87195975131175 68
87196547946116 69
87197002287004 70
87197555357072 71
87198009641740 72
87198582487199 73
87199036771867 74
87199589841936 75
87200024381731 76
87200577451799 77
87201031766984 78
87201565122697 79
87202019437883 80
87202572507951 81
87203026823137 82
87203560117815 83
87204034208391 84
87204587217424 85
87205021787736 86
87205574857805 87
87206029172990 88
87206582273576 89
87207036512496 90
87207569837692 91
87208004408004 92
87208537702682 93
87208992017867 94
87209545087936 95
87209979658248 96
87210512952926 97
87210967268111 98
87211500623824 99
87211935224654 100
87212488264205 101
87212942579391 102
87213495618942 103
87213949964645 104
87214522779586 105
87214996809127 106
87215569654586 107
87216162214400 108
