200 0 0 -0.0468788
250 0 0 -0.0246956
300 0 0 -0.0192541
350 0 0 -0.00725396
400 0 0 -0.0113119
450 0 0 -0.0197016
500 0 0 -0.0193981
550 0 0 -0.0185529
600 0 0 -0.0178186
650 0 0 -0.0227761
700 0 0 -0.0153694
750 0 0 -0.135416
800 0 0 -0.366418
850 0 0 -0.390535
900 0 0 -0.834025
950 0 0 -1.27765
1000 0 0 -1.15007
1050 0 0 -0.983304
1100 0 0 -0.929427
1150 0 0 -1.23827
1200 0 0 -1.22771
1250 0 0 -1.1579
1300 0 0 -1.07684
1350 0 0 -1.15847
1400 0 0 -1.2112
1450 0 0 -1.17552
1500 0 0 -1.06898
1550 0 0 -1.0416
1600 0 0 -1.30023
1650 0 0 -1.19314
1700 0 0 -1.15921
1750 0 0 -1.06868
1800 0 0 -1.21302
1850 0 0 -1.21192
1900 0 0 -1.20806
1950 0 0 -1.00193
2000 0 0 -1.1528
2050 0 0 -1.30045
2100 0 0 -1.20823
2150 0 0 -1.08483
2200 0 0 -1.04995
2250 0 0 -1.39376
2300 0 0 -1.31661
2350 0 0 -1.24082
2400 0 0 -1.09701
2450 0 0 -1.37377
2500 0 0 -1.30417
2550 0 0 -1.25702
2600 0 0 -1.12131
2650 0 0 -1.39403
2700 0 0 -1.34953
2750 0 0 -1.24819
2800 0 0 -1.05108
2850 0 0 -1.32378
2900 0 0 -1.44958
2950 0 0 -1.25769
3000 0 0 -1.04613
3050 0 0 -1.19729
3100 0 0 -1.41836
3150 0 0 -1.23298
3200 0 0 -1.09538
3250 0 0 -1.15091
3300 0 0 -1.39391
3350 0 0 -1.28132
3400 0 0 -1.16148
3450 0 0 -1.13352
3500 0 0 -1.29447
3550 0 0 -1.23438
3600 0 0 -1.23672
3650 0 0 -1.13408
3700 0 0 -1.3393
3750 0 0 -1.24806
3800 0 0 -1.1759
3850 0 0 -0.998153
3900 0 0 -1.36229
3950 0 0 -1.4731
4000 0 0 -1.26043
4050 0 0 -0.989451
4100 0 0 -1.08161
4150 0 0 -1.35317
4200 0 0 -1.2207
4250 0 0 -1.05772
4300 0 0 -1.05491
4350 0 0 -1.40117
4400 0 0 -1.22188
4450 0 0 -1.20102
4500 0 0 -1.04957
4550 0 0 -1.31585
4600 0 0 -1.23512
4650 0 0 -1.24086
4700 0 0 -0.987935
4750 0 0 -1.2209
4800 0 0 -1.3458
4850 0 0 -1.27623
4900 0 0 -1.10343
4950 0 0 -1.1592
5000 0 0 -1.4198
5050 0 0 -1.31722
5100 0 0 -1.18164
5150 0 0 -1.01849
5200 0 0 -1.38891
5250 0 0 -1.27836
5300 0 0 -1.14647
5350 0 0 -1.05514
5400 0 0 -1.36199
5450 0 0 -1.35717
5500 0 0 -1.22361
5550 0 0 -0.979527
5600 0 0 -1.32085
5650 0 0 -1.3833
5700 0 0 -1.19635
5750 0 0 -1.01202
5800 0 0 -1.21152
5850 0 0 -1.44015
5900 0 0 -1.20422
5950 0 0 -1.07168
6000 0 0 -1.04465
6050 0 0 -1.33937
6100 0 0 -1.16115
6150 0 0 -0.986121
6200 0 0 -0.843694
6250 0 0 -0.551639
6300 0 0 -0.223285
6350 0 0 -0.129965
6400 0 0 -0.0365537
6450 0 0 -0.0470772
6500 0 0 -0.0373796
6550 0 0 -0.0220981
6600 0 0 -0.0303674
6650 0 0 -0.0236623
6700 0 0 -0.0233703
6750 0 0 -0.0189762
6800 0 0 -0.0280381
6850 0 0 -0.0278044
6900 0 0 -0.0255205
6950 0 0 -0.0286585
7000 0 0 -0.0233321
7050 0 0 -0.0306788
7100 0 0 -0.0306594
7150 0 0 -0.0299175
7200 0 0 -0.0379301
7250 0 0 -0.0276561
7300 0 0 -0.0285001
7350 0 0 -0.0238348
7400 0 0 -0.0187227
7450 0 0 -0.0182559
7500 0 0 -0.0665287
7550 0 0 -0.151001
7600 0 0 -0.486404
7650 0 0 -0.969371
7700 0 0 -1.17805
7750 0 0 -1.11711
7800 0 0 -1.01087
7850 0 0 -1.00818
7900 0 0 -1.2253
7950 0 0 -1.10051
8000 0 0 -1.11314
8050 0 0 -0.933153
8100 0 0 -1.30225
8150 0 0 -1.34002
8200 0 0 -1.15002
8250 0 0 -0.974568
8300 0 0 -1.09758
8350 0 0 -1.29298
8400 0 0 -1.19529
8450 0 0 -1.05805
8500 0 0 -1.04917
8550 0 0 -1.30846
8600 0 0 -1.2199
8650 0 0 -1.12476
8700 0 0 -0.986813
8750 0 0 -1.2744
8800 0 0 -1.33604
8850 0 0 -1.25521
8900 0 0 -0.990493
8950 0 0 -1.12974
9000 0 0 -1.34763
9050 0 0 -1.14078
9100 0 0 -1.13946
9150 0 0 -1.14311
9200 0 0 -1.36495
9250 0 0 -1.24391
9300 0 0 -1.15495
9350 0 0 -1.08658
9400 0 0 -1.35027
9450 0 0 -1.26374
9500 0 0 -1.20402
9550 0 0 -0.985775
9600 0 0 -1.48659
9650 0 0 -1.47102
9700 0 0 -1.322
9750 0 0 -0.983897
9800 0 0 -1.29732
9850 0 0 -1.41221
9900 0 0 -1.21808
9950 0 0 -1.08105
10000 0 0 -1.20319
10050 0 0 -1.47993
10100 0 0 -1.33043
10150 0 0 -1.09849
10200 0 0 -1.17303
10250 0 0 -1.48965
10300 0 0 -1.37682
10350 0 0 -1.17039
10400 0 0 -1.15352
10450 0 0 -1.34891
10500 0 0 -1.21622
10550 0 0 -1.13521
10600 0 0 -1.055
10650 0 0 -1.20485
10700 0 0 -1.24752
10750 0 0 -1.20146
10800 0 0 -0.949824
10850 0 0 -1.20984
10900 0 0 -1.32217
10950 0 0 -1.21656
11000 0 0 -1.03708
11050 0 0 -1.17961
11100 0 0 -1.41112
11150 0 0 -1.25073
11200 0 0 -1.09863
11250 0 0 -1.13786
11300 0 0 -1.40343
11350 0 0 -1.23132
11400 0 0 -1.13741
11450 0 0 -0.95977
11500 0 0 -1.45523
11550 0 0 -1.36345
11600 0 0 -1.25717
11650 0 0 -0.987246
11700 0 0 -1.28604
11750 0 0 -1.38536
11800 0 0 -1.23226
11850 0 0 -1.0318
11900 0 0 -1.13125
11950 0 0 -1.24304
12000 0 0 -1.1517
12050 0 0 -0.972318
12100 0 0 -1.05798
12150 0 0 -1.39637
12200 0 0 -1.23103
12250 0 0 -1.06465
12300 0 0 -1.00901
12350 0 0 -1.27324
12400 0 0 -1.22405
12450 0 0 -1.15545
12500 0 0 -1.08759
12550 0 0 -1.49249
12600 0 0 -1.39065
12650 0 0 -1.1803
12700 0 0 -0.995011
12750 0 0 -1.29167
12800 0 0 -1.31079
12850 0 0 -1.18558
12900 0 0 -0.903235
12950 0 0 -0.9906
13000 0 0 -0.922812
13050 0 0 -0.694307
13100 0 0 -0.395445
13150 0 0 -0.201174
13200 0 0 -0.0306212
13250 0 0 -0.0779321
13300 0 0 -0.122122
13350 0 0 -0.080802
13400 0 0 -0.0630569
13450 0 0 -0.0660113
13500 0 0 -0.0339834
13550 0 0 -0.175349
13600 0 0 -0.0252191
13650 0 0 -0.0826461
13700 0 0 -0.423982
13750 0 0 -0.585596
13800 0 0 -0.332644
13850 0 0 -0.254721
13900 0 0 -0.125481
13950 0 0 -0.0991678
14000 0 0 -0.0418186
14050 0 0 -0.0338417
14100 0 0 -0.0245932
14150 0 0 -0.0103817
14200 0 0 -0.0266563
14250 0 0 -0.0225733
14300 0 0 -0.00519898
14350 0 0 -0.0141887
14400 0 0 -0.0297389
14450 0 0 -0.0461129
14500 0 0 -0.0312546
14550 0 0 -0.0397351
14600 0 0 -0.0718659
14650 0 0 -0.101067
