# Created at Thu Nov 09 10:53:18 CST 2017
85756817852109 1
85757449932187 2
85757943767636 3
85758536266416 4
85759069561093 5
85759642376035 6
85760155925839 7
85760768291562 8
85761262065976 9
85761815105527 10
85762348400205 11
85762921245664 12
85763395305722 13
85763987865537 14
85764481727935 15
85765034706451 16
85765548286773 17
85766061806060 18
85766555610992 19
85767088966704 20
85767582741118 21
85768135811187 22
85768609840728 23
85769143165923 24
85769597420074 25
85770110969878 26
85770604805327 27
85771118324615 28
85771612160064 29
85772145454742 30
85772659035064 31
85773212135650 32
85773725654937 33
85774278634396 34
85774752724973 35
85775286050168 36
85775779824582 37
85776332925168 38
85776846474973 39
85777379769650 40
85777873574582 41
85778387124387 42
85778880959836 43
85779433999387 44
85779908028928 45
85780421578732 46
85780895638791 47
85781468453732 48
85781942513791 49
85782495553342 50
85782989388791 51
85783542458859 52
85784056021934 53
85784589316612 54
85785083152061 55
85785655936485 56
85786149710899 57
85786722525840 58
85787196585899 59
85787749686485 60
85788223716026 61
85788776786094 62
85789250846153 63
85789803885704 64
85790277976280 65
85790791495567 66
85791285331016 67
85791818625694 68
85792312461143 69
85792825980430 70
85793319785362 71
85793853141075 72
85794327148845 73
85794860474040 74
85795334503581 75
85795867828776 76
85796361633708 77
85796894958903 78
85797368957927 79
85797922089030 80
85798435669352 81
85798988678386 82
85799482513835 83
85800015839030 84
85800509643962 85
85801062683513 86
85801576233317 87
85802109589030 88
85802603393962 89
85803156433513 90
85803670044352 91
85804203339847 92
85804716920169 93
85805250245364 94
85805744019778 95
85806297059329 96
85806790894778 97
85807343995364 98
85807857514651 99
85808430329593 100
85808943970950 101
85809477204593 102
85809812989505 103
