200 -0.00937429 0 0.0138196
250 -0.0236805 0 0.0248937
300 -0.0139828 0 0.036239
350 -0.0244123 0 0.0298848
400 -0.00735304 0 0.0130042
450 -0.00662802 0 0.0237717
500 -0.108399 0 0.0898151
550 -0.0213975 0 0.0427123
600 -0.0404986 0 0.0864347
650 -0.0401381 0 0.0681853
700 -0.066241 0 0.0521019
750 -0.117087 0 -0.00813784
800 -0.197859 0 -0.0467086
850 0.043167 0 -0.182215
900 0.0853454 0 -0.440148
950 0.215378 0 -0.895258
1000 0.490456 0 -1.01351
1050 0.188477 0 -1.07593
1100 0.066939 0 -0.862171
1150 0.369189 0 -0.798641
1200 0.645094 0 -1.1086
1250 0.497064 0 -1.17179
1300 0.130745 0 -1.28566
1350 0.243273 0 -1.01671
1400 0.579656 0 -1.06968
1450 0.676071 0 -1.1663
1500 0.32732 0 -1.2064
1550 0.195853 0 -1.11591
1600 0.45612 0 -1.04449
1650 0.66422 0 -1.21585
1700 0.455732 0 -1.20486
1750 0.198358 0 -1.25336
1800 0.26095 0 -0.998019
1850 0.627831 0 -1.10575
1900 0.58724 0 -1.27188
1950 0.260825 0 -1.32512
2000 0.202954 0 -1.24545
2050 0.45938 0 -1.08133
2100 0.59881 0 -1.26443
2150 0.397732 0 -1.25163
2200 0.16041 0 -1.22294
2250 0.319633 0 -0.965343
2300 0.651349 0 -1.10749
2350 0.64283 0 -1.22053
2400 0.295911 0 -1.18792
2450 0.165758 0 -1.11369
2500 0.410374 0 -1.01295
2550 0.618889 0 -1.23741
2600 0.420461 0 -1.21934
2650 0.19047 0 -1.24719
2700 0.321382 0 -1.00743
2750 0.688139 0 -1.19154
2800 0.626718 0 -1.28323
2850 0.263862 0 -1.3038
2900 0.12859 0 -1.16588
2950 0.474621 0 -1.02642
3000 0.632854 0 -1.25475
3050 0.398207 0 -1.24245
3100 0.165383 0 -1.28107
3150 0.367221 0 -1.02986
3200 0.695454 0 -1.28406
3250 0.503987 0 -1.27106
3300 0.191337 0 -1.31471
3350 0.245225 0 -1.09451
3400 0.629274 0 -1.14405
3450 0.675888 0 -1.27165
3500 0.345163 0 -1.30299
3550 0.161912 0 -1.24565
3600 0.454111 0 -1.02791
3650 0.663805 0 -1.17738
3700 0.458071 0 -1.21529
3750 0.18934 0 -1.28035
3800 0.224809 0 -1.02464
3850 0.595966 0 -1.02093
3900 0.672407 0 -1.25584
3950 0.286483 0 -1.28416
4000 0.176747 0 -1.24229
4050 0.419542 0 -1.04125
4100 0.614852 0 -1.26708
4150 0.441181 0 -1.23314
4200 0.197701 0 -1.30077
4250 0.288923 0 -1.07023
4300 0.6341 0 -1.13356
4350 0.64296 0 -1.31097
4400 0.265066 0 -1.2399
4450 0.161935 0 -1.12439
4500 0.452646 0 -1.01136
4550 0.670963 0 -1.25914
4600 0.476485 0 -1.20399
4650 0.168313 0 -1.22414
4700 0.236487 0 -0.974206
4750 0.616847 0 -1.11677
4800 0.619252 0 -1.24041
4850 0.249529 0 -1.28307
4900 0.145607 0 -1.17246
4950 0.477975 0 -1.02479
5000 0.641552 0 -1.2604
5050 0.377209 0 -1.2897
5100 0.184909 0 -1.33557
5150 0.383613 0 -1.08266
5200 0.698292 0 -1.31812
5250 0.531737 0 -1.28919
5300 0.243014 0 -1.30468
5350 0.253689 0 -1.08876
5400 0.66814 0 -1.11925
5450 0.769785 0 -1.29535
5500 0.346633 0 -1.29657
5550 0.172786 0 -1.17779
5600 0.388412 0 -0.959263
5650 0.71512 0 -1.1874
5700 0.533669 0 -1.18722
5750 0.244622 0 -1.16682
5800 0.240863 0 -0.997403
5850 0.514428 0 -0.989034
5900 0.663193 0 -1.1759
5950 0.306177 0 -1.20945
6000 0.183066 0 -1.21192
6050 0.342582 0 -0.957365
6100 0.653428 0 -1.19231
6150 0.541604 0 -1.18741
6200 0.208962 0 -1.27474
6250 0.180253 0 -1.05593
6300 0.517488 0 -0.988774
6350 0.670988 0 -1.22312
6400 0.322932 0 -1.1801
6450 0.124248 0 -1.17151
6500 0.293335 0 -0.924621
6550 0.682922 0 -1.17374
6600 0.565855 0 -1.26835
6650 0.233035 0 -1.22839
6700 0.218466 0 -1.02006
6750 0.533298 0 -1.03101
6800 0.589746 0 -1.17051
6850 0.310875 0 -1.20167
6900 0.228985 0 -1.24016
6950 0.388621 0 -1.03799
7000 0.709254 0 -1.23732
7050 0.534718 0 -1.26458
7100 0.185218 0 -1.24657
7150 0.191368 0 -1.01648
7200 0.562423 0 -1.10194
7250 0.609766 0 -1.2417
7300 0.340778 0 -1.27024
7350 0.176381 0 -1.18756
7400 0.406135 0 -0.994806
7450 0.652451 0 -1.22054
7500 0.476075 0 -1.28077
7550 0.195139 0 -1.29821
7600 0.231175 0 -1.05702
7650 0.582748 0 -1.04418
7700 0.689969 0 -1.30627
7750 0.336923 0 -1.18686
7800 0.139936 0 -1.13234
7850 0.418602 0 -1.0056
7900 0.695502 0 -1.20884
7950 0.468753 0 -1.21105
8000 0.232739 0 -1.21096
8050 0.243953 0 -1.00019
8100 0.567463 0 -1.0282
8150 0.685354 0 -1.24264
8200 0.324695 0 -1.26414
8250 0.168383 0 -1.24978
8300 0.413792 0 -0.980863
8350 0.671552 0 -1.16892
8400 0.487879 0 -1.09469
8450 0.219856 0 -1.17691
8500 0.184326 0 -0.966496
8550 0.430284 0 -0.875869
8600 0.647834 0 -1.13946
8650 0.44916 0 -1.11076
8700 0.161994 0 -1.08487
8750 0.275467 0 -0.887537
8800 0.421042 0 -0.805083
8850 0.286328 0 -0.585654
8900 0.121216 0 -0.295891
8950 0.0052049 0 -0.0749754
9000 0.0219484 0 -0.0583425
9050 -0.0103684 0 -0.0430591
9100 -0.0814548 0 -0.170237
9150 0.168554 0 -0.443348
9200 0.23729 0 -0.986481
9250 0.691946 0 -0.959745
9300 0.399126 0 -1.00112
9350 0.20585 0 -1.03108
9400 0.254504 0 -0.829563
9450 0.605439 0 -1.01194
9500 0.649176 0 -1.0741
9550 0.357406 0 -1.06692
9600 0.261488 0 -1.01146
9650 0.393168 0 -0.933186
9700 0.577749 0 -1.09912
9750 0.450503 0 -1.0918
9800 0.238781 0 -1.21554
9850 0.320444 0 -0.963182
9900 0.593537 0 -1.06587
9950 0.569159 0 -1.22756
10000 0.265578 0 -1.29094
10050 0.272253 0 -1.17058
10100 0.638929 0 -1.17031
10150 0.7136 0 -1.32638
10200 0.313699 0 -1.34062
10250 0.186233 0 -1.25148
10300 0.398781 0 -1.02558
10350 0.539803 0 -1.16376
10400 0.390519 0 -1.11823
10450 0.243443 0 -1.22794
10500 0.242412 0 -1.03439
10550 0.496465 0 -0.994131
10600 0.584048 0 -1.16726
10650 0.314689 0 -1.21959
10700 0.121932 0 -1.20892
10750 0.386977 0 -0.9877
10800 0.602816 0 -1.19703
10850 0.447314 0 -1.14915
10900 0.198934 0 -1.21481
10950 0.234827 0 -1.00246
11000 0.58097 0 -1.06227
11050 0.579155 0 -1.2351
11100 0.267768 0 -1.22205
11150 0.127767 0 -1.09284
11200 0.404524 0 -0.952815
11250 0.689901 0 -1.24664
11300 0.437981 0 -1.27556
11350 0.0927643 0 -1.26289
11400 0.243919 0 -1.03061
11450 0.622376 0 -1.14621
11500 0.625752 0 -1.31295
11550 0.288367 0 -1.31303
11600 0.206116 0 -1.16381
11650 0.446022 0 -1.07124
11700 0.638727 0 -1.24938
11750 0.390207 0 -1.24745
11800 0.0948974 0 -1.20946
11850 0.326876 0 -0.942668
11900 0.7356 0 -1.26876
11950 0.480331 0 -1.20988
12000 0.228801 0 -1.20497
12050 0.203346 0 -1.01173
12100 0.496397 0 -1.03307
12150 0.617529 0 -1.3095
12200 0.240377 0 -1.32256
12250 0.115702 0 -1.2211
12300 0.37586 0 -1.00548
12350 0.6419 0 -1.24603
12400 0.408339 0 -1.14278
12450 0.166432 0 -1.1987
12500 0.245692 0 -1.00495
12550 0.568959 0 -1.11668
12600 0.587039 0 -1.27921
12650 0.281376 0 -1.23906
12700 0.233985 0 -1.14394
12750 0.477315 0 -1.03275
12800 0.631278 0 -1.23923
12850 0.373997 0 -1.31372
12900 0.0744434 0 -1.28278
12950 0.240332 0 -0.96213
13000 0.689596 0 -1.19162
13050 0.581565 0 -1.32258
13100 0.130973 0 -1.37035
13150 0.188982 0 -1.07824
13200 0.589444 0 -1.07701
13250 0.680255 0 -1.30769
13300 0.292089 0 -1.31538
13350 0.122884 0 -1.21422
13400 0.445824 0 -1.03604
13450 0.701319 0 -1.28452
13500 0.474307 0 -1.28723
13550 0.138558 0 -1.21962
13600 0.248172 0 -0.968335
13650 0.566114 0 -1.09053
13700 0.557373 0 -1.19805
13750 0.236904 0 -1.21726
13800 0.215816 0 -1.11269
13850 0.432859 0 -0.998033
13900 0.66717 0 -1.20419
13950 0.433562 0 -1.15972
14000 0.235521 0 -1.26495
14050 0.240794 0 -1.00272
14100 0.609596 0 -1.12121
14150 0.629888 0 -1.26701
14200 0.264017 0 -1.34933
14250 0.215411 0 -1.16639
14300 0.409549 0 -1.02941
14350 0.636723 0 -1.24851
14400 0.409241 0 -1.14298
14450 0.173223 0 -1.24015
14500 0.345692 0 -1.03529
14550 0.719461 0 -1.20936
14600 0.569363 0 -1.32807
14650 0.209099 0 -1.32127
14700 0.230303 0 -1.11021
14750 0.528226 0 -1.05404
14800 0.680095 0 -1.23983
14850 0.367002 0 -1.20819
14900 0.137941 0 -1.1327
14950 0.318168 0 -0.895054
15000 0.60383 0 -1.085
15050 0.569959 0 -1.14404
15100 0.206975 0 -1.14014
15150 0.155402 0 -1.06222
15200 0.456561 0 -0.939726
15250 0.708192 0 -1.29902
15300 0.398999 0 -1.33854
15350 0.0973003 0 -1.31644
15400 0.308169 0 -1.02154
15450 0.640655 0 -1.22277
15500 0.473846 0 -1.27243
15550 0.174005 0 -1.38308
15600 0.180527 0 -1.10628
15650 0.592981 0 -1.09191
15700 0.682924 0 -1.2925
15750 0.313191 0 -1.29006
15800 0.0959903 0 -1.13168
15850 0.306751 0 -0.905019
15900 0.667361 0 -1.24654
15950 0.447044 0 -1.26187
16000 0.151366 0 -1.21797
16050 0.225212 0 -0.915533
16100 0.664997 0 -1.18214
16150 0.598925 0 -1.35191
16200 0.165725 0 -1.34056
16250 0.174894 0 -1.11732
16300 0.525682 0 -1.03734
16350 0.681222 0 -1.25381
16400 0.3343 0 -1.17243
16450 0.0888526 0 -1.1274
16500 0.230765 0 -0.890521
16550 0.635081 0 -1.19297
16600 0.516592 0 -1.29856
16650 0.247717 0 -1.22079
16700 0.209629 0 -1.0944
16750 0.465013 0 -0.965129
16800 0.658074 0 -1.19955
16850 0.350503 0 -1.19558
16900 0.0771141 0 -1.22019
16950 0.235257 0 -0.958935
17000 0.673448 0 -1.14042
17050 0.62964 0 -1.29223
17100 0.225605 0 -1.29633
17150 0.121524 0 -1.14493
17200 0.472829 0 -1.00231
17250 0.666906 0 -1.2867
17300 0.368369 0 -1.3059
17350 0.13361 0 -1.2848
17400 0.330016 0 -1.03429
17450 0.690823 0 -1.24043
17500 0.536695 0 -1.38927
17550 0.158312 0 -1.42056
17600 0.172803 0 -1.15649
17650 0.569378 0 -1.08319
17700 0.711934 0 -1.32194
17750 0.304356 0 -1.35954
17800 0.126536 0 -1.29133
17850 0.430743 0 -1.02494
17900 0.712845 0 -1.27929
17950 0.430876 0 -1.33032
18000 0.193367 0 -1.32488
18050 0.26452 0 -1.0727
18100 0.589709 0 -1.10654
18150 0.584134 0 -1.26109
18200 0.288342 0 -1.27009
18250 0.109727 0 -1.17247
18300 0.332067 0 -0.951864
18350 0.632267 0 -1.23152
18400 0.425307 0 -1.12701
18450 0.155098 0 -1.11718
18500 0.156019 0 -0.92209
18550 0.437876 0 -0.916419
18600 0.553093 0 -1.18713
18650 0.236481 0 -1.14327
18700 -0.00528828 0 -1.08522
18750 0.178727 0 -0.79489
18800 0.500352 0 -1.09973
18850 0.41458 0 -1.13001
18900 0.167166 0 -1.21667
18950 0.0993868 0 -0.961529
19000 0.39411 0 -0.897458
19050 0.589877 0 -1.21882
19100 0.311331 0 -1.29367
19150 0.179784 0 -1.29021
19200 0.360228 0 -1.02008
19250 0.646324 0 -1.15276
19300 0.518883 0 -1.19837
19350 0.167636 0 -1.24179
19400 0.174617 0 -1.10178
19450 0.524402 0 -1.03671
19500 0.687482 0 -1.2961
19550 0.32859 0 -1.311
19600 0.16031 0 -1.23074
19650 0.428662 0 -1.05556
19700 0.772907 0 -1.27773
19750 0.500926 0 -1.37137
19800 0.141898 0 -1.423
19850 0.290145 0 -1.10343
19900 0.681192 0 -1.22944
19950 0.617407 0 -1.29632
20000 0.240054 0 -1.31768
20050 0.149697 0 -1.12488
20100 0.464753 0 -1.01966
20150 0.727999 0 -1.34319
20200 0.354277 0 -1.3258
20250 0.165737 0 -1.19294
20300 0.36676 0 -1.01777
20350 0.6421 0 -1.17346
20400 0.48273 0 -1.15975
20450 0.167349 0 -1.22099
20500 0.154771 0 -1.00888
20550 0.465469 0 -0.975713
20600 0.541481 0 -1.18715
20650 0.271199 0 -1.21095
20700 0.101634 0 -1.12911
20750 0.28127 0 -0.900724
20800 0.474412 0 -1.14984
20850 0.343412 0 -1.16497
20900 0.15065 0 -1.20933
20950 0.125371 0 -0.967245
21000 0.430548 0 -0.949753
21050 0.598903 0 -1.18929
21100 0.280603 0 -1.2596
21150 0.136651 0 -1.16095
21200 0.389287 0 -0.980042
21250 0.625625 0 -1.22956
21300 0.456628 0 -1.30503
21350 0.12753 0 -1.30949
21400 0.246362 0 -1.03712
21450 0.665825 0 -1.16185
21500 0.667897 0 -1.2842
21550 0.256172 0 -1.31227
21600 0.16785 0 -1.18914
21650 0.494576 0 -1.06024
21700 0.69597 0 -1.2856
21750 0.364484 0 -1.30646
21800 0.12819 0 -1.33964
21850 0.368758 0 -1.04887
21900 0.701642 0 -1.24295
21950 0.526329 0 -1.26258
22000 0.190582 0 -1.26999
22050 0.268177 0 -1.05792
22100 0.633123 0 -1.13131
22150 0.631422 0 -1.31828
22200 0.261888 0 -1.32874
22250 0.215241 0 -1.17041
22300 0.534873 0 -1.11884
22350 0.719494 0 -1.31101
22400 0.369966 0 -1.26092
22450 0.112965 0 -1.2033
22500 0.301195 0 -0.909798
22550 0.67246 0 -1.1703
22600 0.505175 0 -1.18011
22650 0.208712 0 -1.21716
22700 0.222783 0 -1.10309
22750 0.474012 0 -1.04662
22800 0.66109 0 -1.25935
22850 0.363886 0 -1.23668
22900 0.114615 0 -1.18609
22950 0.365173 0 -0.998038
23000 0.687562 0 -1.20191
23050 0.496778 0 -1.28011
23100 0.144765 0 -1.33405
23150 0.184964 0 -1.08157
23200 0.553662 0 -1.10015
23250 0.610925 0 -1.28315
23300 0.303818 0 -1.25278
23350 0.177746 0 -1.2217
23400 0.352762 0 -1.01293
23450 0.625322 0 -1.1767
23500 0.497361 0 -1.24567
23550 0.133574 0 -1.31707
23600 0.156465 0 -1.00105
23650 0.582477 0 -1.04498
23700 0.693524 0 -1.23303
23750 0.317366 0 -1.16914
23800 0.101757 0 -1.20907
23850 0.335177 0 -0.963512
23900 0.654621 0 -1.17139
23950 0.502099 0 -1.21182
24000 0.167979 0 -1.21043
24050 0.186983 0 -1.00497
24100 0.565693 0 -1.01389
24150 0.657551 0 -1.22517
24200 0.302451 0 -1.19202
24250 0.100585 0 -1.14283
24300 0.357362 0 -0.963832
24350 0.575284 0 -1.14782
24400 0.357996 0 -1.05642
24450 0.108947 0 -1.04772
24500 0.118004 0 -0.806647
24550 0.319927 0 -0.700947
24600 0.356049 0 -0.610223
24650 0.245361 0 -0.455528
24700 0.150491 0 -0.767362
24750 0.193668 0 -0.510168
24800 0.181607 0 -0.260568
24850 0.11834 0 -0.0540532
24900 0.0732415 0 -0.0046163
24950 0.0611321 0 -0.0620118
25000 0.0871425 0 -0.0504402
25050 0.0450842 0 -0.0358119
25100 0.0258571 0 -0.018515
25150 0.0204256 0 -0.0255104
25200 -0.014902 0 0.00767569
25250 -0.00250612 0 0.0449598
25300 -0.0127077 0 0.0373454
25350 -0.01655 0 0.0296386
25400 -0.0113949 0 0.0182977
25450 -0.0183709 0 0.0338818
25500 0.00143369 0 0.022203
25550 -0.0046863 0 0.000982779
