200 0 0 -0.125483
250 0 0 -0.118523
300 0 0 -0.248087
350 0 0 -0.476442
400 0 0 -0.659841
450 0 0 -0.859901
500 0 0 -0.936202
550 0 0 -1.09508
600 0 0 -1.0835
650 0 0 -1.06304
700 0 0 -1.08258
750 0 0 -1.06858
800 0 0 -0.993727
850 0 0 -0.937388
900 0 0 -1.02225
950 0 0 -0.963171
1000 0 0 -0.993147
1050 0 0 -0.962392
1100 0 0 -0.914713
1150 0 0 -0.921699
1200 0 0 -0.929205
1250 0 0 -0.872989
1300 0 0 -0.922969
1350 0 0 -1.03651
1400 0 0 -1.07982
1450 0 0 -1.06509
1500 0 0 -1.08461
1550 0 0 -1.26349
1600 0 0 -1.15718
1650 0 0 -1.14184
1700 0 0 -1.0569
1750 0 0 -1.10122
1800 0 0 -0.971793
1850 0 0 -0.96267
1900 0 0 -0.95532
1950 0 0 -0.882809
2000 0 0 -0.912251
2050 0 0 -0.761053
2100 0 0 -0.617026
2150 0 0 -0.554138
2200 0 0 -0.507562
2250 0 0 -0.441098
2300 0 0 -0.493354
2350 0 0 -0.638834
2400 0 0 -0.515085
2450 0 0 -0.391989
2500 0 0 -0.355793
2550 0 0 -0.326795
2600 0 0 -0.555581
2650 0 0 -0.578976
2700 0 0 -0.563397
2750 0 0 -0.512507
2800 0 0 -0.458799
2850 0 0 -0.274943
2900 0 0 -0.42237
2950 0 0 -0.387149
3000 0 0 -0.431537
3050 0 0 -0.345411
3100 0 0 -0.260464
3150 0 0 -0.207525
3200 0 0 -0.347386
3250 0 0 -0.221615
3300 0 0 -0.253647
3350 0 0 -0.382073
3400 0 0 -0.558192
3450 0 0 -0.830107
3500 0 0 -0.942295
3550 0 0 -1.0149
3600 0 0 -1.12489
3650 0 0 -1.36769
3700 0 0 -1.57077
3750 0 0 -1.65651
3800 0 0 -1.6079
3850 0 0 -1.30204
3900 0 0 -1.33898
3950 0 0 -1.26504
4000 0 0 -1.19536
4050 0 0 -1.28331
4100 0 0 -1.24002
4150 0 0 -1.04414
4200 0 0 -1.16367
4250 0 0 -1.17322
4300 0 0 -1.38064
4350 0 0 -1.33222
4400 0 0 -1.29895
4450 0 0 -1.21191
4500 0 0 -1.1658
4550 0 0 -1.25847
4600 0 0 -1.10931
4650 0 0 -1.05149
4700 0 0 -1.12963
4750 0 0 -1.24203
4800 0 0 -1.29785
4850 0 0 -1.35064
4900 0 0 -1.31631
4950 0 0 -1.19335
5000 0 0 -1.27096
5050 0 0 -1.21436
5100 0 0 -1.23169
5150 0 0 -1.38438
5200 0 0 -1.3778
5250 0 0 -1.35131
5300 0 0 -1.31728
5350 0 0 -1.24195
5400 0 0 -1.14686
5450 0 0 -1.35461
5500 0 0 -1.17841
5550 0 0 -1.20426
5600 0 0 -1.30819
5650 0 0 -1.33708
5700 0 0 -1.2345
5750 0 0 -1.2615
5800 0 0 -1.27058
5850 0 0 -1.29734
5900 0 0 -1.34254
5950 0 0 -1.22871
6000 0 0 -1.1406
6050 0 0 -1.16097
6100 0 0 -1.11571
6150 0 0 -1.25453
6200 0 0 -1.28736
6250 0 0 -1.26318
6300 0 0 -1.25801
6350 0 0 -1.13711
6400 0 0 -1.09969
6450 0 0 -0.961841
6500 0 0 -1.13406
6550 0 0 -1.12397
6600 0 0 -1.24396
6650 0 0 -1.20449
6700 0 0 -1.22555
6750 0 0 -1.27986
6800 0 0 -1.13551
6850 0 0 -1.10304
6900 0 0 -1.12099
6950 0 0 -1.28782
7000 0 0 -1.26144
7050 0 0 -1.09533
7100 0 0 -1.14264
7150 0 0 -1.20097
7200 0 0 -1.27586
7250 0 0 -1.32086
7300 0 0 -1.22698
7350 0 0 -1.25732
7400 0 0 -1.25114
7450 0 0 -1.27553
7500 0 0 -1.31442
7550 0 0 -1.1945
7600 0 0 -1.19549
7650 0 0 -1.22462
7700 0 0 -1.24795
7750 0 0 -1.26161
7800 0 0 -1.09086
7850 0 0 -1.19997
7900 0 0 -1.1655
7950 0 0 -1.28061
8000 0 0 -1.26683
8050 0 0 -1.27187
8100 0 0 -1.26296
8150 0 0 -1.20649
8200 0 0 -1.17117
8250 0 0 -1.18177
8300 0 0 -1.25244
8350 0 0 -1.20049
8400 0 0 -1.13981
8450 0 0 -1.15376
8500 0 0 -1.12081
8550 0 0 -1.2129
8600 0 0 -1.02574
8650 0 0 -1.06863
8700 0 0 -1.19763
8750 0 0 -1.16334
8800 0 0 -1.2423
8850 0 0 -1.13714
8900 0 0 -1.15855
8950 0 0 -1.30306
9000 0 0 -1.29037
9050 0 0 -1.29178
9100 0 0 -1.35533
9150 0 0 -1.18827
9200 0 0 -1.28715
9250 0 0 -1.17268
9300 0 0 -1.25008
9350 0 0 -1.23186
9400 0 0 -1.19076
9450 0 0 -1.24576
9500 0 0 -1.10577
9550 0 0 -1.16071
9600 0 0 -1.07442
9650 0 0 -1.02461
9700 0 0 -1.00088
9750 0 0 -0.914256
9800 0 0 -0.864786
9850 0 0 -0.907132
9900 0 0 -0.858706
9950 0 0 -0.767962
10000 0 0 -0.730194
10050 0 0 -0.741984
10100 0 0 -0.745513
10150 0 0 -0.852039
10200 0 0 -0.810339
10250 0 0 -0.813414
10300 0 0 -0.779174
10350 0 0 -0.805319
10400 0 0 -1.03413
10450 0 0 -1.02544
10500 0 0 -1.00709
10550 0 0 -1.00425
10600 0 0 -1.03626
10650 0 0 -0.989098
10700 0 0 -1.13442
10750 0 0 -1.31955
10800 0 0 -1.20167
10850 0 0 -1.24965
10900 0 0 -1.0905
10950 0 0 -1.02702
11000 0 0 -1.01223
11050 0 0 -0.919059
11100 0 0 -0.934425
11150 0 0 -1.01353
11200 0 0 -1.0586
11250 0 0 -1.09791
11300 0 0 -0.912698
11350 0 0 -0.990408
11400 0 0 -0.957603
11450 0 0 -0.84358
11500 0 0 -0.973731
11550 0 0 -1.00553
11600 0 0 -0.803477
11650 0 0 -0.919242
11700 0 0 -0.996604
11750 0 0 -0.959257
11800 0 0 -0.938882
11850 0 0 -0.836854
11900 0 0 -0.859918
11950 0 0 -1.00276
12000 0 0 -1.1662
12050 0 0 -1.21972
12100 0 0 -1.28872
12150 0 0 -1.35979
12200 0 0 -1.30439
12250 0 0 -1.21817
12300 0 0 -1.16605
12350 0 0 -1.18401
12400 0 0 -1.31778
12450 0 0 -1.25545
12500 0 0 -1.25922
12550 0 0 -1.29673
12600 0 0 -1.24226
12650 0 0 -1.16559
12700 0 0 -1.25671
12750 0 0 -1.24256
12800 0 0 -1.33821
12850 0 0 -1.33429
12900 0 0 -1.34495
12950 0 0 -1.29341
13000 0 0 -1.32232
13050 0 0 -1.36089
13100 0 0 -1.33001
13150 0 0 -1.5901
13200 0 0 -1.32113
13250 0 0 -1.28046
13300 0 0 -1.13624
13350 0 0 -1.16492
13400 0 0 -1.07877
13450 0 0 -0.961255
13500 0 0 -0.910654
13550 0 0 -0.98693
13600 0 0 -1.05545
13650 0 0 -1.18972
13700 0 0 -1.28028
13750 0 0 -1.22925
13800 0 0 -1.25253
13850 0 0 -1.21082
13900 0 0 -1.28149
13950 0 0 -1.33343
14000 0 0 -1.29848
14050 0 0 -1.45541
14100 0 0 -1.35328
14150 0 0 -1.38812
14200 0 0 -1.44021
14250 0 0 -1.35596
14300 0 0 -1.30067
14350 0 0 -1.26609
14400 0 0 -1.25605
14450 0 0 -1.37126
14500 0 0 -1.33613
14550 0 0 -1.2133
14600 0 0 -1.24313
14650 0 0 -1.32485
14700 0 0 -1.40348
14750 0 0 -1.3784
14800 0 0 -1.33189
14850 0 0 -1.32776
14900 0 0 -1.26241
14950 0 0 -1.39763
15000 0 0 -1.41612
15050 0 0 -1.45144
15100 0 0 -1.5549
15150 0 0 -1.52414
15200 0 0 -1.45447
15250 0 0 -1.32578
15300 0 0 -1.31802
15350 0 0 -1.29897
15400 0 0 -1.38981
15450 0 0 -1.36232
15500 0 0 -1.25593
15550 0 0 -1.22907
15600 0 0 -1.29356
15650 0 0 -1.33881
15700 0 0 -1.24595
15750 0 0 -1.21535
15800 0 0 -1.36444
15850 0 0 -1.5809
15900 0 0 -1.44841
15950 0 0 -1.29332
16000 0 0 -1.20272
16050 0 0 -1.23621
16100 0 0 -1.40961
16150 0 0 -1.30522
16200 0 0 -1.23656
16250 0 0 -1.24396
16300 0 0 -1.29233
16350 0 0 -1.40973
16400 0 0 -1.12104
16450 0 0 -1.044
16500 0 0 -0.927673
16550 0 0 -0.825879
16600 0 0 -0.497821
16650 0 0 -0.603958
16700 0 0 -0.707634
16750 0 0 -0.77894
16800 0 0 -0.916705
16850 0 0 -0.886948
16900 0 0 -1.08232
16950 0 0 -1.29058
17000 0 0 -1.4099
17050 0 0 -1.27053
17100 0 0 -1.2525
17150 0 0 -1.24636
17200 0 0 -1.32014
17250 0 0 -1.22836
17300 0 0 -1.41548
17350 0 0 -1.34218
17400 0 0 -1.27738
17450 0 0 -1.32734
17500 0 0 -1.22138
17550 0 0 -1.30433
17600 0 0 -1.26632
17650 0 0 -1.23036
17700 0 0 -1.25314
17750 0 0 -1.22622
17800 0 0 -1.14291
17850 0 0 -1.06727
17900 0 0 -1.2126
17950 0 0 -1.1832
18000 0 0 -1.28016
18050 0 0 -1.18344
18100 0 0 -1.18908
18150 0 0 -1.20287
18200 0 0 -1.26029
18250 0 0 -1.24483
18300 0 0 -1.26498
18350 0 0 -1.34147
18400 0 0 -1.14258
18450 0 0 -1.23149
18500 0 0 -1.19311
18550 0 0 -1.21377
18600 0 0 -1.20511
18650 0 0 -1.29487
18700 0 0 -1.21758
18750 0 0 -1.32588
18800 0 0 -1.28709
18850 0 0 -1.27962
18900 0 0 -1.28219
18950 0 0 -1.23585
19000 0 0 -1.26644
19050 0 0 -1.34866
19100 0 0 -1.28706
19150 0 0 -1.15316
19200 0 0 -1.23901
19250 0 0 -1.21162
19300 0 0 -1.23784
19350 0 0 -1.28408
19400 0 0 -1.19417
19450 0 0 -1.25707
19500 0 0 -1.17156
19550 0 0 -1.16658
19600 0 0 -1.33136
19650 0 0 -1.24728
19700 0 0 -1.2615
19750 0 0 -1.13655
19800 0 0 -1.0891
19850 0 0 -1.05502
19900 0 0 -1.13826
19950 0 0 -1.11692
20000 0 0 -1.14454
20050 0 0 -1.16166
20100 0 0 -1.06472
20150 0 0 -1.15465
20200 0 0 -1.21562
20250 0 0 -1.2403
20300 0 0 -1.30994
20350 0 0 -1.45697
20400 0 0 -1.34455
20450 0 0 -1.2038
20500 0 0 -1.19536
20550 0 0 -1.16383
20600 0 0 -1.2752
20650 0 0 -1.18123
20700 0 0 -1.18444
20750 0 0 -1.18121
20800 0 0 -1.18059
20850 0 0 -1.17424
20900 0 0 -1.20058
20950 0 0 -1.14375
21000 0 0 -1.10489
21050 0 0 -1.07451
21100 0 0 -1.02727
21150 0 0 -0.949234
21200 0 0 -0.924696
21250 0 0 -1.09184
21300 0 0 -1.14896
21350 0 0 -1.30662
21400 0 0 -1.3162
21450 0 0 -1.29701
21500 0 0 -1.23432
21550 0 0 -1.32348
21600 0 0 -1.37301
21650 0 0 -1.36279
21700 0 0 -1.37807
21750 0 0 -1.24112
21800 0 0 -1.28672
21850 0 0 -1.36285
21900 0 0 -1.26227
21950 0 0 -1.2637
22000 0 0 -1.28233
22050 0 0 -1.32054
22100 0 0 -1.43068
22150 0 0 -1.3665
22200 0 0 -1.27439
22250 0 0 -1.13149
22300 0 0 -1.27932
22350 0 0 -1.3736
22400 0 0 -1.3055
22450 0 0 -1.33096
22500 0 0 -1.20407
22550 0 0 -1.24055
22600 0 0 -1.25748
22650 0 0 -1.24273
22700 0 0 -1.27536
22750 0 0 -1.3158
22800 0 0 -1.4392
22850 0 0 -1.38011
22900 0 0 -1.33172
22950 0 0 -1.17926
23000 0 0 -1.21319
23050 0 0 -1.40157
23100 0 0 -1.36016
23150 0 0 -1.26721
23200 0 0 -1.2033
23250 0 0 -1.05565
23300 0 0 -1.12683
23350 0 0 -1.14454
23400 0 0 -1.13349
23450 0 0 -1.08392
23500 0 0 -1.03393
23550 0 0 -1.15025
23600 0 0 -1.24357
23650 0 0 -1.16047
23700 0 0 -1.40537
23750 0 0 -1.359
23800 0 0 -1.27477
23850 0 0 -1.1989
23900 0 0 -1.28601
23950 0 0 -1.24193
24000 0 0 -1.20167
24050 0 0 -1.36359
24100 0 0 -1.40195
24150 0 0 -1.34261
24200 0 0 -1.31416
24250 0 0 -1.327
24300 0 0 -1.26858
24350 0 0 -1.26799
24400 0 0 -1.15401
24450 0 0 -1.0307
24500 0 0 -1.01207
24550 0 0 -1.06991
24600 0 0 -1.19815
24650 0 0 -1.27848
24700 0 0 -1.30736
24750 0 0 -1.2938
24800 0 0 -1.27424
24850 0 0 -1.24503
24900 0 0 -1.39429
24950 0 0 -1.39023
25000 0 0 -1.25121
25050 0 0 -1.22033
25100 0 0 -1.29188
25150 0 0 -1.36181
25200 0 0 -1.35224
25250 0 0 -1.26712
25300 0 0 -1.23353
25350 0 0 -1.20039
25400 0 0 -1.14521
25450 0 0 -1.20232
25500 0 0 -1.13801
25550 0 0 -1.22268
25600 0 0 -1.12637
25650 0 0 -1.0721
25700 0 0 -1.16701
25750 0 0 -1.18304
25800 0 0 -1.24453
25850 0 0 -1.28331
25900 0 0 -1.31226
25950 0 0 -1.23786
26000 0 0 -1.30061
26050 0 0 -1.38166
26100 0 0 -1.23419
26150 0 0 -1.32834
26200 0 0 -1.26196
26250 0 0 -1.28642
26300 0 0 -1.23272
26350 0 0 -1.18968
26400 0 0 -1.33469
26450 0 0 -1.39672
26500 0 0 -1.32549
26550 0 0 -1.2437
26600 0 0 -1.12979
26650 0 0 -1.17155
26700 0 0 -1.15293
26750 0 0 -1.12068
26800 0 0 -0.92287
26850 0 0 -1.10862
26900 0 0 -1.16527
26950 0 0 -1.22918
27000 0 0 -1.2502
27050 0 0 -1.18468
27100 0 0 -1.16721
27150 0 0 -1.22457
27200 0 0 -1.27606
27250 0 0 -1.30046
27300 0 0 -1.07517
27350 0 0 -1.08035
27400 0 0 -0.989871
27450 0 0 -1.03447
27500 0 0 -1.00763
27550 0 0 -0.980751
27600 0 0 -0.794781
27650 0 0 -0.736325
27700 0 0 -0.664423
27750 0 0 -0.778605
27800 0 0 -0.737354
27850 0 0 -0.626339
27900 0 0 -0.48229
