200 -0.0247196 0 -0.999694
250 0.114549 0 -0.993418
300 0.237464 0 -0.971396
350 0.306683 0 -0.951812
400 0.0145781 0 -0.999894
450 -0.0328767 0 -0.999459
500 0.213097 0 -0.977031
550 0.110979 0 -0.993823
600 0.0888985 0 -0.996041
650 0.0019256 0 -0.999998
700 0.0279234 0 -0.99961
750 0.0140159 0 -0.999902
800 0.0836864 0 -0.996492
850 0.205669 0 -0.978622
900 0.146753 0 -0.989173
950 0.069786 0 -0.997562
1000 0.0520558 0 -0.998644
1050 0.0761412 0 -0.997097
1100 0.125997 0 -0.992031
1150 0.0850261 0 -0.996379
1200 0.134979 0 -0.990849
1250 -0.0433457 0 -0.99906
1300 -0.0541698 0 -0.998532
1350 0.0811585 0 -0.996701
1400 0.110524 0 -0.993873
1450 0.103941 0 -0.994583
1500 0.0621038 0 -0.99807
1550 -0.0621195 0 -0.998069
1600 -0.00931464 0 -0.999957
1650 0.0551641 0 -0.998477
1700 -0.0398256 0 -0.999207
1750 0.0666367 0 -0.997777
1800 -0.108702 0 -0.994074
1850 -0.029745 0 -0.999558
1900 0.103289 0 -0.994651
1950 0.246699 0 -0.969092
2000 0.0913338 0 -0.99582
2050 -0.0420696 0 -0.999115
2100 -0.13511 0 -0.990831
2150 -0.215001 0 -0.976614
2200 0.045694 0 -0.998955
2250 0.090681 0 -0.99588
2300 -0.169396 0 -0.985548
2350 -0.630086 0 -0.776526
2400 -0.879554 0 -0.475799
2450 -0.337149 0 -0.941451
2500 -0.10119 0 -0.994867
2550 0.474763 0 -0.880114
2600 0.901649 0 -0.432469
2650 0.890452 0 -0.455076
2700 0.765158 0 -0.643842
2750 0.562264 0 -0.826958
2800 0.441812 0 -0.897108
2850 -0.142213 0 -0.989836
2900 -0.13764 0 -0.990482
2950 -0.229171 0 -0.973386
3000 -0.272789 0 -0.962074
3050 -0.0648982 0 -0.997892
3100 0.0245217 0 -0.999699
3150 0.369379 0 -0.929279
3200 0.667937 0 -0.744218
3250 0.27673 0 -0.960948
3300 -0.105495 0 -0.99442
3350 0.00954968 0 -0.999954
3400 0.176084 0 -0.984375
3450 0.0930326 0 -0.995663
3500 0.170958 0 -0.985278
3550 0.224466 0 -0.974482
3600 0.164791 0 -0.986328
3650 0.12063 0 -0.992698
3700 0.0724077 0 -0.997375
3750 0.122287 0 -0.992495
3800 0.177794 0 -0.984068
3850 0.10796 0 -0.994155
3900 0.152599 0 -0.988288
3950 0.0244035 0 -0.999702
4000 0.140994 0 -0.99001
4050 0.0752368 0 -0.997166
4100 -0.0731978 0 -0.997317
4150 -0.00250951 0 -0.999997
4200 0.101137 0 -0.994872
4250 0.15403 0 -0.988066
4300 0.0129103 0 -0.999917
4350 -0.0243527 0 -0.999703
4400 0.0188795 0 -0.999822
4450 0.0279225 0 -0.99961
4500 0.100518 0 -0.994935
4550 0.181325 0 -0.983423
4600 0.198588 0 -0.980083
4650 0.179087 0 -0.983833
4700 0.271764 0 -0.962364
4750 0.183645 0 -0.982993
4800 0.104532 0 -0.994522
4850 0.10864 0 -0.994081
4900 0.107839 0 -0.994168
4950 0.173507 0 -0.984833
5000 0.0579377 0 -0.99832
5050 0.0202369 0 -0.999795
5100 0.112223 0 -0.993683
5150 0.283486 0 -0.958976
5200 0.204291 0 -0.97891
5250 0.0667512 0 -0.99777
5300 0.03116 0 -0.999514
5350 0.118326 0 -0.992975
5400 0.240848 0 -0.970563
5450 0.131401 0 -0.991329
5500 0.0788631 0 -0.996885
5550 0.229924 0 -0.973209
5600 0.317623 0 -0.948217
5650 0.19513 0 -0.980777
5700 0.0906528 0 -0.995883
5750 0.16943 0 -0.985542
5800 0.218974 0 -0.975731
5850 0.17564 0 -0.984455
5900 0.166756 0 -0.985998
5950 0.149017 0 -0.988835
6000 0.0590812 0 -0.998253
6050 0.223316 0 -0.974746
6100 0.242927 0 -0.970045
6150 0.186688 0 -0.982419
6200 0.148915 0 -0.98885
6250 0.134789 0 -0.990874
6300 0.102526 0 -0.99473
6350 0.110927 0 -0.993829
6400 0.184087 0 -0.98291
6450 0.119084 0 -0.992884
6500 0.26708 0 -0.963674
6550 0.160776 0 -0.986991
6600 0.0457905 0 -0.998951
6650 -0.0967446 0 -0.995309
6700 -0.0534743 0 -0.998569
6750 -0.09438 0 -0.995536
6800 0.0919831 0 -0.995761
6850 0.172232 0 -0.985056
6900 0.0707104 0 -0.997497
6950 0.120897 0 -0.992665
7000 0.085495 0 -0.996339
7050 0.32771 0 -0.944778
7100 0.235798 0 -0.971802
7150 0.184785 0 -0.982779
7200 0.179852 0 -0.983694
7250 0.215183 0 -0.976574
7300 0.217883 0 -0.975975
7350 0.151043 0 -0.988527
7400 0.164603 0 -0.98636
7450 0.160445 0 -0.987045
7500 0.206086 0 -0.978534
7550 0.201098 0 -0.979571
7600 0.100363 0 -0.994951
7650 0.099842 0 -0.995003
7700 0.0611732 0 -0.998127
7750 0.218509 0 -0.975835
7800 0.296273 0 -0.955103
7850 0.344242 0 -0.938881
7900 0.203504 0 -0.979074
7950 0.23288 0 -0.972505
8000 0.217555 0 -0.976048
8050 0.201515 0 -0.979485
8100 0.199208 0 -0.979957
8150 0.114849 0 -0.993383
8200 0.19087 0 -0.981615
8250 0.0480111 0 -0.998847
8300 -0.0397054 0 -0.999211
8350 -0.0271232 0 -0.999632
8400 0.0929551 0 -0.99567
8450 0.283952 0 -0.958838
8500 0.227354 0 -0.973812
8550 0.23842 0 -0.971162
8600 0.0918924 0 -0.995769
8650 0.189093 0 -0.981959
8700 0.214306 0 -0.976767
8750 0.31919 0 -0.947691
8800 0.145606 0 -0.989343
8850 -0.0201476 0 -0.999797
8900 -0.0270795 0 -0.999633
8950 0.122703 0 -0.992443
9000 0.104379 0 -0.994538
9050 -0.00569933 0 -0.999984
9100 0.0100867 0 -0.999949
9150 0.180693 0 -0.98354
9200 0.194127 0 -0.980976
9250 0.224621 0 -0.974446
9300 0.0807526 0 -0.996734
9350 -0.0126388 0 -0.99992
9400 0.129078 0 -0.991634
9450 0.296561 0 -0.955014
9500 0.293171 0 -0.95606
9550 0.1254 0 -0.992106
9600 0.0262037 0 -0.999657
9650 -0.147819 0 -0.989014
9700 -0.0279375 0 -0.99961
9750 0.290622 0 -0.956838
9800 -0.0152796 0 -0.999883
9850 0.182362 0 -0.983231
9900 0.207185 0 -0.978302
9950 0.0571779 0 -0.998364
10000 0.233003 0 -0.972476
10050 0.285261 0 -0.95845
10100 0.129289 0 -0.991607
10150 0.137753 0 -0.990467
10200 0.0185805 0 -0.999827
10250 0.186612 0 -0.982434
10300 0.165074 0 -0.986281
10350 -0.0553985 0 -0.998464
10400 -0.0102123 0 -0.999948
10450 0.169273 0 -0.985569
10500 0.188705 0 -0.982034
10550 0.329276 0 -0.944234
10600 0.23064 0 -0.973039
10650 0.0494571 0 -0.998776
10700 0.189463 0 -0.981888
10750 0.172468 0 -0.985015
10800 0.268965 0 -0.96315
10850 0.290088 0 -0.957
10900 0.234631 0 -0.972085
10950 0.191656 0 -0.981462
11000 0.132946 0 -0.991123
11050 0.262113 0 -0.965037
11100 0.16616 0 -0.986099
11150 0.0638924 0 -0.997957
11200 0.0215618 0 -0.999768
11250 -0.026123 0 -0.999659
11300 0.140006 0 -0.990151
11350 0.406175 0 -0.913796
11400 0.460365 0 -0.88773
11450 0.302889 0 -0.953026
11500 0.303968 0 -0.952682
11550 0.201057 0 -0.97958
11600 0.393233 0 -0.919439
11650 0.366777 0 -0.930309
11700 0.323071 0 -0.946375
11750 0.184748 0 -0.982786
11800 0.240948 0 -0.970538
11850 0.162067 0 -0.98678
11900 0.109837 0 -0.99395
11950 0.159367 0 -0.987219
12000 0.134568 0 -0.990904
12050 0.0223597 0 -0.99975
12100 0.0967171 0 -0.995312
12150 0.161557 0 -0.986863
12200 0.25319 0 -0.967416
12250 0.13549 0 -0.990779
12300 0.136014 0 -0.990707
12350 0.135386 0 -0.990793
12400 0.220893 0 -0.975298
12450 0.200051 0 -0.979786
12500 0.0819367 0 -0.996638
12550 0.0509807 0 -0.9987
12600 0.142726 0 -0.989762
12650 0.1753 0 -0.984515
12700 -0.0215844 0 -0.999767
12750 -0.0962585 0 -0.995356
12800 0.00259239 0 -0.999997
12850 0.113167 0 -0.993576
12900 -0.0123847 0 -0.999923
12950 -0.00594951 0 -0.999982
13000 0.0845483 0 -0.996419
13050 0.137638 0 -0.990483
13100 -0.00064917 0 -1
13150 0.062776 0 -0.998028
13200 0.0506066 0 -0.998719
13250 0.0212826 0 -0.999773
13300 0.0831035 0 -0.996541
13350 0.00674259 0 -0.999977
13400 -0.0954303 0 -0.995436
13450 0.130351 0 -0.991468
13500 0.196178 0 -0.980568
13550 0.260131 0 -0.965573
13600 0.170828 0 -0.985301
13650 0.121091 0 -0.992641
13700 0.191611 0 -0.981471
13750 0.242742 0 -0.970091
13800 0.344872 0 -0.93865
13850 0.214172 0 -0.976796
13900 0.250653 0 -0.968077
13950 0.335233 0 -0.942135
14000 0.244048 0 -0.969763
14050 0.109444 0 -0.993993
14100 0.142057 0 -0.989859
14150 0.219196 0 -0.975681
14200 0.32753 0 -0.944841
14250 0.298863 0 -0.954296
14300 0.204509 0 -0.978865
14350 0.181502 0 -0.983391
14400 0.177014 0 -0.984208
14450 0.315081 0 -0.949065
14500 0.273509 0 -0.961869
14550 0.200328 0 -0.979729
14600 0.227811 0 -0.973705
14650 0.315459 0 -0.948939
14700 0.293129 0 -0.956073
14750 0.240564 0 -0.970633
14800 0.248894 0 -0.968531
14850 0.182533 0 -0.9832
14900 0.266709 0 -0.963777
14950 0.133856 0 -0.991001
15000 0.212258 0 -0.977214
15050 0.329782 0 -0.944057
15100 0.377045 0 -0.926195
15150 0.305998 0 -0.952032
15200 0.136292 0 -0.990669
15250 0.215985 0 -0.976397
15300 0.269737 0 -0.962934
15350 0.213324 0 -0.976982
15400 0.214924 0 -0.976631
15450 0.0800547 0 -0.99679
15500 0.034036 0 -0.999421
15550 0.143129 0 -0.989704
15600 0.187136 0 -0.982334
15650 0.106892 0 -0.994271
15700 0.0909918 0 -0.995852
15750 0.0848079 0 -0.996397
15800 0.182975 0 -0.983118
15850 0.170332 0 -0.985387
15900 0.102433 0 -0.99474
15950 0.0768208 0 -0.997045
16000 0.119119 0 -0.99288
16050 0.0433074 0 -0.999062
16100 -0.00196906 0 -0.999998
16150 -0.0223606 0 -0.99975
16200 0.157771 0 -0.987476
16250 0.227306 0 -0.973823
16300 0.144932 0 -0.989442
16350 0.104508 0 -0.994524
16400 0.0180669 0 -0.999837
16450 0.0488338 0 -0.998807
16500 -0.0214752 0 -0.999769
16550 0.0474846 0 -0.998872
16600 0.0922928 0 -0.995732
16650 -0.0405637 0 -0.999177
16700 -0.0684098 0 -0.997657
16750 -0.0279635 0 -0.999609
16800 0.0550209 0 -0.998485
16850 -0.0625773 0 -0.99804
16900 -0.1738 0 -0.984781
16950 -0.22501 0 -0.974356
17000 0.0146963 0 -0.999892
17050 -0.0467408 0 -0.998907
17100 -0.136788 0 -0.9906
17150 -0.135218 0 -0.990816
17200 0.0953654 0 -0.995442
17250 0.159317 0 -0.987228
17300 0.0869077 0 -0.996216
17350 -0.00622933 0 -0.999981
17400 0.146486 0 -0.989213
17450 0.191228 0 -0.981546
17500 0.149268 0 -0.988797
17550 0.0928486 0 -0.99568
17600 0.111812 0 -0.993729
17650 0.169251 0 -0.985573
17700 0.204688 0 -0.978827
17750 0.174751 0 -0.984613
17800 0.174398 0 -0.984675
17850 0.343864 0 -0.939019
17900 0.40096 0 -0.916096
17950 0.270338 0 -0.962765
18000 0.124301 0 -0.992245
18050 -0.121613 0 -0.992578
18100 0.0635122 0 -0.997981
18150 0.116439 0 -0.993198
18200 0.160954 0 -0.986962
18250 0.0451809 0 -0.998979
18300 0.0596145 0 -0.998221
18350 0.00203883 0 -0.999998
18400 0.146323 0 -0.989237
18450 0.293169 0 -0.956061
18500 0.303363 0 -0.952875
18550 0.380941 0 -0.924599
18600 0.356724 0 -0.93421
18650 0.274645 0 -0.961546
18700 0.181471 0 -0.983396
18750 0.0709153 0 -0.997482
18800 0.0615184 0 -0.998106
18850 0.122645 0 -0.992451
18900 0.167727 0 -0.985833
18950 0.20644 0 -0.978459
19000 0.0853328 0 -0.996353
19050 0.0966359 0 -0.99532
19100 0.204125 0 -0.978945
19150 0.148093 0 -0.988973
19200 0.0955621 0 -0.995423
19250 0.0532458 0 -0.998581
19300 0.136656 0 -0.990619
19350 0.125801 0 -0.992056
19400 0.0950745 0 -0.99547
19450 -0.0227065 0 -0.999742
19500 -0.0640769 0 -0.997945
19550 0.0790092 0 -0.996874
19600 0.196417 0 -0.980521
19650 0.0486581 0 -0.998815
19700 0.0832477 0 -0.996529
19750 0.0688366 0 -0.997628
19800 0.137917 0 -0.990444
19850 0.302814 0 -0.95305
19900 0.268164 0 -0.963373
19950 0.266549 0 -0.963821
20000 0.331008 0 -0.943628
20050 0.339264 0 -0.940691
20100 0.372238 0 -0.928137
20150 0.318896 0 -0.94779
20200 0.306399 0 -0.951903
20250 0.258223 0 -0.966085
20300 0.226356 0 -0.974045
20350 0.236899 0 -0.971534
20400 0.18643 0 -0.982468
20450 0.130816 0 -0.991407
20500 0.118621 0 -0.99294
20550 0.153088 0 -0.988213
20600 0.204925 0 -0.978778
20650 0.0369671 0 -0.999316
20700 0.0896009 0 -0.995978
20750 0.1276 0 -0.991826
20800 0.29525 0 -0.95542
20850 0.28745 0 -0.957796
20900 0.147744 0 -0.989026
20950 0.0244969 0 -0.9997
21000 0.0671571 0 -0.997742
21050 -0.0942628 0 -0.995547
21100 0.0569042 0 -0.99838
21150 0.285686 0 -0.958323
21200 0.0513171 0 -0.998682
21250 0.164846 0 -0.986319
21300 0.214421 0 -0.976741
21350 0.140834 0 -0.990033
21400 0.117927 0 -0.993022
21450 0.0232604 0 -0.999729
21500 -0.0635324 0 -0.99798
21550 0.104462 0 -0.994529
21600 0.103928 0 -0.994585
21650 0.157799 0 -0.987471
21700 0.123729 0 -0.992316
21750 -0.0644082 0 -0.997924
21800 -0.0513702 0 -0.99868
21850 0.172005 0 -0.985096
21900 0.144352 0 -0.989526
21950 0.108575 0 -0.994088
22000 0.140619 0 -0.990064
22050 0.187318 0 -0.982299
22100 0.231904 0 -0.972739
22150 0.279046 0 -0.960278
22200 0.20639 0 -0.97847
22250 0.130193 0 -0.991489
22300 0.123069 0 -0.992398
22350 0.227864 0 -0.973693
22400 0.26424 0 -0.964457
22450 0.227748 0 -0.97372
22500 0.115984 0 -0.993251
22550 0.125278 0 -0.992122
22600 0.141592 0 -0.989925
22650 0.143552 0 -0.989643
22700 0.135382 0 -0.990793
22750 0.199478 0 -0.979902
22800 0.215521 0 -0.976499
22850 0.123957 0 -0.992288
22900 0.0710832 0 -0.99747
22950 0.0887877 0 -0.996051
23000 0.0970669 0 -0.995278
23050 0.104413 0 -0.994534
23100 0.116071 0 -0.993241
23150 0.059608 0 -0.998222
23200 0.0796055 0 -0.996826
23250 0.132818 0 -0.99114
23300 0.285784 0 -0.958294
23350 0.0933165 0 -0.995636
23400 -0.0646098 0 -0.997911
23450 0.0105232 0 -0.999945
23500 0.0110289 0 -0.999939
23550 0.10194 0 -0.994791
23600 0.254156 0 -0.967163
23650 0.290377 0 -0.956912
23700 0.231412 0 -0.972856
23750 0.352521 0 -0.935804
23800 0.28429 0 -0.958738
23850 0.231877 0 -0.972745
23900 0.169206 0 -0.985581
23950 0.137586 0 -0.99049
24000 0.147656 0 -0.989039
24050 0.249832 0 -0.968289
24100 0.243916 0 -0.969796
24150 0.166029 0 -0.986121
24200 0.139523 0 -0.990219
24250 0.169145 0 -0.985591
24300 0.140263 0 -0.990114
24350 0.0241233 0 -0.999709
24400 -0.106565 0 -0.994306
24450 -0.0960796 0 -0.995374
24500 -0.111706 0 -0.993741
24550 0.0435842 0 -0.99905
24600 0.0260194 0 -0.999661
24650 -0.101135 0 -0.994873
24700 -0.0476093 0 -0.998866
24750 0.0824925 0 -0.996592
24800 0.0785831 0 -0.996908
24850 0.16706 0 -0.985947
24900 0.111627 0 -0.99375
24950 0.0946705 0 -0.995509
25000 0.189722 0 -0.981838
25050 0.288418 0 -0.957504
25100 0.110996 0 -0.993821
25150 0.124517 0 -0.992218
25200 0.193287 0 -0.981142
25250 0.278991 0 -0.960294
25300 0.275029 0 -0.961436
25350 0.247141 0 -0.968979
25400 0.123401 0 -0.992357
25450 0.231158 0 -0.972916
25500 0.17732 0 -0.984153
25550 0.208019 0 -0.978125
25600 0.22515 0 -0.974324
25650 0.130629 0 -0.991431
25700 0.15248 0 -0.988307
25750 0.185773 0 -0.982593
25800 0.117208 0 -0.993107
25850 0.100328 0 -0.994954
25900 0.191441 0 -0.981504
25950 0.388254 0 -0.921552
26000 0.232604 0 -0.972572
26050 0.140987 0 -0.990011
26100 0.190136 0 -0.981758
26150 0.121634 0 -0.992575
26200 0.2246 0 -0.974451
26250 0.252487 0 -0.9676
26300 0.227659 0 -0.973741
26350 0.212182 0 -0.97723
26400 0.234494 0 -0.972118
26450 0.228351 0 -0.973579
26500 0.13955 0 -0.990215
26550 0.11968 0 -0.992813
26600 0.181277 0 -0.983432
26650 0.34518 0 -0.938536
26700 0.304397 0 -0.952545
26750 0.361976 0 -0.932187
26800 0.174471 0 -0.984662
26850 0.0970793 0 -0.995277
26900 0.256068 0 -0.966659
26950 0.400537 0 -0.916281
27000 0.25973 0 -0.965681
27050 0.230141 0 -0.973157
27100 0.193005 0 -0.981198
27150 0.106978 0 -0.994261
27200 -0.0444315 0 -0.999012
27250 0.0871087 0 -0.996199
27300 0.127329 0 -0.99186
27350 0.121103 0 -0.99264
27400 0.159933 0 -0.987128
27450 0.0263504 0 -0.999653
27500 0.08201 0 -0.996632
27550 0.285421 0 -0.958402
27600 0.363464 0 -0.931608
27650 0.288333 0 -0.95753
27700 0.252172 0 -0.967682
27750 0.159416 0 -0.987211
27800 0.0932574 0 -0.995642
27850 0.0967796 0 -0.995306
27900 -0.0497154 0 -0.998763
