200 -0.00310189 0 -0.125445
250 0.0135767 0 -0.117743
300 0.0589116 0 -0.240991
350 0.146117 0 -0.453483
400 0.00961926 0 -0.659771
450 -0.0282707 0 -0.859436
500 0.199502 0 -0.914699
550 0.12153 0 -1.08831
600 0.0963212 0 -1.07921
650 0.00204699 0 -1.06304
700 0.0302293 0 -1.08216
750 0.0149771 0 -1.06847
800 0.0831614 0 -0.990241
850 0.192791 0 -0.917348
900 0.150018 0 -1.01118
950 0.0672159 0 -0.960823
1000 0.051699 0 -0.9918
1050 0.0732777 0 -0.959598
1100 0.115251 0 -0.907424
1150 0.0783685 0 -0.918362
1200 0.125983 0 -0.920921
1250 -0.0369356 0 -0.872042
1300 -0.0502051 0 -0.921516
1350 0.0839005 0 -1.03307
1400 0.119346 0 -1.07321
1450 0.110706 0 -1.05932
1500 0.0673587 0 -1.08252
1550 -0.0784873 0 -1.26105
1600 -0.000211704 0 -1.15698
1650 0.0701017 0 -1.14183
1700 -0.0423671 0 -1.05691
1750 0.0734019 0 -1.098
1800 -0.105636 0 -0.966035
1850 -0.0286347 0 -0.962244
1900 0.0986745 0 -0.95021
1950 0.217789 0 -0.855523
2000 0.0833194 0 -0.908438
2050 -0.0320172 0 -0.76038
2100 -0.0833665 0 -0.611368
2150 -0.11914 0 -0.541179
2200 0.0231925 0 -0.507032
2250 0.0399993 0 -0.439281
2300 -0.0835721 0 -0.486224
2350 -0.40252 0 -0.496071
2400 -0.473859 0 -0.254
2450 -0.138477 0 -0.392242
2500 -0.0314977 0 -0.36831
2550 0.15933 0 -0.286403
2600 0.500939 0 -0.240272
2650 0.51555 0 -0.263478
2700 0.431088 0 -0.362738
2750 0.288164 0 -0.423822
2800 0.204589 0 -0.430849
2850 -0.0441236 0 -0.274935
2900 -0.0619338 0 -0.418577
2950 -0.0891235 0 -0.376903
3000 -0.117719 0 -0.415171
3050 -0.0224166 0 -0.344683
3100 0.00638701 0 -0.260385
3150 0.0766553 0 -0.192848
3200 0.22586 0 -0.261444
3250 0.0516583 0 -0.215727
3300 -0.0319172 0 -0.251226
3350 0.00381013 0 -0.381938
3400 0.0982886 0 -0.54947
3450 0.077227 0 -0.826507
3500 0.161093 0 -0.928423
3550 0.227811 0 -0.989002
3600 0.1841 0 -1.1148
3650 0.1489 0 -1.35802
3700 0.103598 0 -1.56756
3750 0.203289 0 -1.64468
3800 0.285874 0 -1.58228
3850 0.140568 0 -1.29443
3900 0.204327 0 -1.3233
3950 0.0308715 0 -1.26467
4000 0.168538 0 -1.18341
4050 0.0965523 0 -1.27967
4100 -0.0907667 0 -1.23669
4150 -0.00262029 0 -1.04414
4200 0.117691 0 -1.15771
4250 0.180712 0 -1.15922
4300 0.0178245 0 -1.38053
4350 -0.0324431 0 -1.33182
4400 0.0259945 0 -1.29675
4450 0.0377465 0 -1.20974
4500 0.118102 0 -1.15955
4550 0.228034 0 -1.23755
4600 0.220295 0 -1.08721
4650 0.188309 0 -1.03449
4700 0.306994 0 -1.08712
4750 0.228093 0 -1.22091
4800 0.13742 0 -1.29249
4850 0.149063 0 -1.34326
4900 0.143521 0 -1.31056
4950 0.207556 0 -1.17517
5000 0.0736367 0 -1.26883
5050 0.0245748 0 -1.21411
5100 0.138224 0 -1.2239
5150 0.392453 0 -1.32759
5200 0.282526 0 -1.34688
5250 0.0902184 0 -1.34795
5300 0.0412792 0 -1.31871
5350 0.147223 0 -1.23407
5400 0.27622 0 -1.1131
5450 0.177997 0 -1.34286
5500 0.0929329 0 -1.17474
5550 0.276888 0 -1.172
5600 0.411929 0 -1.24278
5650 0.261494 0 -1.31097
5700 0.112867 0 -1.22923
5750 0.214125 0 -1.24344
5800 0.278224 0 -1.23974
5850 0.227864 0 -1.27717
5900 0.223877 0 -1.32375
5950 0.183097 0 -1.21499
6000 0.0673882 0 -1.13861
6050 0.259264 0 -1.13166
6100 0.271037 0 -1.08229
6150 0.234205 0 -1.23248
6200 0.191707 0 -1.27301
6250 0.170263 0 -1.25165
6300 0.12898 0 -1.25139
6350 0.126137 0 -1.13009
6400 0.200612 0 -1.07813
6450 0.115532 0 -0.953157
6500 0.30074 0 -1.09324
6550 0.179585 0 -1.10958
6600 0.0569616 0 -1.24266
6650 -0.116527 0 -1.19884
6700 -0.0655357 0 -1.2238
6750 -0.120793 0 -1.27415
6800 0.112533 0 -1.12988
6850 0.189603 0 -1.08544
6900 0.0790355 0 -1.11674
6950 0.155084 0 -1.27849
7000 0.107847 0 -1.25682
7050 0.358952 0 -1.03485
7100 0.269433 0 -1.11042
7150 0.221921 0 -1.18029
7200 0.23044 0 -1.25684
7250 0.284175 0 -1.2935
7300 0.267577 0 -1.19748
7350 0.189848 0 -1.24294
7400 0.205941 0 -1.23407
7450 0.204653 0 -1.25901
7500 0.270884 0 -1.28621
7550 0.240213 0 -1.1701
7600 0.119542 0 -1.18989
7650 0.122003 0 -1.21848
7700 0.0758557 0 -1.24575
7750 0.275133 0 -1.23124
7800 0.323191 0 -1.04188
7850 0.413079 0 -1.12663
7900 0.237183 0 -1.14111
7950 0.298229 0 -1.2454
8000 0.275606 0 -1.23649
8050 0.256301 0 -1.24578
8100 0.251593 0 -1.23765
8150 0.138564 0 -1.19851
8200 0.223541 0 -1.14964
8250 0.0567383 0 -1.18041
8300 -0.0497284 0 -1.25145
8350 -0.032561 0 -1.20004
8400 0.105607 0 -1.13054
8450 0.327436 0 -1.10737
8500 0.254814 0 -1.09277
8550 0.288968 0 -1.17733
8600 0.0942576 0 -1.0214
8650 0.20207 0 -1.04935
8700 0.256658 0 -1.1698
8750 0.371326 0 -1.10248
8800 0.182829 0 -1.23218
8850 -0.0202094 0 -1.13695
8900 -0.0319396 0 -1.16006
8950 0.160114 0 -1.29331
9000 0.134687 0 -1.28332
9050 -0.00736229 0 -1.29176
9100 0.0136708 0 -1.35526
9150 0.214713 0 -1.16871
9200 0.255242 0 -1.26321
9250 0.264214 0 -1.14364
9300 0.101543 0 -1.24626
9350 -0.015042 0 -1.23156
9400 0.153701 0 -1.1808
9450 0.369443 0 -1.18972
9500 0.32418 0 -1.05718
9550 0.145553 0 -1.15155
9600 0.0277882 0 -1.07725
9650 -0.151783 0 -1.01564
9700 -0.0295788 0 -1.00148
9750 0.265619 0 -0.87536
9800 -0.0132136 0 -0.864685
9850 0.165426 0 -0.89192
9900 0.177911 0 -0.840073
9950 0.0439105 0 -0.766706
10000 0.170137 0 -0.710097
10050 0.211659 0 -0.711155
10100 0.096387 0 -0.739256
10150 0.117371 0 -0.843916
10200 0.0150565 0 -0.810199
10250 0.151793 0 -0.799125
10300 0.128621 0 -0.768485
10350 -0.0446135 0 -0.804083
10400 -0.00301553 0 -1.03733
10450 0.173804 0 -1.01089
10500 0.192177 0 -0.990403
10550 0.332051 0 -0.948894
10600 0.239003 0 -1.00832
10650 0.0489179 0 -0.987888
10700 0.214931 0 -1.11388
10750 0.227581 0 -1.29978
10800 0.330284 0 -1.15797
10850 0.365401 0 -1.19665
10900 0.257217 0 -1.06005
10950 0.195405 0 -1.00826
11000 0.134571 0 -1.00324
11050 0.240897 0 -0.886927
11100 0.155264 0 -0.921436
11150 0.0647566 0 -1.01146
11200 0.0253625 0 -1.06314
11250 -0.0286269 0 -1.09725
11300 0.126762 0 -0.904715
11350 0.402485 0 -0.905823
11400 0.440847 0 -0.850093
11450 0.255511 0 -0.803953
11500 0.295983 0 -0.927656
11550 0.202169 0 -0.985
11600 0.311278 0 -0.740439
11650 0.337126 0 -0.855179
11700 0.321567 0 -0.942804
11750 0.177159 0 -0.94267
11800 0.226222 0 -0.91122
11850 0.135627 0 -0.825791
11900 0.0944506 0 -0.854715
11950 0.159808 0 -0.989947
12000 0.156933 0 -1.15559
12050 0.0272726 0 -1.21941
12100 0.124641 0 -1.28268
12150 0.219684 0 -1.34193
12200 0.330259 0 -1.26189
12250 0.165049 0 -1.20694
12300 0.158599 0 -1.15522
12350 0.160298 0 -1.17311
12400 0.292161 0 -1.28533
12450 0.251117 0 -1.23022
12500 0.103131 0 -1.25496
12550 0.0661176 0 -1.29505
12600 0.177302 0 -1.22954
12650 0.204329 0 -1.14754
12700 -0.0271252 0 -1.25641
12750 -0.119607 0 -1.23679
12800 0.00248106 0 -1.33625
12850 0.150745 0 -1.3272
12900 -0.0166823 0 -1.34598
12950 -0.00755245 0 -1.29405
13000 0.1118 0 -1.31758
13050 0.187309 0 -1.34794
13100 -0.000863405 0 -1.33001
13150 0.0998202 0 -1.58697
13200 0.0718841 0 -1.31956
13250 0.0327955 0 -1.28025
13300 0.0997567 0 -1.13176
13350 0.00816915 0 -1.16477
13400 -0.102947 0 -1.07385
13450 0.125301 0 -0.953053
13500 0.17865 0 -0.892958
13550 0.256731 0 -0.952954
13600 0.191756 0 -1.04044
13650 0.149246 0 -1.18133
13700 0.246294 0 -1.2572
13750 0.297611 0 -1.19233
13800 0.431961 0 -1.17568
13850 0.259325 0 -1.18273
13900 0.321209 0 -1.24058
13950 0.447012 0 -1.25628
14000 0.316892 0 -1.25922
14050 0.159286 0 -1.44667
14100 0.192243 0 -1.33956
14150 0.30427 0 -1.35436
14200 0.471713 0 -1.36077
14250 0.405246 0 -1.29399
14300 0.265998 0 -1.27318
14350 0.229797 0 -1.24506
14400 0.219699 0 -1.23871
14450 0.429934 0 -1.30345
14500 0.365646 0 -1.28536
14550 0.242984 0 -1.1888
14600 0.283198 0 -1.21044
14650 0.417937 0 -1.25721
14700 0.411401 0 -1.34183
14750 0.331594 0 -1.33792
14800 0.332313 0 -1.29054
14850 0.244977 0 -1.30571
14900 0.338852 0 -1.21631
14950 0.187105 0 -1.38515
15000 0.300583 0 -1.38385
15050 0.478659 0 -1.37024
15100 0.586267 0 -1.44014
15150 0.466386 0 -1.45103
15200 0.194939 0 -1.44278
15250 0.288041 0 -1.29483
15300 0.357054 0 -1.26925
15350 0.278349 0 -1.26889
15400 0.298705 0 -1.35733
15450 0.10906 0 -1.35794
15500 0.0427469 0 -1.2552
15550 0.175916 0 -1.21642
15600 0.243757 0 -1.26688
15650 0.144972 0 -1.33063
15700 0.113486 0 -1.24101
15750 0.103155 0 -1.21097
15800 0.249658 0 -1.34141
15850 0.269278 0 -1.5578
15900 0.148365 0 -1.44079
15950 0.099354 0 -1.2895
16000 0.143267 0 -1.19416
16050 0.0535371 0 -1.23505
16100 -0.0027756 0 -1.4096
16150 -0.0291855 0 -1.30489
16200 0.195094 0 -1.22108
16250 0.282759 0 -1.2114
16300 0.1873 0 -1.27868
16350 0.147328 0 -1.40201
16400 0.0276232 0 -1.12073
16450 0.0562236 0 -1.04294
16500 -0.0161823 0 -0.92749
16550 0.0388307 0 -0.824969
16600 0.0459453 0 -0.495697
16650 -0.0244987 0 -0.603461
16700 -0.0484091 0 -0.705977
16750 -0.0217819 0 -0.778636
16800 0.0471659 0 -0.91015
16850 -0.0567585 0 -0.882989
16900 -0.187846 0 -1.06443
16950 -0.290542 0 -1.2573
17000 0.0207204 0 -1.40975
17050 -0.0593854 0 -1.26914
17100 -0.171328 0 -1.24073
17150 -0.168531 0 -1.23492
17200 0.132363 0 -1.31176
17250 0.200324 0 -1.21156
17300 0.123271 0 -1.41047
17350 -0.00786545 0 -1.34228
17400 0.187117 0 -1.2636
17450 0.253824 0 -1.30285
17500 0.182313 0 -1.20769
17550 0.121106 0 -1.2987
17600 0.142327 0 -1.26072
17650 0.208299 0 -1.2141
17700 0.256121 0 -1.22676
17750 0.214214 0 -1.20742
17800 0.199321 0 -1.12539
17850 0.366994 0 -1.00218
17900 0.486203 0 -1.11085
17950 0.319864 0 -1.13914
18000 0.159124 0 -1.27023
18050 -0.143922 0 -1.17466
18100 0.075521 0 -1.18668
18150 0.140061 0 -1.19469
18200 0.202848 0 -1.24385
18250 0.0562426 0 -1.24356
18300 0.0754109 0 -1.26273
18350 0.00273504 0 -1.34147
18400 0.169676 0 -1.12809
18450 0.361127 0 -1.17833
18500 0.361268 0 -1.13573
18550 0.462129 0 -1.12222
18600 0.429891 0 -1.12582
18650 0.35563 0 -1.24508
18700 0.220956 0 -1.19737
18750 0.0940252 0 -1.32254
18800 0.0792816 0 -1.28229
18850 0.158457 0 -1.26629
18900 0.216979 0 -1.26538
18950 0.255201 0 -1.20991
19000 0.108069 0 -1.26182
19050 0.130329 0 -1.34235
19100 0.262722 0 -1.25996
19150 0.170775 0 -1.14044
19200 0.1196 0 -1.23315
19250 0.0648519 0 -1.20941
19300 0.169184 0 -1.22594
19350 0.160736 0 -1.27395
19400 0.113536 0 -1.18877
19450 -0.0285436 0 -1.25674
19500 -0.0750703 0 -1.16916
19550 0.0921709 0 -1.16294
19600 0.258734 0 -1.30877
19650 0.0616233 0 -1.24758
19700 0.105468 0 -1.25663
19750 0.0785198 0 -1.13382
19800 0.150205 0 -1.07869
19850 0.319475 0 -1.00549
19900 0.30524 0 -1.09657
19950 0.297713 0 -1.07651
20000 0.378851 0 -1.08002
20050 0.394109 0 -1.09276
20100 0.396328 0 -0.988204
20150 0.368214 0 -1.09437
20200 0.372466 0 -1.15716
20250 0.320273 0 -1.19823
20300 0.296512 0 -1.27594
20350 0.345154 0 -1.41549
20400 0.250821 0 -1.32148
20450 0.154031 0 -1.19448
20500 0.142632 0 -1.18707
20550 0.179413 0 -1.14979
20600 0.26132 0 -1.24813
20650 0.0436667 0 -1.18042
20700 0.106127 0 -1.17968
20750 0.150722 0 -1.17155
20800 0.341679 0 -1.13435
20850 0.336667 0 -1.12685
20900 0.177372 0 -1.1859
20950 0.0279111 0 -1.14364
21000 0.0742012 0 -1.1024
21050 -0.101287 0 -1.06973
21100 0.0584558 0 -1.0256
21150 0.271183 0 -0.909673
21200 0.0358702 0 -0.91886
21250 0.171243 0 -1.07679
21300 0.24062 0 -1.12105
21350 0.18266 0 -1.29334
21400 0.155216 0 -1.30702
21450 0.0301689 0 -1.29666
21500 -0.078419 0 -1.23182
21550 0.138253 0 -1.31624
21600 0.14599 0 -1.36606
21650 0.215228 0 -1.34532
21700 0.171481 0 -1.36723
21750 -0.0797002 0 -1.23849
21800 -0.0660988 0 -1.28502
21850 0.234417 0 -1.34254
21900 0.18221 0 -1.24905
21950 0.137206 0 -1.25623
22000 0.180319 0 -1.26958
22050 0.24736 0 -1.29717
22100 0.33178 0 -1.39168
22150 0.381317 0 -1.31222
22200 0.263021 0 -1.24695
22250 0.147311 0 -1.12186
22300 0.157445 0 -1.26959
22350 0.312994 0 -1.33747
22400 0.345433 0 -1.25895
22450 0.30274 0 -1.29587
22500 0.140075 0 -1.19583
22550 0.155799 0 -1.23116
22600 0.17805 0 -1.24482
22650 0.178396 0 -1.22986
22700 0.172661 0 -1.26362
22750 0.262472 0 -1.28935
22800 0.311419 0 -1.4056
22850 0.170763 0 -1.36913
22900 0.0944973 0 -1.32864
22950 0.104666 0 -1.17464
23000 0.117761 0 -1.20746
23050 0.146342 0 -1.39391
23100 0.157875 0 -1.35097
23150 0.0755358 0 -1.26496
23200 0.0912542 0 -1.20132
23250 0.139783 0 -1.04633
23300 0.320512 0 -1.08121
23350 0.106915 0 -1.13967
23400 -0.0732343 0 -1.13112
23450 0.0114063 0 -1.08386
23500 0.0114031 0 -1.03387
23550 0.117256 0 -1.14425
23600 0.313487 0 -1.20879
23650 0.333166 0 -1.10934
23700 0.322212 0 -1.36757
23750 0.479333 0 -1.27167
23800 0.362404 0 -1.22217
23850 0.277998 0 -1.16623
23900 0.2176 0 -1.26746
23950 0.170872 0 -1.23011
24000 0.177434 0 -1.1885
24050 0.340668 0 -1.32035
24100 0.341958 0 -1.35961
24150 0.222913 0 -1.32398
24200 0.183356 0 -1.30131
24250 0.224456 0 -1.30788
24300 0.177935 0 -1.25604
24350 0.030588 0 -1.26762
24400 -0.122611 0 -1.144
24450 -0.0989437 0 -1.02508
24500 -0.113868 0 -1.00663
24550 0.0463547 0 -1.0691
24600 0.0311753 0 -1.19775
24650 -0.129299 0 -1.27193
24700 -0.0622424 0 -1.30588
24750 0.106729 0 -1.28939
24800 0.0987119 0 -1.27196
24850 0.209262 0 -1.22787
24900 0.154368 0 -1.38503
24950 0.131645 0 -1.38404
25000 0.237381 0 -1.22848
25050 0.351966 0 -1.16847
25100 0.143394 0 -1.28389
25150 0.169568 0 -1.35121
25200 0.262696 0 -1.33094
25250 0.354049 0 -1.21731
25300 0.339492 0 -1.18607
25350 0.296894 0 -1.16309
25400 0.14132 0 -1.13646
25450 0.277926 0 -1.16975
25500 0.201793 0 -1.11998
25550 0.254341 0 -1.19594
25600 0.253837 0 -1.09692
25650 0.139444 0 -1.06297
25700 0.177508 0 -1.15334
25750 0.219745 0 -1.16245
25800 0.14587 0 -1.23595
25850 0.128752 0 -1.27683
25900 0.251221 0 -1.28799
25950 0.480606 0 -1.14076
26000 0.302527 0 -1.26494
26050 0.194795 0 -1.36786
26100 0.234664 0 -1.21168
26150 0.161572 0 -1.31848
26200 0.283436 0 -1.22972
26250 0.324806 0 -1.24474
26300 0.280641 0 -1.20035
26350 0.252428 0 -1.16259
26400 0.311117 0 -1.29764
26450 0.319554 0 -1.35926
26500 0.1854 0 -1.31266
26550 0.149103 0 -1.23469
26600 0.204806 0 -1.11107
26650 0.404396 0 -1.09954
26700 0.350948 0 -1.09822
26750 0.405659 0 -1.04468
26800 0.15421 0 -0.906974
26850 0.103435 0 -1.10348
26900 0.294959 0 -1.12612
26950 0.492106 0 -1.12593
27000 0.324716 0 -1.2073
27050 0.272644 0 -1.15288
27100 0.225278 0 -1.14527
27150 0.131003 0 -1.21755
27200 -0.0565454 0 -1.27211
27250 0.113342 0 -1.29215
27300 0.137073 0 -1.06557
27350 0.130847 0 -1.07208
27400 0.158313 0 -0.97713
27450 0.0272586 0 -1.03411
27500 0.0826357 0 -1.00424
27550 0.279927 0 -0.939954
27600 0.276261 0 -0.742907
27650 0.205095 0 -0.70421
27700 0.168331 0 -0.641993
27750 0.124236 0 -0.768385
27800 0.0687637 0 -0.734141
27850 0.0606168 0 -0.623398
27900 -0.0239772 0 -0.481694
