200 -0.00310189 0 -0.125445
250 0.0135767 0 -0.117743
300 0.0589116 0 -0.240991
350 0.146117 0 -0.453483
400 0.00961926 0 -0.659771
450 -0.0282707 0 -0.859436
500 0.199502 0 -0.914699
550 0.12153 0 -1.08831
600 0.0963212 0 -1.07921
650 0.00204699 0 -1.06304
700 0.0302293 0 -1.08216
750 0.0149771 0 -1.06847
800 0.0831614 0 -0.990241
850 0.192791 0 -0.917348
900 0.150018 0 -1.01118
950 0.0672159 0 -0.960823
1000 0.051699 0 -0.9918
1050 0.0732777 0 -0.959598
1100 0.115251 0 -0.907424
1150 0.0783685 0 -0.918362
1200 0.109245 0 -0.874685
1250 -0.0388587 0 -0.840894
1300 -0.0432474 0 -0.89137
1350 0.0918668 0 -1.01239
1400 0.119346 0 -1.07321
1450 0.110706 0 -1.05932
1500 0.0673587 0 -1.08252
1550 -0.0784873 0 -1.26105
1600 -0.0877753 0 -1.23738
1650 0.0076242 0 -1.18214
1700 -0.0870434 0 -1.06408
1750 0.0732713 0 -1.03973
1800 -0.105636 0 -0.966035
1850 -0.0286347 0 -0.962244
1900 0.0986745 0 -0.95021
1950 0.217789 0 -0.855523
2000 0.0833194 0 -0.908438
2050 -0.0320172 0 -0.76038
2100 -0.0833665 0 -0.611368
2150 -0.11914 0 -0.541179
2200 0.0231925 0 -0.507032
2250 0.0399993 0 -0.439281
2300 -0.0835721 0 -0.486224
2350 -0.40252 0 -0.496071
2400 -0.539801 0 -0.463975
2450 -0.244741 0 -0.652016
2500 -0.159949 0 -0.575388
2550 0.0559883 0 -0.350025
2600 0.500939 0 -0.240272
2650 0.51555 0 -0.263478
2700 0.431088 0 -0.362738
2750 0.288164 0 -0.423822
2800 0.0880922 0 -0.333277
2850 -0.0816382 0 -0.174968
2900 -0.0891466 0 -0.347697
2950 -0.0848205 0 -0.358761
3000 -0.117719 0 -0.415171
3050 -0.0224166 0 -0.344683
3100 0.00638701 0 -0.260385
3150 0.0766553 0 -0.192848
3200 0.104298 0 -0.163132
3250 -0.057981 0 -0.178896
3300 -0.0944722 0 -0.250426
3350 0.00747406 0 -0.366108
3400 0.0982886 0 -0.54947
3450 0.077227 0 -0.826507
3500 0.161093 0 -0.928423
3550 0.227811 0 -0.989002
3600 0.206165 0 -0.979104
3650 0.191004 0 -1.28835
3700 0.141488 0 -1.53643
3750 0.204164 0 -1.64462
3800 0.285874 0 -1.58228
3850 0.140568 0 -1.29443
3900 0.204327 0 -1.3233
3950 0.0308715 0 -1.26467
4000 0.168538 0 -1.18341
4050 0.0965523 0 -1.27967
4100 -0.0907667 0 -1.23669
4150 -0.00262029 0 -1.04414
4200 0.117691 0 -1.15771
4250 0.180712 0 -1.15922
4300 0.0178245 0 -1.38053
4350 -0.0324431 0 -1.33182
4400 0.0339746 0 -1.27343
4450 0.065461 0 -1.15707
4500 0.127659 0 -1.13858
4550 0.231807 0 -1.22915
4600 0.220295 0 -1.08721
4650 0.188309 0 -1.03449
4700 0.306994 0 -1.08712
4750 0.228093 0 -1.22091
4800 0.232367 0 -1.36443
4850 0.22939 0 -1.3607
4900 0.26581 0 -1.30508
4950 0.259655 0 -1.16895
5000 0.0736367 0 -1.26883
5050 0.0245748 0 -1.21411
5100 0.138224 0 -1.2239
5150 0.392453 0 -1.32759
5200 0.226759 0 -1.36126
5250 0.0689723 0 -1.33243
5300 0.0375835 0 -1.32425
5350 0.146823 0 -1.23281
5400 0.27622 0 -1.1131
5450 0.177997 0 -1.34286
5500 0.0929329 0 -1.17474
5550 0.276888 0 -1.172
5600 0.332531 0 -1.28009
5650 0.192099 0 -1.34328
5700 0.0889652 0 -1.23083
5750 0.192194 0 -1.24387
5800 0.278224 0 -1.23974
5850 0.227864 0 -1.27717
5900 0.223877 0 -1.32375
5950 0.183097 0 -1.21499
6000 0.0673882 0 -1.13861
6050 0.259264 0 -1.13166
6100 0.271037 0 -1.08229
6150 0.234205 0 -1.23248
6200 0.191707 0 -1.27301
6250 0.170263 0 -1.25165
6300 0.12898 0 -1.25139
6350 0.126137 0 -1.13009
6400 0.114777 0 -1.03929
6450 0.0480684 0 -0.96032
6500 0.287971 0 -1.09143
6550 0.178664 0 -1.11058
6600 0.0569616 0 -1.24266
6650 -0.116527 0 -1.19884
6700 -0.0655357 0 -1.2238
6750 -0.120793 0 -1.27415
6800 0.0508815 0 -1.09151
6850 0.122895 0 -1.09374
6900 0.0542757 0 -1.10838
6950 0.124436 0 -1.29178
7000 0.107847 0 -1.25682
7050 0.358952 0 -1.03485
7100 0.269433 0 -1.11042
7150 0.221921 0 -1.18029
7200 0.314311 0 -1.23717
7250 0.340825 0 -1.27766
7300 0.29708 0 -1.19976
7350 0.192474 0 -1.24613
7400 0.205941 0 -1.23407
7450 0.204653 0 -1.25901
7500 0.270884 0 -1.28621
7550 0.240213 0 -1.1701
7600 0.164829 0 -1.17274
7650 0.12103 0 -1.22622
7700 0.0562264 0 -1.264
7750 0.281539 0 -1.2202
7800 0.323191 0 -1.04188
7850 0.413079 0 -1.12663
7900 0.237183 0 -1.14111
7950 0.298229 0 -1.2454
8000 0.275606 0 -1.23649
8050 0.256301 0 -1.24578
8100 0.251593 0 -1.23765
8150 0.138564 0 -1.19851
8200 0.223541 0 -1.14964
8250 0.0567383 0 -1.18041
8300 -0.0497284 0 -1.25145
8350 -0.032561 0 -1.20004
8400 0.149794 0 -1.07612
8450 0.35575 0 -1.05241
8500 0.240423 0 -1.08303
8550 0.274306 0 -1.19477
8600 0.0942576 0 -1.0214
8650 0.20207 0 -1.04935
8700 0.256658 0 -1.1698
8750 0.371326 0 -1.10248
8800 0.20696 0 -1.36316
8850 -0.0772318 0 -1.20828
8900 -0.127703 0 -1.20556
8950 0.15875 0 -1.28847
9000 0.134687 0 -1.28332
9050 -0.00736229 0 -1.29176
9100 0.0136708 0 -1.35526
9150 0.214713 0 -1.16871
9200 0.359834 0 -1.20317
9250 0.284008 0 -1.11125
9300 0.142258 0 -1.22146
9350 0.0239623 0 -1.21228
9400 0.153701 0 -1.1808
9450 0.369443 0 -1.18972
9500 0.32418 0 -1.05718
9550 0.145553 0 -1.15155
9600 -0.0146755 0 -1.10588
9650 -0.212113 0 -1.04382
9700 -0.0417974 0 -1.01689
9750 0.257198 0 -0.888954
9800 -0.0132136 0 -0.864685
9850 0.165426 0 -0.89192
9900 0.177911 0 -0.840073
9950 0.0439105 0 -0.766706
10000 0.170137 0 -0.710097
10050 0.211659 0 -0.711155
10100 0.096387 0 -0.739256
10150 0.117371 0 -0.843916
10200 0.0150565 0 -0.810199
10250 0.151793 0 -0.799125
10300 0.128621 0 -0.768485
10350 -0.0446135 0 -0.804083
10400 -0.15154 0 -1.05739
10450 0.0607004 0 -1.01809
10500 0.0754832 0 -1.0612
10550 0.293035 0 -0.997221
10600 0.239003 0 -1.00832
10650 0.0489179 0 -0.987888
10700 0.214931 0 -1.11388
10750 0.227581 0 -1.29978
10800 0.0878436 0 -1.18985
10850 0.324014 0 -1.16973
10900 0.226398 0 -1.07429
10950 0.144088 0 -1.03473
11000 0.134571 0 -1.00324
11050 0.240897 0 -0.886927
11100 0.155264 0 -0.921436
11150 0.0647566 0 -1.01146
11200 0.0574122 0 -1.07945
11250 -0.00969654 0 -1.08818
11300 0.156234 0 -0.894162
11350 0.394726 0 -0.931272
11400 0.440847 0 -0.850093
11450 0.255511 0 -0.803953
11500 0.295983 0 -0.927656
11550 0.202169 0 -0.985
11600 0.0718636 0 -0.78029
11650 0.276661 0 -0.840144
11700 0.302541 0 -0.928017
11750 0.172324 0 -0.949809
11800 0.226222 0 -0.91122
11850 0.135627 0 -0.825791
11900 0.0944506 0 -0.854715
11950 0.159808 0 -0.989947
12000 0.156933 0 -1.15559
12050 0.0272726 0 -1.21941
12100 0.124641 0 -1.28268
12150 0.219684 0 -1.34193
12200 0.330259 0 -1.26189
12250 0.165049 0 -1.20694
12300 0.158599 0 -1.15522
12350 0.160298 0 -1.17311
12400 0.154939 0 -1.25881
12450 0.189233 0 -1.23009
12500 0.0846034 0 -1.24633
12550 0.0505935 0 -1.29714
12600 0.177302 0 -1.22954
12650 0.204329 0 -1.14754
12700 -0.0271252 0 -1.25641
12750 -0.119607 0 -1.23679
12800 -0.0279869 0 -1.35397
12850 0.148456 0 -1.35488
12900 -0.018338 0 -1.37215
12950 0.0153597 0 -1.29541
13000 0.1118 0 -1.31758
13050 0.187309 0 -1.34794
13100 -0.000863405 0 -1.33001
13150 0.0998202 0 -1.58697
13200 0.13002 0 -1.39714
13250 0.0959194 0 -1.32684
13300 0.193613 0 -1.16519
13350 0.0174268 0 -1.17967
13400 -0.102947 0 -1.07385
13450 0.125301 0 -0.953053
13500 0.17865 0 -0.892958
13550 0.256731 0 -0.952954
13600 0.328988 0 -0.991912
13650 0.209115 0 -1.13219
13700 0.241454 0 -1.25905
13750 0.326447 0 -1.16132
13800 0.431961 0 -1.17568
13850 0.259325 0 -1.18273
13900 0.321209 0 -1.24058
13950 0.447012 0 -1.25628
14000 0.316892 0 -1.25922
14050 0.159286 0 -1.44667
14100 0.192243 0 -1.33956
14150 0.30427 0 -1.35436
14200 0.471713 0 -1.36077
14250 0.405246 0 -1.29399
14300 0.265998 0 -1.27318
14350 0.229797 0 -1.24506
14400 0.134649 0 -1.26528
14450 0.383958 0 -1.30257
14500 0.383605 0 -1.27313
14550 0.247326 0 -1.19025
14600 0.283198 0 -1.21044
14650 0.417937 0 -1.25721
14700 0.411401 0 -1.34183
14750 0.331594 0 -1.33792
14800 0.241692 0 -1.25967
14850 0.204152 0 -1.27312
14900 0.312386 0 -1.1908
14950 0.180544 0 -1.38533
15000 0.300583 0 -1.38385
15050 0.478659 0 -1.37024
15100 0.586267 0 -1.44014
15150 0.466386 0 -1.45103
15200 0.138768 0 -1.46627
15250 0.288118 0 -1.30345
15300 0.369866 0 -1.27326
15350 0.298667 0 -1.26338
15400 0.298705 0 -1.35733
15450 0.10906 0 -1.35794
15500 0.0427469 0 -1.2552
15550 0.175916 0 -1.21642
15600 0.241201 0 -1.2219
15650 0.118222 0 -1.29671
15700 0.0962792 0 -1.22958
15750 0.0898463 0 -1.2
15800 0.249658 0 -1.34141
15850 0.269278 0 -1.5578
15900 0.148365 0 -1.44079
15950 0.099354 0 -1.2895
16000 0.143267 0 -1.19416
16050 0.0535371 0 -1.23505
16100 -0.0027756 0 -1.4096
16150 -0.0291855 0 -1.30489
16200 0.195094 0 -1.22108
16250 0.282759 0 -1.2114
16300 0.1873 0 -1.27868
16350 0.147328 0 -1.40201
16400 0.18679 0 -1.20113
16450 0.251315 0 -1.04958
16500 0.095748 0 -0.972726
16550 0.028504 0 -0.827864
16600 0.0459453 0 -0.495697
16650 -0.0244987 0 -0.603461
16700 -0.0484091 0 -0.705977
16750 -0.0217819 0 -0.778636
16800 0.143542 0 -0.774064
16850 0.0221125 0 -0.804306
16900 -0.15139 0 -1.01899
16950 -0.272838 0 -1.25711
17000 0.0207204 0 -1.40975
17050 -0.0593854 0 -1.26914
17100 -0.171328 0 -1.24073
17150 -0.168531 0 -1.23492
17200 0.0292872 0 -1.36848
17250 0.142622 0 -1.23399
17300 0.133763 0 -1.42237
17350 0.0121282 0 -1.33603
17400 0.187117 0 -1.2636
17450 0.253824 0 -1.30285
17500 0.182313 0 -1.20769
17550 0.121106 0 -1.2987
17600 0.10926 0 -1.26576
17650 0.213087 0 -1.21603
17700 0.264211 0 -1.23204
17750 0.204649 0 -1.21239
17800 0.199321 0 -1.12539
17850 0.366994 0 -1.00218
17900 0.486203 0 -1.11085
17950 0.319864 0 -1.13914
18000 0.159124 0 -1.27023
18050 -0.143922 0 -1.17466
18100 0.075521 0 -1.18668
18150 0.140061 0 -1.19469
18200 0.202848 0 -1.24385
18250 0.0562426 0 -1.24356
18300 0.0754109 0 -1.26273
18350 0.00273504 0 -1.34147
18400 0.056531 0 -1.08274
18450 0.295949 0 -1.13718
18500 0.344223 0 -1.0801
18550 0.443317 0 -1.11793
18600 0.429891 0 -1.12582
18650 0.35563 0 -1.24508
18700 0.220956 0 -1.19737
18750 0.0940252 0 -1.32254
18800 0.0271006 0 -1.33492
18850 0.161943 0 -1.29973
18900 0.234944 0 -1.27713
18950 0.247625 0 -1.22346
19000 0.108069 0 -1.26182
19050 0.130329 0 -1.34235
19100 0.262722 0 -1.25996
19150 0.170775 0 -1.14044
19200 0.142293 0 -1.19726
19250 0.0832238 0 -1.1701
19300 0.186826 0 -1.20472
19350 0.159515 0 -1.2789
19400 0.113536 0 -1.18877
19450 -0.0285436 0 -1.25674
19500 -0.0750703 0 -1.16916
19550 0.0921709 0 -1.16294
19600 0.173254 0 -1.30705
19650 0.0158098 0 -1.26084
19700 0.0899755 0 -1.25681
19750 0.0750166 0 -1.13776
19800 0.150205 0 -1.07869
19850 0.319475 0 -1.00549
19900 0.30524 0 -1.09657
19950 0.297713 0 -1.07651
20000 0.378851 0 -1.08002
20050 0.394109 0 -1.09276
20100 0.396328 0 -0.988204
20150 0.368214 0 -1.09437
20200 0.372466 0 -1.15716
20250 0.320273 0 -1.19823
20300 0.296512 0 -1.27594
20350 0.345154 0 -1.41549
20400 0.184173 0 -1.36122
20450 0.07298 0 -1.23359
20500 0.149692 0 -1.19686
20550 0.20551 0 -1.10846
20600 0.26132 0 -1.24813
20650 0.0436667 0 -1.18042
20700 0.106127 0 -1.17968
20750 0.150722 0 -1.17155
20800 0.164718 0 -1.16241
20850 0.233224 0 -1.16952
20900 0.117429 0 -1.15637
20950 -0.0151514 0 -1.17073
21000 0.0742012 0 -1.1024
21050 -0.101287 0 -1.06973
21100 0.0584558 0 -1.0256
21150 0.271183 0 -0.909673
21200 -0.0290172 0 -1.01959
21250 0.111337 0 -1.10937
21300 0.228619 0 -1.10991
21350 0.195955 0 -1.27322
21400 0.155216 0 -1.30702
21450 0.0301689 0 -1.29666
21500 -0.078419 0 -1.23182
21550 0.138253 0 -1.31624
21600 0.16089 0 -1.35188
21650 0.264886 0 -1.33461
21700 0.210846 0 -1.36332
21750 -0.0526641 0 -1.24283
21800 -0.0660988 0 -1.28502
21850 0.234417 0 -1.34254
21900 0.18221 0 -1.24905
21950 0.137206 0 -1.25623
22000 0.180319 0 -1.26958
22050 0.24736 0 -1.29717
22100 0.33178 0 -1.39168
22150 0.381317 0 -1.31222
22200 0.263021 0 -1.24695
22250 0.147311 0 -1.12186
22300 0.157445 0 -1.26959
22350 0.312994 0 -1.33747
22400 0.342251 0 -1.25214
22450 0.292553 0 -1.29634
22500 0.13058 0 -1.19865
22550 0.157254 0 -1.22849
22600 0.17805 0 -1.24482
22650 0.178396 0 -1.22986
22700 0.172661 0 -1.26362
22750 0.262472 0 -1.28935
22800 0.274779 0 -1.43166
22850 0.0914402 0 -1.40664
22900 0.0796135 0 -1.27814
22950 0.0870052 0 -1.17931
23000 0.117761 0 -1.20746
23050 0.146342 0 -1.39391
23100 0.157875 0 -1.35097
23150 0.0755358 0 -1.26496
23200 0.0366808 0 -1.11617
23250 0.0980961 0 -0.955024
23300 0.316773 0 -1.05024
23350 0.12505 0 -1.13396
23400 -0.0732343 0 -1.13112
23450 0.0114063 0 -1.08386
23500 0.0114031 0 -1.03387
23550 0.117256 0 -1.14425
23600 0.208907 0 -1.22247
23650 0.219369 0 -1.16208
23700 0.267822 0 -1.40909
23750 0.472426 0 -1.26621
23800 0.362404 0 -1.22217
23850 0.277998 0 -1.16623
23900 0.2176 0 -1.26746
23950 0.170872 0 -1.23011
24000 0.177434 0 -1.1885
24050 0.340668 0 -1.32035
24100 0.341958 0 -1.35961
24150 0.222913 0 -1.32398
24200 0.183356 0 -1.30131
24250 0.224456 0 -1.30788
24300 0.177935 0 -1.25604
24350 0.030588 0 -1.26762
24400 -0.17459 0 -1.12737
24450 -0.101858 0 -1.02275
24500 -0.0898081 0 -1.00501
24550 0.0449002 0 -1.0813
24600 0.0311753 0 -1.19775
24650 -0.129299 0 -1.27193
24700 -0.0622424 0 -1.30588
24750 0.106729 0 -1.28939
24800 0.0484623 0 -1.17954
24850 0.117538 0 -1.18365
24900 0.125232 0 -1.39413
24950 0.129165 0 -1.38136
25000 0.237381 0 -1.22848
25050 0.351966 0 -1.16847
25100 0.143394 0 -1.28389
25150 0.169568 0 -1.35121
25200 0.235551 0 -1.46274
25250 0.360892 0 -1.24968
25300 0.349503 0 -1.19887
25350 0.3067 0 -1.14799
25400 0.14132 0 -1.13646
25450 0.277926 0 -1.16975
25500 0.201793 0 -1.11998
25550 0.254341 0 -1.19594
25600 0.307974 0 -1.10197
25650 0.175682 0 -1.06023
25700 0.203934 0 -1.13197
25750 0.226403 0 -1.15552
25800 0.14587 0 -1.23595
25850 0.128752 0 -1.27683
25900 0.251221 0 -1.28799
25950 0.480606 0 -1.14076
26000 0.302527 0 -1.26494
26050 0.194795 0 -1.36786
26100 0.234664 0 -1.21168
26150 0.161572 0 -1.31848
26200 0.283436 0 -1.22972
26250 0.324806 0 -1.24474
26300 0.280641 0 -1.20035
26350 0.252428 0 -1.16259
26400 0.340937 0 -1.29669
26450 0.333172 0 -1.33937
26500 0.175719 0 -1.32169
26550 0.149001 0 -1.23762
26600 0.204806 0 -1.11107
26650 0.404396 0 -1.09954
26700 0.350948 0 -1.09822
26750 0.405659 0 -1.04468
26800 0.106152 0 -0.834082
26850 0.100742 0 -1.02847
26900 0.268481 0 -1.07707
26950 0.502761 0 -1.10758
27000 0.324716 0 -1.2073
27050 0.272644 0 -1.15288
27100 0.225278 0 -1.14527
27150 0.131003 0 -1.21755
27200 -0.124345 0 -1.25933
27250 0.053218 0 -1.28237
27300 0.110878 0 -1.05929
27350 0.144016 0 -1.04887
27400 0.158313 0 -0.97713
27450 0.0272586 0 -1.03411
27500 0.0826357 0 -1.00424
27550 0.279927 0 -0.939954
27600 0.25995 0 -0.762861
27650 0.195314 0 -0.739116
27700 0.166573 0 -0.642747
27750 0.111477 0 -0.76311
27800 0.0687637 0 -0.734141
27850 0.0606168 0 -0.623398
27900 -0.0239772 0 -0.481694
