200 -0.00310189 0 -0.125445
250 0.0135767 0 -0.117743
300 0.0589116 0 -0.240991
350 0.146117 0 -0.453483
400 0.00961926 0 -0.659771
450 -0.0282707 0 -0.859436
500 0.199502 0 -0.914699
550 0.12153 0 -1.08831
600 0.0963212 0 -1.07921
650 0.00204699 0 -1.06304
700 0.0302293 0 -1.08216
750 0.0149771 0 -1.06847
800 0.0831614 0 -0.990241
850 0.192791 0 -0.917348
900 0.150018 0 -1.01118
950 0.0672159 0 -0.960823
1000 0.051699 0 -0.9918
1050 0.0732777 0 -0.959598
1100 0.115251 0 -0.907424
1150 0.0783685 0 -0.918362
1200 0.128986 0 -0.922338
1250 -0.0340175 0 -0.870138
1300 -0.0492556 0 -0.921505
1350 0.0835889 0 -1.03354
1400 0.119346 0 -1.07321
1450 0.110706 0 -1.05932
1500 0.0673587 0 -1.08252
1550 -0.0784873 0 -1.26105
1600 -0.00837195 0 -1.14966
1650 0.0648207 0 -1.13848
1700 -0.0413314 0 -1.05381
1750 0.0733564 0 -1.10044
1800 -0.105636 0 -0.966035
1850 -0.0286347 0 -0.962244
1900 0.0986745 0 -0.95021
1950 0.217789 0 -0.855523
2000 0.0833194 0 -0.908438
2050 -0.0320172 0 -0.76038
2100 -0.0833665 0 -0.611368
2150 -0.11914 0 -0.541179
2200 0.0231925 0 -0.507032
2250 0.0399993 0 -0.439281
2300 -0.0835721 0 -0.486224
2350 -0.40252 0 -0.496071
2400 -0.462956 0 -0.246404
2450 -0.131059 0 -0.378546
2500 -0.0261653 0 -0.359383
2550 0.162614 0 -0.284297
2600 0.500939 0 -0.240272
2650 0.51555 0 -0.263478
2700 0.431088 0 -0.362738
2750 0.288164 0 -0.423822
2800 0.204619 0 -0.432786
2850 -0.0433614 0 -0.279635
2900 -0.0607735 0 -0.422422
2950 -0.0894749 0 -0.377765
3000 -0.117719 0 -0.415171
3050 -0.0224166 0 -0.344683
3100 0.00638701 0 -0.260385
3150 0.0766553 0 -0.192848
3200 0.225109 0 -0.265845
3250 0.0549326 0 -0.216941
3300 -0.0293932 0 -0.251815
3350 0.00372322 0 -0.382707
3400 0.0982886 0 -0.54947
3450 0.077227 0 -0.826507
3500 0.161093 0 -0.928423
3550 0.227811 0 -0.989002
3600 0.190585 0 -1.11393
3650 0.16091 0 -1.35289
3700 0.111029 0 -1.56393
3750 0.203156 0 -1.64578
3800 0.285874 0 -1.58228
3850 0.140568 0 -1.29443
3900 0.204327 0 -1.3233
3950 0.0308715 0 -1.26467
4000 0.168538 0 -1.18341
4050 0.0965523 0 -1.27967
4100 -0.0907667 0 -1.23669
4150 -0.00262029 0 -1.04414
4200 0.117691 0 -1.15771
4250 0.180712 0 -1.15922
4300 0.0178245 0 -1.38053
4350 -0.0324431 0 -1.33182
4400 0.0244464 0 -1.29052
4450 0.0321028 0 -1.21013
4500 0.116708 0 -1.15963
4550 0.228161 0 -1.23738
4600 0.220295 0 -1.08721
4650 0.188309 0 -1.03449
4700 0.306994 0 -1.08712
4750 0.228093 0 -1.22091
4800 0.132259 0 -1.28988
4850 0.144978 0 -1.34187
4900 0.138576 0 -1.31021
4950 0.205647 0 -1.17527
5000 0.0736367 0 -1.26883
5050 0.0245748 0 -1.21411
5100 0.138224 0 -1.2239
5150 0.392453 0 -1.32759
5200 0.282855 0 -1.34466
5250 0.0905511 0 -1.34829
5300 0.0413737 0 -1.31775
5350 0.147094 0 -1.23364
5400 0.27622 0 -1.1131
5450 0.177997 0 -1.34286
5500 0.0929329 0 -1.17474
5550 0.276888 0 -1.172
5600 0.416596 0 -1.24067
5650 0.261857 0 -1.31225
5700 0.112998 0 -1.22882
5750 0.214116 0 -1.2434
5800 0.278224 0 -1.23974
5850 0.227864 0 -1.27717
5900 0.223877 0 -1.32375
5950 0.183097 0 -1.21499
6000 0.0673882 0 -1.13861
6050 0.259264 0 -1.13166
6100 0.271037 0 -1.08229
6150 0.234205 0 -1.23248
6200 0.191707 0 -1.27301
6250 0.170263 0 -1.25165
6300 0.12898 0 -1.25139
6350 0.126137 0 -1.13009
6400 0.204329 0 -1.07939
6450 0.122315 0 -0.948267
6500 0.300446 0 -1.09479
6550 0.17919 0 -1.10956
6600 0.0569616 0 -1.24266
6650 -0.116527 0 -1.19884
6700 -0.0655357 0 -1.2238
6750 -0.120793 0 -1.27415
6800 0.0979403 0 -1.12722
6850 0.188187 0 -1.08204
6900 0.0799089 0 -1.11736
6950 0.15586 0 -1.27804
7000 0.107847 0 -1.25682
7050 0.358952 0 -1.03485
7100 0.269433 0 -1.11042
7150 0.221921 0 -1.18029
7200 0.219712 0 -1.25541
7250 0.279296 0 -1.29205
7300 0.264512 0 -1.19726
7350 0.19006 0 -1.24293
7400 0.205941 0 -1.23407
7450 0.204653 0 -1.25901
7500 0.270884 0 -1.28621
7550 0.240213 0 -1.1701
7600 0.116905 0 -1.18855
7650 0.122028 0 -1.21524
7700 0.0756617 0 -1.24508
7750 0.2744 0 -1.23176
7800 0.323191 0 -1.04188
7850 0.413079 0 -1.12663
7900 0.237183 0 -1.14111
7950 0.298229 0 -1.2454
8000 0.275606 0 -1.23649
8050 0.256301 0 -1.24578
8100 0.251593 0 -1.23765
8150 0.138564 0 -1.19851
8200 0.223541 0 -1.14964
8250 0.0567383 0 -1.18041
8300 -0.0497284 0 -1.25145
8350 -0.032561 0 -1.20004
8400 0.104564 0 -1.13132
8450 0.325989 0 -1.10826
8500 0.254849 0 -1.09282
8550 0.289279 0 -1.17694
8600 0.0942576 0 -1.0214
8650 0.20207 0 -1.04935
8700 0.256658 0 -1.1698
8750 0.371326 0 -1.10248
8800 0.180059 0 -1.22496
8850 -0.0198567 0 -1.1317
8900 -0.0308802 0 -1.1583
8950 0.159211 0 -1.29359
9000 0.134687 0 -1.28332
9050 -0.00736229 0 -1.29176
9100 0.0136708 0 -1.35526
9150 0.214713 0 -1.16871
9200 0.22657 0 -1.26762
9250 0.262519 0 -1.14306
9300 0.100139 0 -1.24604
9350 -0.0161714 0 -1.23158
9400 0.153701 0 -1.1808
9450 0.369443 0 -1.18972
9500 0.32418 0 -1.05718
9550 0.145553 0 -1.15155
9600 0.0235052 0 -1.07608
9650 -0.149709 0 -1.01397
9700 -0.0317148 0 -1.0035
9750 0.265085 0 -0.876331
9800 -0.0132136 0 -0.864685
9850 0.165426 0 -0.89192
9900 0.177911 0 -0.840073
9950 0.0439105 0 -0.766706
10000 0.170137 0 -0.710097
10050 0.211659 0 -0.711155
10100 0.096387 0 -0.739256
10150 0.117371 0 -0.843916
10200 0.0150565 0 -0.810199
10250 0.151793 0 -0.799125
10300 0.128621 0 -0.768485
10350 -0.0446135 0 -0.804083
10400 0.00858006 0 -1.01885
10450 0.168228 0 -1.01401
10500 0.190637 0 -0.98668
10550 0.332996 0 -0.945752
10600 0.239003 0 -1.00832
10650 0.0489179 0 -0.987888
10700 0.214931 0 -1.11388
10750 0.227581 0 -1.29978
10800 0.335709 0 -1.14325
10850 0.363454 0 -1.20198
10900 0.257552 0 -1.05868
10950 0.198913 0 -1.00567
11000 0.134571 0 -1.00324
11050 0.240897 0 -0.886927
11100 0.155264 0 -0.921436
11150 0.0647566 0 -1.01146
11200 0.0297355 0 -1.05792
11250 -0.0308177 0 -1.09703
11300 0.124267 0 -0.904575
11350 0.402698 0 -0.904558
11400 0.440847 0 -0.850093
11450 0.255511 0 -0.803953
11500 0.295983 0 -0.927656
11550 0.202169 0 -0.985
11600 0.321704 0 -0.737019
11650 0.338052 0 -0.855556
11700 0.321433 0 -0.947299
11750 0.177611 0 -0.942925
11800 0.226222 0 -0.91122
11850 0.135627 0 -0.825791
11900 0.0944506 0 -0.854715
11950 0.159808 0 -0.989947
12000 0.156933 0 -1.15559
12050 0.0272726 0 -1.21941
12100 0.124641 0 -1.28268
12150 0.219684 0 -1.34193
12200 0.330259 0 -1.26189
12250 0.165049 0 -1.20694
12300 0.158599 0 -1.15522
12350 0.160298 0 -1.17311
12400 0.29615 0 -1.28582
12450 0.251786 0 -1.23111
12500 0.103499 0 -1.25469
12550 0.0662456 0 -1.29502
12600 0.177302 0 -1.22954
12650 0.204329 0 -1.14754
12700 -0.0271252 0 -1.25641
12750 -0.119607 0 -1.23679
12800 0.00753165 0 -1.3372
12850 0.151421 0 -1.32547
12900 -0.0165403 0 -1.34445
12950 -0.00880877 0 -1.29358
13000 0.1118 0 -1.31758
13050 0.187309 0 -1.34794
13100 -0.000863405 0 -1.33001
13150 0.0998202 0 -1.58697
13200 0.0586129 0 -1.30256
13250 0.0233247 0 -1.27474
13300 0.0901637 0 -1.12808
13350 0.00739045 0 -1.16375
13400 -0.102947 0 -1.07385
13450 0.125301 0 -0.953053
13500 0.17865 0 -0.892958
13550 0.256731 0 -0.952954
13600 0.186275 0 -1.04572
13650 0.148972 0 -1.18496
13700 0.245782 0 -1.25642
13750 0.29762 0 -1.19228
13800 0.431961 0 -1.17568
13850 0.259325 0 -1.18273
13900 0.321209 0 -1.24058
13950 0.447012 0 -1.25628
14000 0.316892 0 -1.25922
14050 0.159286 0 -1.44667
14100 0.192243 0 -1.33956
14150 0.30427 0 -1.35436
14200 0.471713 0 -1.36077
14250 0.405246 0 -1.29399
14300 0.265998 0 -1.27318
14350 0.229797 0 -1.24506
14400 0.224469 0 -1.24075
14450 0.434486 0 -1.30207
14500 0.365031 0 -1.2853
14550 0.242961 0 -1.1887
14600 0.283198 0 -1.21044
14650 0.417937 0 -1.25721
14700 0.411401 0 -1.34183
14750 0.331594 0 -1.33792
14800 0.342178 0 -1.28819
14850 0.242862 0 -1.30631
14900 0.337912 0 -1.21614
14950 0.187247 0 -1.38462
15000 0.300583 0 -1.38385
15050 0.478659 0 -1.37024
15100 0.586267 0 -1.44014
15150 0.466386 0 -1.45103
15200 0.199545 0 -1.43947
15250 0.287817 0 -1.29404
15300 0.355499 0 -1.26803
15350 0.276884 0 -1.26931
15400 0.298705 0 -1.35733
15450 0.10906 0 -1.35794
15500 0.0427469 0 -1.2552
15550 0.175916 0 -1.21642
15600 0.237812 0 -1.27181
15650 0.143907 0 -1.33286
15700 0.11291 0 -1.24208
15750 0.103015 0 -1.21181
15800 0.249658 0 -1.34141
15850 0.269278 0 -1.5578
15900 0.148365 0 -1.44079
15950 0.099354 0 -1.2895
16000 0.143267 0 -1.19416
16050 0.0535371 0 -1.23505
16100 -0.0027756 0 -1.4096
16150 -0.0291855 0 -1.30489
16200 0.195094 0 -1.22108
16250 0.282759 0 -1.2114
16300 0.1873 0 -1.27868
16350 0.147328 0 -1.40201
16400 0.0111828 0 -1.10857
16450 0.0390998 0 -1.04071
16500 -0.0257113 0 -0.923089
16550 0.0395804 0 -0.825121
16600 0.0459453 0 -0.495697
16650 -0.0244987 0 -0.603461
16700 -0.0484091 0 -0.705977
16750 -0.0217819 0 -0.778636
16800 0.0437712 0 -0.917087
16850 -0.0576846 0 -0.887572
16900 -0.189223 0 -1.06842
16950 -0.290774 0 -1.2577
17000 0.0207204 0 -1.40975
17050 -0.0593854 0 -1.26914
17100 -0.171328 0 -1.24073
17150 -0.168531 0 -1.23492
17200 0.120326 0 -1.29716
17250 0.1885 0 -1.20761
17300 0.122763 0 -1.40705
17350 -0.00829572 0 -1.34279
17400 0.187117 0 -1.2636
17450 0.253824 0 -1.30285
17500 0.182313 0 -1.20769
17550 0.121106 0 -1.2987
17600 0.139165 0 -1.25395
17650 0.203425 0 -1.2112
17700 0.251326 0 -1.22598
17750 0.214181 0 -1.20669
17800 0.199321 0 -1.12539
17850 0.366994 0 -1.00218
17900 0.486203 0 -1.11085
17950 0.319864 0 -1.13914
18000 0.159124 0 -1.27023
18050 -0.143922 0 -1.17466
18100 0.075521 0 -1.18668
18150 0.140061 0 -1.19469
18200 0.202848 0 -1.24385
18250 0.0562426 0 -1.24356
18300 0.0754109 0 -1.26273
18350 0.00273504 0 -1.34147
18400 0.164444 0 -1.12598
18450 0.360757 0 -1.17883
18500 0.362371 0 -1.13757
18550 0.462514 0 -1.12234
18600 0.429891 0 -1.12582
18650 0.35563 0 -1.24508
18700 0.220956 0 -1.19737
18750 0.0940252 0 -1.32254
18800 0.0745679 0 -1.2786
18850 0.154135 0 -1.26352
18900 0.213172 0 -1.26471
18950 0.255039 0 -1.20952
19000 0.108069 0 -1.26182
19050 0.130329 0 -1.34235
19100 0.262722 0 -1.25996
19150 0.170775 0 -1.14044
19200 0.118587 0 -1.23416
19250 0.0641548 0 -1.21037
19300 0.168459 0 -1.2263
19350 0.161026 0 -1.27351
19400 0.113536 0 -1.18877
19450 -0.0285436 0 -1.25674
19500 -0.0750703 0 -1.16916
19550 0.0921709 0 -1.16294
19600 0.267446 0 -1.30622
19650 0.0624684 0 -1.24629
19700 0.10503 0 -1.25691
19750 0.0789097 0 -1.13366
19800 0.150205 0 -1.07869
19850 0.319475 0 -1.00549
19900 0.30524 0 -1.09657
19950 0.297713 0 -1.07651
20000 0.378851 0 -1.08002
20050 0.394109 0 -1.09276
20100 0.396328 0 -0.988204
20150 0.368214 0 -1.09437
20200 0.372466 0 -1.15716
20250 0.320273 0 -1.19823
20300 0.296512 0 -1.27594
20350 0.345154 0 -1.41549
20400 0.257118 0 -1.31944
20450 0.162022 0 -1.18823
20500 0.142766 0 -1.18523
20550 0.177958 0 -1.15162
20600 0.26132 0 -1.24813
20650 0.0436667 0 -1.18042
20700 0.106127 0 -1.17968
20750 0.150722 0 -1.17155
20800 0.347299 0 -1.13168
20850 0.338842 0 -1.12583
20900 0.178668 0 -1.18658
20950 0.028834 0 -1.14306
21000 0.0742012 0 -1.1024
21050 -0.101287 0 -1.06973
21100 0.0584558 0 -1.0256
21150 0.271183 0 -0.909673
21200 0.0604154 0 -0.896495
21250 0.181941 0 -1.06681
21300 0.243546 0 -1.11981
21350 0.184164 0 -1.29286
21400 0.155216 0 -1.30702
21450 0.0301689 0 -1.29666
21500 -0.078419 0 -1.23182
21550 0.138253 0 -1.31624
21600 0.16057 0 -1.36393
21650 0.21499 0 -1.34661
21700 0.171369 0 -1.36673
21750 -0.0782448 0 -1.23821
21800 -0.0660988 0 -1.28502
21850 0.234417 0 -1.34254
21900 0.18221 0 -1.24905
21950 0.137206 0 -1.25623
22000 0.180319 0 -1.26958
22050 0.24736 0 -1.29717
22100 0.33178 0 -1.39168
22150 0.381317 0 -1.31222
22200 0.263021 0 -1.24695
22250 0.147311 0 -1.12186
22300 0.157445 0 -1.26959
22350 0.312994 0 -1.33747
22400 0.34813 0 -1.25877
22450 0.306727 0 -1.29502
22500 0.141885 0 -1.19529
22550 0.155606 0 -1.23144
22600 0.17805 0 -1.24482
22650 0.178396 0 -1.22986
22700 0.172661 0 -1.26362
22750 0.262472 0 -1.28935
22800 0.312289 0 -1.4024
22850 0.17264 0 -1.36792
22900 0.095058 0 -1.3296
22950 0.104963 0 -1.17448
23000 0.117761 0 -1.20746
23050 0.146342 0 -1.39391
23100 0.157875 0 -1.35097
23150 0.0755358 0 -1.26496
23200 0.0912531 0 -1.19764
23250 0.136315 0 -1.04861
23300 0.318178 0 -1.08102
23350 0.106943 0 -1.13968
23400 -0.0732343 0 -1.13112
23450 0.0114063 0 -1.08386
23500 0.0114031 0 -1.03387
23550 0.117256 0 -1.14425
23600 0.325501 0 -1.19494
23650 0.347199 0 -1.10958
23700 0.331303 0 -1.36052
23750 0.479719 0 -1.2725
23800 0.362404 0 -1.22217
23850 0.277998 0 -1.16623
23900 0.2176 0 -1.26746
23950 0.170872 0 -1.23011
24000 0.177434 0 -1.1885
24050 0.340668 0 -1.32035
24100 0.341958 0 -1.35961
24150 0.222913 0 -1.32398
24200 0.183356 0 -1.30131
24250 0.224456 0 -1.30788
24300 0.177935 0 -1.25604
24350 0.030588 0 -1.26762
24400 -0.109826 0 -1.14736
24450 -0.0932549 0 -1.02556
24500 -0.113516 0 -1.00642
24550 0.0486341 0 -1.06813
24600 0.0311753 0 -1.19775
24650 -0.129299 0 -1.27193
24700 -0.0622424 0 -1.30588
24750 0.106729 0 -1.28939
24800 0.102435 0 -1.27193
24850 0.211969 0 -1.2302
24900 0.156662 0 -1.38369
24950 0.13164 0 -1.38411
25000 0.237381 0 -1.22848
25050 0.351966 0 -1.16847
25100 0.143394 0 -1.28389
25150 0.169568 0 -1.35121
25200 0.263033 0 -1.32689
25250 0.353822 0 -1.21648
25300 0.33894 0 -1.18582
25350 0.296597 0 -1.16352
25400 0.14132 0 -1.13646
25450 0.277926 0 -1.16975
25500 0.201793 0 -1.11998
25550 0.254341 0 -1.19594
25600 0.250647 0 -1.0966
25650 0.137799 0 -1.06243
25700 0.176007 0 -1.15403
25750 0.21953 0 -1.16249
25800 0.14587 0 -1.23595
25850 0.128752 0 -1.27683
25900 0.251221 0 -1.28799
25950 0.480606 0 -1.14076
26000 0.302527 0 -1.26494
26050 0.194795 0 -1.36786
26100 0.234664 0 -1.21168
26150 0.161572 0 -1.31848
26200 0.283436 0 -1.22972
26250 0.324806 0 -1.24474
26300 0.280641 0 -1.20035
26350 0.252428 0 -1.16259
26400 0.303128 0 -1.29795
26450 0.315473 0 -1.3615
26500 0.185659 0 -1.31056
26550 0.148594 0 -1.23462
26600 0.204806 0 -1.11107
26650 0.404396 0 -1.09954
26700 0.350948 0 -1.09822
26750 0.405659 0 -1.04468
26800 0.163188 0 -0.905442
26850 0.105268 0 -1.10446
26900 0.29727 0 -1.1257
26950 0.492388 0 -1.12577
27000 0.324716 0 -1.2073
27050 0.272644 0 -1.15288
27100 0.225278 0 -1.14527
27150 0.131003 0 -1.21755
27200 -0.0558573 0 -1.27577
27250 0.114799 0 -1.29245
27300 0.136617 0 -1.06621
27350 0.130686 0 -1.07219
27400 0.158313 0 -0.97713
27450 0.0272586 0 -1.03411
27500 0.0826357 0 -1.00424
27550 0.279927 0 -0.939954
27600 0.274391 0 -0.742699
27650 0.204333 0 -0.703293
27700 0.16868 0 -0.642604
27750 0.124505 0 -0.768495
27800 0.0687637 0 -0.734141
27850 0.0606168 0 -0.623398
27900 -0.0239772 0 -0.481694
