# Created at Thu Sep 28 15:05:03 CDT 2017
1916740085579047 1
1916740816291937 2
1916741389045844 3
1916742139595160 4
1916742751869330 5
1916743561653266 6
1916752133413269 7
1916752686513855 8
1916753259267761 9
1916753792501403 10
1916754345540954 11
1916754898549987 12
1916755451595531 13
1916756004543529 14
1916756577358470 15
1916757130367503 16
1916757722896800 17
1916758275936351 18
1916758828914867 19
1916759381954418 20
1916759954738841 21
1916760507778392 22
1916761080532298 23
1916761613796459 24
1916762147060619 25
1916762779110179 26
1916763351864086 27
1916763885128246 28
1916764477718578 29
1916765070217357 30
1916765801006582 31
1916766294842031 32
1916766966289785 33
1916767558819082 34
1916768151348379 35
1916768704387929 36
1916769296917226 37
1916769849926260 38
1916770462230947 39
1916771035045888 40
1916771647259023 41
1916772220073965 42
1916772792858388 43
1916773424877431 44
1916773997631338 45
1916774550670888 46
1916775123485830 47
1916775735766187 48
1916776328264966 49
1916776980059400 50
1916777572558179 51
1916778184832349 52
1916778797137036 53
1916779448900952 54
1916780041460767 55
1916780614245191 56
1916781266009107 57
1916781977038159 58
1916782510363355 59
1916783241137280 60
1916783912676587 61
1916784584215894 62
1916785235979810 63
1916785887743726 64
1916786559280213 65
1916787270339784 66
1916787862869081 67
1916788554183778 68
1916789284927186 69
1916789956466493 70
1916790470016297 71
1916791398299989 72
1916792109359559 73
1916792879623231 74
1916793570907411 75
1916794163436708 76
1916794716476258 77
1916795309066590 78
1916795881789979 79
1916796395356599 80
1916796928651277 81
1916797442170564 82
1916797935914461 83
1916798469178621 84
1916799061707918 85
1916799614747468 86
1916800187531892 87
1916800701081697 88
1916801313355867 89
1916801886140291 90
1916802419404451 91
1916802992219392 92
1916803545228426 93
1916804118012849 94
1916804690797273 95
1916805283357088 96
1916805875855867 97
1916806428911375 98
1916806981920408 99
1916807515245603 100
1916808107774900 101
1916808680528806 102
1916809233568357 103
1916809806383299 104
1916810379137205 105
1916810951921629 106
1916811524736570 107
1916812097490476 108
1916812650560545 109
1916813203569578 110
1916813736833738 111
1916814289873289 112
1916814823167966 113
1916815316911863 114
1916817489606771 115
1916818062391195 116
1916818575941000 117
1916819148694906 118
1916819701795492 119
1916820274610433 120
1916820847333822 121
1916821420118246 122
1916821953443441 123
1916822565717611 124
1916823177961263 125
1916823750745687 126
1916824442060384 127
1916825074109945 128
1916825646863851 129
1916826219675761 130
1916826792429667 131
1916827384989482 132
1916827997263652 133
1916828570048076 134
1916829142832499 135
1916829695902568 136
1916830308207255 137
1916830880961161 138
1916831453745585 139
1916832026560527 140
1916832619059306 141
1916833231333476 142
1916833804117900 143
1916834416422587 144
1916835048472148 145
1916835601542216 146
1916836233534224 147
1916836826094038 148
1916837438368208 149
1916838149458296 150
1916838801222212 151
1916839433271772 152
1916840045545942 153
1916840717176802 154
1916841329420454 155
1916841941755659 156
1916842534223921 157
1916843205763227 158
1916843778547651 159
1916844430433638 160
1916845022901899 161
1916845615461714 162
1916846207982893 163
1916846761052961 164
1916847314092512 165
1916847906591291 166
1916848479375715 167
1916849091680402 168
1916849763250227 169
1916850415044660 170
1916851027318830 171
1916851619909162 172
1916852251897688 173
1916852824682111 174
1916853397466535 175
1916853990026350 176
1916854602361555 177
1916855214635725 178
1916855767675275 179
1916856379991892 180
1916856952745798 181
1916857565050486 182
1916858137834910 183
1916858789629343 184
1916859342668894 185
1916859895738962 186
1916860488237742 187
1916861041307810 188
1916861653581980 189
1916862206713083 190
1916862858415964 191
1916863431200388 192
1916863984239939 193
1916864596544626 194
1916865169329050 195
1916865761888865 196
1916866413688701 197
1916867026023906 198
1916867618522686 199
1916868171562236 200
1916868803611797 201
1916869415947002 202
1916869968956035 203
1916870581230205 204
1916871233055156 205
