200 -0.00668663 0 0.0226011
250 -0.0110056 0 0.0192831
300 -0.0130571 0 0.0230762
350 -0.0116681 0 0.0185549
400 -0.0139688 0 0.0307558
450 -0.0250694 0 0.071819
500 -0.05228 0 0.0830382
550 -0.0360219 0 0.0176338
600 -0.0163539 0 -0.00526615
650 0.0283059 0 -0.0984974
700 -0.409429 0 -0.0704299
750 -0.425884 0 -0.0230272
800 -0.557435 0 0.0823431
850 -0.698513 0 0.311521
900 -0.794371 0 0.362874
950 -0.883169 0 0.305377
1000 -0.932668 0 0.219163
1050 -0.841945 0 0.314364
1100 -0.789236 0 0.458462
1150 -0.912177 0 0.371063
1200 -1.09418 0 0.336358
1250 -1.14942 0 0.261534
1300 -1.06384 0 0.381069
1350 -1.05472 0 0.344676
1400 -1.33206 0 0.509642
1450 -1.26734 0 0.360229
1500 -1.16972 0 0.41762
1550 -1.08671 0 0.476447
1600 0.373876 0 -0.977336
1650 -1.1313 0 0.482803
1700 -1.08113 0 0.492278
1750 -1.09846 0 0.524496
1800 0.40158 0 -1.05282
1850 0.40158 0 -1.05282
1900 0.40158 0 -1.05282
1950 0.401555 0 -1.05274
2000 0.40158 0 -1.05282
2050 0.40158 0 -1.05282
2100 0.40158 0 -1.05282
2150 0.40158 0 -1.05282
2200 0.40158 0 -1.05282
2250 0.40158 0 -1.05282
2300 0.40158 0 -1.05282
2350 0.401501 0 -1.0526
2400 0.40158 0 -1.05282
2450 0.40158 0 -1.05282
2500 0.40158 0 -1.05282
2550 0.401317 0 -1.05215
2600 0.40158 0 -1.05282
2650 0.40158 0 -1.05282
2700 0.401574 0 -1.0528
2750 0.400254 0 -1.04973
2800 0.40158 0 -1.05282
2850 0.401574 0 -1.0528
2900 0.40141 0 -1.05238
2950 0.397284 0 -1.04357
3000 0.401578 0 -1.05281
3050 0.401525 0 -1.05271
3100 0.400857 0 -1.05116
3150 0.39278 0 -1.03409
3200 0.401546 0 -1.05278
3250 0.401249 0 -1.0522
3300 0.39914 0 -1.04733
3350 0.388739 0 -1.02592
3400 0.401332 0 -1.05254
3450 0.400239 0 -1.05058
3500 0.394707 0 -1.0376
3550 0.381744 0 -1.01115
3600 0.401374 0 -1.05258
3650 0.40045 0 -1.05087
3700 0.396648 0 -1.04189
3750 0.38183 0 -1.01147
3800 0.401491 0 -1.05271
3850 0.400973 0 -1.05171
3900 0.39843 0 -1.04571
3950 0.383468 0 -1.01597
4000 0.401567 0 -1.0528
4050 0.40148 0 -1.05263
4100 0.400439 0 -1.05022
4150 0.393447 0 -1.03637
4200 0.401578 0 -1.05282
4250 0.401537 0 -1.05274
4300 0.400701 0 -1.05072
4350 0.39168 0 -1.03292
4400 0.401575 0 -1.05281
4450 0.401494 0 -1.05267
4500 0.400183 0 -1.04945
4550 0.387135 0 -1.02318
4600 0.401573 0 -1.05281
4650 0.401481 0 -1.05263
4700 0.400577 0 -1.0499
4750 0.379078 0 -0.999338
4800 0.401567 0 -1.05281
4850 0.401492 0 -1.05263
4900 0.400864 0 -1.05034
4950 0.383466 0 -1.00367
5000 0.401349 0 -1.05272
5050 0.400655 0 -1.05086
5100 0.397675 0 -1.03881
5150 0.387223 0 -1.00866
5200 0.400786 0 -1.0526
5250 0.397714 0 -1.04401
5300 0.393943 0 -1.02279
5350 0.386773 0 -1.00085
5400 0.399738 0 -1.05163
5450 0.393112 0 -1.03407
5500 0.384782 0 -0.99405
5550 0.383958 0 -0.979296
5600 0.396834 0 -1.04534
5650 0.373595 0 -0.992502
5700 0.33874 0 -0.871717
5750 0.371568 0 -0.944183
5800 0.391028 0 -1.01303
5850 0.370084 0 -0.971044
5900 0.34662 0 -0.898317
5950 -1.1132 0 0.463214
6000 0.401544 0 -1.05277
6050 0.401461 0 -1.05259
6100 0.401326 0 -1.05208
6150 0.400469 0 -1.04801
6200 0.40158 0 -1.05282
6250 0.401579 0 -1.05282
6300 0.401431 0 -1.05226
6350 0.40042 0 -1.04726
6400 0.401462 0 -1.05264
6450 0.400331 0 -1.04953
6500 0.387112 0 -1.00071
6550 0.374738 0 -0.934813
6600 0.401367 0 -1.05081
6650 0.400698 0 -1.05
6700 0.390403 0 -1.02097
6750 -0.931514 0 0.427085
6800 0.4015 0 -1.05261
6850 0.401328 0 -1.05213
6900 0.399449 0 -1.04521
6950 0.329471 0 -0.808813
7000 0.401532 0 -1.05267
7050 0.40044 0 -1.04877
7100 0.397225 0 -1.03091
7150 0.368825 0 -0.934376
7200 0.388823 0 -1.00805
7250 -1.05807 0 0.603665
7300 -1.10484 0 0.456674
7350 -1.18559 0 0.417553
7400 0.40158 0 -1.05282
7450 0.401573 0 -1.05281
7500 0.401316 0 -1.05187
7550 0.396216 0 -1.03604
7600 0.40158 0 -1.05282
7650 0.40158 0 -1.05282
7700 0.40158 0 -1.05282
7750 0.401405 0 -1.05222
7800 0.40158 0 -1.05282
7850 0.40158 0 -1.05282
7900 0.401573 0 -1.05279
7950 0.399996 0 -1.04831
8000 0.40158 0 -1.05282
8050 0.401579 0 -1.05282
8100 0.401535 0 -1.05268
8150 0.398697 0 -1.04525
8200 0.40158 0 -1.05282
8250 0.401573 0 -1.05281
8300 0.401458 0 -1.05251
8350 0.397388 0 -1.04279
8400 0.40158 0 -1.05282
8450 0.401576 0 -1.05281
8500 0.401519 0 -1.05267
8550 0.398857 0 -1.04618
8600 0.40158 0 -1.05282
8650 0.401572 0 -1.05281
8700 0.40149 0 -1.05261
8750 0.397266 0 -1.04326
8800 0.40158 0 -1.05282
8850 0.401579 0 -1.05282
8900 0.401535 0 -1.05271
8950 0.39826 0 -1.04551
9000 0.40158 0 -1.05282
9050 0.401579 0 -1.05282
9100 0.40155 0 -1.05275
9150 0.398763 0 -1.04672
9200 0.40158 0 -1.05282
9250 0.401579 0 -1.05282
9300 0.401568 0 -1.05279
9350 0.400267 0 -1.04992
9400 0.40158 0 -1.05282
9450 0.40158 0 -1.05282
9500 0.401569 0 -1.05279
9550 0.399809 0 -1.04872
9600 0.40158 0 -1.05282
9650 0.401579 0 -1.05282
9700 0.401553 0 -1.05275
9750 0.398996 0 -1.04657
9800 0.40158 0 -1.05282
9850 0.401578 0 -1.05281
9900 0.40153 0 -1.0527
9950 0.398097 0 -1.04451
10000 0.40158 0 -1.05282
10050 0.401575 0 -1.05281
10100 0.401513 0 -1.05266
10150 0.398156 0 -1.04473
10200 0.40158 0 -1.05282
10250 0.401576 0 -1.05281
10300 0.401489 0 -1.05261
10350 0.399312 0 -1.04791
10400 0.401575 0 -1.05282
10450 0.401499 0 -1.05272
10500 0.401136 0 -1.05166
10550 0.395757 0 -1.0395
10600 0.401569 0 -1.05281
10650 0.401279 0 -1.05218
10700 0.399291 0 -1.04626
10750 0.38908 0 -1.02282
10800 0.401501 0 -1.05276
10850 0.401128 0 -1.05155
10900 0.398038 0 -1.03951
10950 0.370689 0 -0.967058
11000 0.395257 0 -1.03474
11050 0.381109 0 -0.9947
11100 0.382233 0 -0.985281
11150 0.375217 0 -0.964513
11200 0.383053 0 -0.962512
11250 0.352929 0 -0.877304
11300 -1.02083 0 0.408954
11350 -1.06322 0 0.33443
11400 0.401605 0 -1.05276
11450 0.401541 0 -1.05257
11500 0.400174 0 -1.05069
11550 0.390738 0 -1.02957
11600 -1.09542 0 0.327223
11650 -1.02563 0 0.465092
11700 -1.09931 0 0.503643
11750 -1.15272 0 0.470614
11800 0.401585 0 -1.05282
11850 0.401599 0 -1.05277
11900 0.40101 0 -1.05178
11950 0.392625 0 -1.03508
12000 0.388939 0 -1.04905
12050 0.371471 0 -0.981637
12100 -1.06052 0 0.454435
12150 -1.07108 0 0.472892
12200 0.401584 0 -1.05282
12250 0.401579 0 -1.05281
12300 0.401556 0 -1.05277
12350 0.399532 0 -1.04805
12400 0.356858 0 -1.04912
12450 0.355429 0 -0.99361
12500 0.353604 0 -0.924626
12550 -1.0295 0 0.396346
12600 0.401518 0 -1.05269
12650 0.401417 0 -1.05245
12700 0.401219 0 -1.05194
12750 0.393958 0 -1.03488
12800 0.40158 0 -1.05282
12850 0.40158 0 -1.05282
12900 0.401573 0 -1.05279
12950 0.397561 0 -1.04272
13000 0.401579 0 -1.05282
13050 0.401491 0 -1.05264
13100 0.397815 0 -1.04348
13150 0.319678 0 -0.862722
13200 0.399445 0 -1.05024
13250 0.384011 0 -1.0128
13300 0.31498 0 -0.842522
13350 -0.931718 0 0.225443
13400 0.401364 0 -1.0525
13450 0.400698 0 -1.05073
13500 0.399483 0 -1.04769
13550 0.358855 0 -0.94446
13600 0.40158 0 -1.05282
13650 0.401577 0 -1.05281
