# Created at Thu Nov 09 14:14:49 CST 2017
97848812111264 1
97849365181332 2
97849878731137 3
97850412117367 4
97851063881283 5
97851597236996 6
97852110786801 7
97852584816342 8
97853098381168 9
97853730461246 10
97854204521305 11
97854836601383 12
97855310691959 13
97855923057682 14
97856495811588 15
97857029167301 16
97857562492496 17
97858115532047 18
97858609367496 19
97859201927311 20
97859735252506 21
97860288383609 22
97860782158024 23
97861394462711 24
97861848777897 25
97862401847965 26
97862895652897 27
97863468490069 28
97864021560137 29
97864535109942 30
97865048720781 31
97865582015459 32
97866135116045 33
97866668441240 34
97867162215654 35
97867695540850 36
97868228866045 37
97868762191240 38
97869295516436 39
97869828811113 40
97870381942217 41
97870895461504 42
97871409102862 43
97871962142412 44
97872475692217 45
97873048541073 46
97873542407040 47
97874055987362 48
97874688006405 49
97875142352109 50
97875794177060 51
97876287981991 52
97876860827450 53
97877394152646 54
97877927477841 55
97878460803036 56
97879033617978 57
97879606432919 58
97880100298886 59
97880633563046 60
97881206408505 61
97881720019345 62
97882292834286 63
97882806384091 64
97883339711705 65
97883833516637 66
97884386617222 67
97884939656773 68
97885433461705 69
97885986592808 70
97886480367222 71
97887092732945 72
97887586568394 73
97888159383336 74
97888633473912 75
97889186543980 76
97889759389439 77
97890213674107 78
97890826070347 79
97891339559117 80
97891932210484 81
97892406240025 82
97892939562738 83
97893512408197 84
97894025958002 85
97894519762934 86
97895033343256 87
97895586413324 88
97896198748530 89
97896653094233 90
97897245715082 91
97897759264887 92
97898332049311 93
97898845660151 94
97899398699701 95
97899971545160 96
97900465380610 97
97900998736322 98
97901551806391 99
97902025835932 100
97902539416254 101
97903072734515 102
97903625835101 103
97904159190814 104
97904712230365 105
97905127025287 106
97905739421527 107
97906233226459 108
97906944316547 109
