# Created at Wed Mar 07 14:29:14 CST 2018
2153053320772542 1
2153053854128255 2
2153054387453451 3
2153054881227865 4
2153055414522542 5
2153055967653646 6
2153056461397542 7
2153056975038900 8
2153057488588705 9
2153058002131907 10
2153058535457102 11
2153059049006907 12
2153059562587229 13
2153060115657297 14
2153060629298655 15
2153061123042551 16
2153061616847483 17
2153062150233713 18
2153062643977610 19
2153063157527414 20
2153063671107737 21
2153064224208323 22
2153064737758127 23
2153065310603586 24
2153065883418528 25
2153066436488596 26
2153066910548655 27
2153067364833323 28
2153067779671529 29
2153068174752096 30
2153068589547017 31
2153069043831685 32
2153069458657125 33
2153069912941793 34
2153070308052877 35
2153070762337545 36
2153071196877340 37
2153071631447652 38
2153072125313619 39
2153074061013082 40
2153074614083150 41
2153075167183736 42
2153075700478414 43
2153076233864644 44
2153076747383931 45
2153077280678609 46
2153077774491297 47
2153078307816493 48
2153078821396815 49
2153079334946620 50
2153079828782069 51
2153080362137782 52
2153080915177333 53
2153081448563563 54
2153081962082850 55
2153082534897792 56
2153083087967860 57
2153083621262538 58
2153084253373133 59
2153084826188075 60
2153085418778407 61
2153085991593348 62
2153086524918544 63
2153087058243739 64
2153087611313807 65
2153088124902911 66
2153088618738361 67
2153089152094074 68
2153089645899005 69
2153090139673419 70
2153090672998615 71
2153091186609454 72
2153091680414386 73
2153092193994708 74
2153092687799640 75
2153093240900226 76
2153093754450031 77
2153094267999835 78
2153094742090411 79
2153095275415607 80
2153095828455158 81
2153096361810870 82
2153096895136066 83
2153097428491779 84
2153097941989730 85
2153098495090316 86
2153098949374984 87
2153099482730697 88
2153100016025374 89
2153100529636214 90
2153101043186019 91
2153101556735823 92
2153102030826400 93
2153102603702376 94
2153103117221663 95
2153103650546859 96
2153104144382308 97
2153104657962630 98
2153105171542952 99
2153105645664046 100
2153106178897689 101
2153106712222884 102
2153107206058333 103
2153107739357367 104
2153108252968207 105
2153108786293402 106
2153109280098334 107
2153109773933783 108
2153110307228461 109
2153110801094428 110
2153111314644232 111
2153111847938910 112
2153112361580267 113
2153112875099554 114
2153113368965521 115
2153113961525336 116
2153114475075140 117
2153115008400336 118
2153115541756049 119
2153116035591498 120
2153116588631049 121
2153117023231879 122
2153117536842719 123
2153118070149374 124
2153118583699179 125
2153119077534628 126
2153119591084433 127
2153120104634238 128
2153120578755331 129
2153121112050009 130
2153121625630331 131
2153122218220663 132
2153122751545859 133
2153124114491415 134
2153124726826620 135
2153125319416952 136
2153125872456503 137
2153126425557089 138
2153127057667685 139
2153127591051307 140
2153129961321083 141
2153130534166542 142
2153131047746864 143
2153131561327186 144
2153132055101600 145
2153132588457313 146
2153133121813026 147
2153133655138221 148
2153134168657508 149
2153134741472450 150
2153135353868690 151
2153135867418495 152
2153136440233436 153
2153136973589149 154
2153137546404091 155
2153138040275262 156
2153138593345331 157
2153139027885126 158
2153139501945184 159
2153140074760126 160
2153140588340448 161
2153141141441034 162
2153141635245965 163
2153142148826288 164
2153142662437128 165
2153143195792840 166
2153143709281610 167
2153144183372186 168
2153144736411737 169
2153145289542840 170
2153145803123163 171
2153146356162713 172
2153146850028680 173
2153147383384393 174
2153147916646309 175
2153148430226632 176
2153148943776436 177
2153149437611885 178
2153149990681954 179
2153150504262276 180
2153150998128243 181
2153151531422921 182
2153152045033760 183
2153152538808175 184
2153153032613106 185
2153153546254464 186
2153154059773751 187
2153154573354073 188
2153155106679268 189
2153155659749337 190
2153156193105050 191
2153156746175118 192
2153157240041085 193
2153157733807973 194
2153158207868031 195
2153158721478871 196
2153159254804067 197
2153159807874135 198
2153160459729604 199
2153160894269399 200
2153169921360579 201
2153170415134993 202
2153170968235579 203
2153171442265120 204
2153171975651350 205
2153172449680891 206
2153172983006087 207
2153173476841536 208
2153174029911604 209
2153174503971663 210
2153175037296858 211
2153175550877180 212
2153176024998274 213
2153176518772688 214
2153177071873274 215
2153177585438137 216
2153178138569240 217
2153178632435207 218
2153179303974514 219
2153179857014065 220
2153180370624905 221
2153180903980617 222
2153181476765041 223
2153181970569973 224
2153182582935696 225
2153183076771145 226
2153183629871731 227
2153184163166408 228
2153184716236477 229
2153185190327053 230
2153185763141994 231
2153186237232571 232
2153186829792385 233
2153187343403225 234
2153187876698678 235
2153188390279000 236
2153188903859322 237
2153189437215035 238
2153189990285103 239
2153190523579781 240
2153191056935494 241
2153191491505806 242
