# Created at Fri Mar 09 11:23:52 CST 2018
2314733671938930 1
2314734126284634 2
2314734758425747 3
2314735252261196 4
2314735844851528 5
2314736318881069 6
2314736931185757 7
2314737425013171 8
2314738017572986 9
2314738491663562 10
2314739104029284 11
2314739597834216 12
2314740210169421 13
2314740743586169 14
2314741316370593 15
2314741829920398 16
2314742422510730 17
2314742916315661 18
2314743508936511 19
2314744022486316 20
2314744615076648 21
2314745128687488 22
2314745780603992 23
2314746254633533 24
2314746906458484 25
2314747380520397 26
2314748012600475 27
2314748506405407 28
2314749118771129 29
2314749671841198 30
2314750244686657 31
2314750975552135 32
2314751607662731 33
2314752121212536 34
2314752733578258 35
2314753247158580 36
2314753879238659 37
2314754392818981 38
2314755024899059 39
2314755558254772 40
2314756190365368 41
2314756684170299 42
2314757316286220 43
2314757829866542 44
2314758481752529 45
2314758936037196 46
2314759627382411 47
2314760121248378 48
2314760773134364 49
2314761286684169 50
2314761918794765 51
2314762392854823 52
2314763084230556 53
2314763578035487 54
2314764229860439 55
2314764703951015 56
2314765316316737 57
2314765790376796 58
2314766402773036 59
2314766876802577 60
2314767489158212 61
2314767943503915 62
2314768595359384 63
2314769049644052 64
2314769662009774 65
2314770136069833 66
2314770748466073 67
2314771222526132 68
2314771854667245 69
2314772328727304 70
2314772941031991 71
2314773434867441 72
2314774027488290 73
2314774521293222 74
2314775015128671 75
2314775548453866 76
2314776279380380 77
2314776753440439 78
2314777346008605 79
2314777820129699 80
2314778452209777 81
2314778926300353 82
2314779558380431 83
2314780032501525 84
2314780644806212 85
2314781118927306 86
2314781711517638 87
2314782185608214 88
2314782857208556 89
2314783331268615 90
2314784062164611 91
2314784516479796 92
2314785128845519 93
2314785622680968 94
2314786274536437 95
2314786768341369 96
2314787420218946 97
2314787874534132 98
2314788506614210 99
2314789020225050 100
2314789672080518 101
2314790165946485 102
2314790797996046 103
2314791252341749 104
2314791904227735 105
2314792358542921 106
2314793049918653 107
2314793524009229 108
2314794175864698 109
2314794630149366 110
2314795301780225 111
2314795775870801 112
2314796427726270 113
2314796901847364 114
2314797612899766 115
2314798087020859 116
2314798778366074 117
2314799272201524 118
2314799924087510 119
2314800378402695 120
2314801030258164 121
2314801524124131 122
2314802175979600 123
2314802650039658 124
2314803321640000 125
2314803776016221 126
2314804427841172 127
2314804921676621 128
2314805593337998 129
2314806027908311 130
2314806699478135 131
2314807173611071 132
2314807864956285 133
2314808339016344 134
2314809030422594 135
2314809524258043 136
2314810156368639 137
2314810650204088 138
2314811302029039 139
2314811776150133 140
2314812447719957 141
2314812921841051 142
2314813553951647 143
2314814047756578 144
2314814719387438 145
2314815193447496 146
2314815845302965 147
2314816339138414 148
2314816931759264 149
2314817445324680 150
2314818097241184 151
2314818551525852 152
2314819203381321 153
2314819677502415 154
2314820349072239 155
2314820823223850 156
2314821494793674 157
2314821968884251 158
2314822601025364 159
2314823094799778 160
2314823726971409 161
2314824220776340 162
2314824892407200 163
2314825386212131 164
2314826038067600 165
2314826512188694 166
2314827203595387 167
2314827677624928 168
2314828349255787 169
2314828803601490 170
2314829633221852 171
2314829949292408 172
2314830225812184 173
2314830759137379 174
2314831292493092 175
2314831924603688 176
2314832438184010 177
2314833070294606 178
2314833564160572 179
2314834216016041 180
2314834650586354 181
2314834927136647 182
2314840201338595 183
2314840675429171 184
2314841307509249 185
2314841781630343 186
2314842413771456 187
2314842887800997 188
2314843519942111 189
2314844013747042 190
2314844626143283 191
2314845119978732 192
2314845732344454 193
2314846206404513 194
2314846838515109 195
2314847332382995 196
2314847944718200 197
2314848458268005 198
2314849110184509 199
2314849584214050 200
2314850315140564 201
2314850828720886 202
2314851460800964 203
2314851954636413 204
2314852606522399 205
2314853060868103 206
2314853633713562 207
2314854147293884 208
