200 -0.0174554 0 0.028536
250 -0.0148584 0 0.0283864
300 -0.0223868 0 0.0410768
350 -0.000191681 0 0.0169255
400 -0.0115357 0 0.015498
450 -0.0142582 0 0.0191291
500 -0.0129398 0 0.00547381
550 -0.00948319 0 0.0133763
600 -0.0132205 0 0.0215662
650 -0.014579 0 0.0309872
700 -0.00688222 0 0.0175847
750 -0.012399 0 0.0272657
800 -0.0123229 0 0.0306457
850 -0.0149386 0 0.0179223
900 -0.00929133 0 0.0210649
950 -0.016424 0 0.0275781
1000 -0.0103369 0 0.024664
1050 -0.00852718 0 0.0147603
1100 0.0187804 0 -0.00714167
1150 0.0425359 0 -0.0788977
1200 -0.110981 0 -0.171782
1250 -0.156139 0 -0.308252
1300 -0.173397 0 -0.30961
1350 0.0670479 0 -0.518804
1400 -0.0411504 0 -0.950779
1450 -0.0352941 0 -0.830475
1500 -0.0589173 0 -0.68928
1550 -0.0577931 0 -0.652284
1600 -0.0153246 0 -0.217365
1650 0.220111 0 -0.394583
1700 0.165681 0 -0.485819
1750 0.181542 0 -0.655088
1800 -0.0460804 0 -0.448195
1850 -0.68168 0 -0.0351589
1900 -0.304457 0 0.118661
1950 -0.26297 0 0.329236
2000 -1.00352 0 0.156931
2050 -0.45465 0 0.21734
2100 -0.362438 0 0.181587
2150 -0.429237 0 0.0605165
2200 -0.359039 0 0.0866686
2250 -0.299907 0 0.178612
2300 0.0363211 0 -0.0946986
2350 0.0427914 0 -0.458997
2400 0.095224 0 -0.786482
2450 0.117617 0 -0.472954
2500 -0.14564 0 0.00981752
2550 -0.123382 0 0.317192
2600 -0.0408823 0 0.256235
2650 -0.0987864 0 -0.114419
2700 0.146951 0 -0.35087
2750 -0.00939503 0 -0.579975
2800 -0.901144 0 -0.0347134
2850 -0.759627 0 0.190177
2900 -0.705236 0 0.17308
2950 -0.301894 0 -1.27719
3000 0.413805 0 -1.05988
3050 0.392443 0 -1.04195
3100 0.384507 0 -1.02749
3150 -0.774545 0 0.398725
3200 0.396505 0 -1.03987
3250 0.38394 0 -1.00757
3300 0.341432 0 -0.915009
3350 -0.233683 0 -1.00839
3400 0.401375 0 -1.05262
3450 0.399517 0 -1.04857
3500 0.390331 0 -1.02588
3550 0.0664405 0 -0.777127
3600 0.401474 0 -1.05268
3650 0.400135 0 -1.04962
3700 0.387851 0 -1.02053
3750 0.0651657 0 -0.772545
3800 0.401284 0 -1.05243
3850 0.398291 0 -1.0455
3900 0.375658 0 -0.988748
3950 0.0865285 0 -0.750867
4000 0.400863 0 -1.05185
4050 0.395946 0 -1.03979
4100 0.370121 0 -0.970511
4150 0.0754186 0 -0.796907
4200 0.400921 0 -1.05192
4250 0.396908 0 -1.04193
4300 0.375675 0 -0.983161
4350 0.0407481 0 -0.770421
4400 0.401142 0 -1.05245
4450 0.3987 0 -1.04661
4500 0.387875 0 -1.01324
4550 0.0378967 0 -0.771483
4600 0.401116 0 -1.05238
4650 0.397657 0 -1.04417
4700 0.385066 0 -1.0063
4750 0.0616024 0 -0.750379
4800 0.401445 0 -1.05267
4850 0.400171 0 -1.04941
4900 0.394427 0 -1.0316
4950 0.343335 0 -0.876712
5000 0.401338 0 -1.05249
5050 0.397797 0 -1.04362
5100 0.377747 0 -0.989086
5150 -1.05953 0 0.360816
5200 0.401557 0 -1.05279
5250 0.401487 0 -1.05262
5300 0.401383 0 -1.0523
5350 0.392293 0 -1.02833
5400 0.40158 0 -1.05282
5450 0.40158 0 -1.05282
5500 0.401535 0 -1.05266
5550 0.390407 0 -1.01917
5600 0.401544 0 -1.05279
5650 0.400471 0 -1.05009
5700 0.389318 0 -1.01179
5750 -0.948597 0 0.397401
5800 0.401578 0 -1.05282
5850 0.40157 0 -1.0528
5900 0.401556 0 -1.05275
5950 0.399338 0 -1.04499
6000 0.40158 0 -1.05282
6050 0.40158 0 -1.05282
6100 0.401561 0 -1.05271
6150 0.393163 0 -1.02329
6200 0.401522 0 -1.05278
6250 0.400236 0 -1.04927
6300 0.387736 0 -1.00105
6350 0.285515 0 -0.67767
6400 0.395216 0 -1.0426
6450 0.369251 0 -0.965744
6500 0.0126775 0 -0.595886
6550 -0.773817 0 0.291561
6600 0.398765 0 -1.04846
6650 0.394057 0 -1.03051
6700 0.383145 0 -0.996579
6750 0.304388 0 -0.732972
6800 0.401579 0 -1.05282
6850 0.401508 0 -1.05266
6900 0.39957 0 -1.04526
6950 0.354703 0 -0.901055
7000 0.401325 0 -1.05254
7050 0.398438 0 -1.04365
7100 0.37586 0 -0.956724
7150 0.243828 0 -0.547939
7200 0.395542 0 -1.04369
7250 0.37153 0 -0.971609
7300 0.316656 0 -0.782951
7350 -0.831376 0 0.297874
7400 0.401499 0 -1.05273
7450 0.40125 0 -1.05196
7500 0.400654 0 -1.04997
7550 0.37559 0 -0.97382
7600 0.40158 0 -1.05282
7650 0.401579 0 -1.05282
7700 0.401348 0 -1.05196
7750 0.378433 0 -0.984733
7800 0.401357 0 -1.05258
7850 0.397847 0 -1.04286
7900 0.36638 0 -0.943845
7950 -0.936691 0 0.318454
8000 0.401564 0 -1.0528
8050 0.40153 0 -1.05269
8100 0.401477 0 -1.05251
8150 0.395306 0 -1.03283
8200 0.40158 0 -1.05282
8250 0.40158 0 -1.05282
8300 0.401489 0 -1.05248
8350 0.383227 0 -1.00195
8400 0.401351 0 -1.05268
8450 0.397766 0 -1.04481
8500 0.378243 0 -0.987329
8550 0.0808492 0 -0.725615
8600 0.398813 0 -1.04817
8650 0.388036 0 -1.01934
8700 0.357163 0 -0.925553
8750 0.0398921 0 -0.676593
8800 0.40044 0 -1.05081
8850 0.394321 0 -1.03456
8900 0.373227 0 -0.971351
8950 0.0592434 0 -0.716474
9000 0.400659 0 -1.05119
9050 0.393895 0 -1.03365
9100 0.370488 0 -0.964657
9150 0.0749503 0 -0.703666
9200 0.400557 0 -1.05104
9250 0.393534 0 -1.03208
9300 0.376418 0 -0.966424
9350 0.102755 0 -0.662298
9400 0.399983 0 -1.04964
9450 0.390142 0 -1.02117
9500 0.365359 0 -0.912252
9550 0.0822637 0 -0.632361
9600 0.399071 0 -1.04719
9650 0.384911 0 -1.0045
9700 0.356666 0 -0.875957
9750 0.0321874 0 -0.747799
9800 0.40041 0 -1.05051
9850 0.392586 0 -1.02733
9900 0.368928 0 -0.937726
9950 0.047618 0 -0.746173
10000 0.400004 0 -1.05076
10050 0.39197 0 -1.0296
10100 0.361654 0 -0.94089
10150 0.0347989 0 -0.760587
10200 0.400037 0 -1.05125
10250 0.393126 0 -1.0332
10300 0.371108 0 -0.96719
10350 0.0323237 0 -0.762087
10400 0.400051 0 -1.05164
10450 0.395241 0 -1.03923
10500 0.382023 0 -0.995642
10550 0.0318981 0 -0.793479
10600 0.400986 0 -1.05246
10650 0.397607 0 -1.045
10700 0.386348 0 -1.00858
10750 0.024527 0 -0.775116
10800 0.400112 0 -1.05202
10850 0.394031 0 -1.03668
10900 0.378538 0 -0.982359
10950 0.296702 0 -0.780087
11000 0.397691 0 -1.05015
11050 0.387224 0 -1.01921
11100 0.362082 0 -0.927339
11150 -1.10078 0 0.351377
11200 0.4015 0 -1.05276
11250 0.401445 0 -1.05253
11300 0.401312 0 -1.05208
11350 0.391521 0 -1.02447
11400 0.40158 0 -1.05282
11450 0.40158 0 -1.05282
11500 0.401441 0 -1.05227
11550 0.382137 0 -0.999074
11600 0.401297 0 -1.05264
11650 0.398187 0 -1.04548
11700 0.373586 0 -0.975192
11750 0.0651288 0 -0.703105
11800 0.398016 0 -1.04757
11850 0.383555 0 -1.00922
11900 0.329264 0 -0.872717
11950 -1.02022 0 0.316531
12000 0.401566 0 -1.0528
12050 0.401515 0 -1.05268
12100 0.40141 0 -1.05236
12150 0.390853 0 -1.02412
12200 0.40158 0 -1.05282
12250 0.40158 0 -1.05282
12300 0.401451 0 -1.05241
12350 0.38965 0 -1.02083
12400 0.401549 0 -1.05278
12450 0.400743 0 -1.05079
12500 0.388817 0 -1.01606
12550 -1.05161 0 0.388972
12600 0.401574 0 -1.05281
12650 0.401554 0 -1.05276
12700 0.401529 0 -1.05268
12750 0.396987 0 -1.03906
12800 0.40158 0 -1.05282
12850 0.40158 0 -1.05282
12900 0.401567 0 -1.05277
12950 0.396275 0 -1.03693
13000 0.401571 0 -1.05281
13050 0.401112 0 -1.05173
13100 0.392853 0 -1.02637
13150 0.296493 0 -0.780465
13200 0.398745 0 -1.04896
13250 0.385426 0 -1.01168
13300 0.330997 0 -0.860925
13350 -1.032 0 0.358324
13400 0.40155 0 -1.05279
13450 0.401445 0 -1.05253
13500 0.401268 0 -1.05199
13550 0.385806 0 -1.01101
13600 0.40158 0 -1.05282
13650 0.40158 0 -1.05282
13700 0.401548 0 -1.05271
13750 0.393353 0 -1.03115
13800 0.401383 0 -1.05265
13850 0.397933 0 -1.04535
13900 0.360072 0 -0.950433
13950 -0.964214 0 0.308284
14000 0.401538 0 -1.05275
14050 0.401409 0 -1.0524
14100 0.401134 0 -1.05169
14150 0.384726 0 -1.00897
14200 0.40158 0 -1.05282
14250 0.40158 0 -1.05282
14300 0.401368 0 -1.05215
14350 0.371897 0 -0.974517
14400 0.401356 0 -1.05257
14450 0.398063 0 -1.04456
14500 0.366146 0 -0.963314
14550 -1.0262 0 0.33208
14600 0.401521 0 -1.05275
14650 0.401359 0 -1.0523
14700 0.401157 0 -1.05168
14750 0.385333 0 -1.00623
14800 0.40158 0 -1.05282
14850 0.40158 0 -1.05282
14900 0.401488 0 -1.05251
14950 0.387393 0 -1.01361
15000 0.401473 0 -1.05271
15050 0.399437 0 -1.04787
15100 0.374474 0 -0.977506
15150 -1.01789 0 0.360401
15200 0.40153 0 -1.05277
15250 0.401386 0 -1.05238
15300 0.401236 0 -1.05192
15350 0.382762 0 -1.00534
15400 0.40158 0 -1.05282
15450 0.40158 0 -1.05282
15500 0.401574 0 -1.05279
15550 0.397497 0 -1.04016
15600 0.401568 0 -1.05281
15650 0.401016 0 -1.05137
15700 0.391386 0 -1.02001
15750 -1.03933 0 0.401358
15800 0.401573 0 -1.05281
15850 0.401552 0 -1.05276
15900 0.401511 0 -1.05261
15950 0.394829 0 -1.03338
16000 0.40158 0 -1.05282
16050 0.40158 0 -1.05282
16100 0.401538 0 -1.05261
16150 0.389497 0 -1.01892
16200 0.40148 0 -1.0528
16250 0.400416 0 -1.05055
16300 0.388559 0 -1.01334
16350 0.309675 0 -0.814249
16400 0.393314 0 -1.04748
16450 0.373813 0 -0.994404
16500 0.33136 0 -0.854229
16550 -1.00035 0 0.323588
16600 0.401502 0 -1.05275
16650 0.401358 0 -1.05231
16700 0.401151 0 -1.05165
16750 0.381872 0 -0.997392
16800 0.40158 0 -1.05282
16850 0.40158 0 -1.05282
16900 0.401523 0 -1.05261
16950 0.393147 0 -1.03
17000 0.401571 0 -1.05281
17050 0.401436 0 -1.05251
17100 0.398808 0 -1.04415
17150 0.365128 0 -0.947117
17200 0.401164 0 -1.05245
17250 0.398354 0 -1.04539
17300 0.382158 0 -0.990714
17350 0.0713368 0 -0.738293
17400 0.400374 0 -1.05154
17450 0.39646 0 -1.04056
17500 0.380731 0 -0.982101
17550 0.0630909 0 -0.722932
17600 0.401276 0 -1.0524
17650 0.398591 0 -1.04454
17700 0.38928 0 -1.00786
17750 0.0358798 0 -0.664364
17800 0.40128 0 -1.05244
17850 0.398233 0 -1.04457
17900 0.383941 0 -0.997953
17950 0.287003 0 -0.706688
18000 0.400099 0 -1.05104
18050 0.387885 0 -1.01737
18100 0.343839 0 -0.88617
18150 -0.938474 0 0.253323
18200 0.401465 0 -1.05273
18250 0.401232 0 -1.05204
18300 0.400752 0 -1.05056
18350 0.372479 0 -0.976218
18400 0.40158 0 -1.05282
18450 0.40158 0 -1.05282
18500 0.401458 0 -1.05242
18550 0.38739 0 -1.01505
18600 0.401514 0 -1.05275
18650 0.399888 0 -1.04873
18700 0.380481 0 -0.990044
18750 -1.04861 0 0.348507
18800 0.401563 0 -1.0528
18850 0.401517 0 -1.05268
18900 0.40145 0 -1.05248
18950 0.390515 0 -1.02295
19000 0.40158 0 -1.05282
19050 0.40158 0 -1.05282
19100 0.401551 0 -1.05272
19150 0.393538 0 -1.02951
19200 0.401545 0 -1.0528
19250 0.400354 0 -1.04995
19300 0.380564 0 -0.990144
19350 0.219281 0 -0.597996
19400 0.398712 0 -1.04909
19450 0.391634 0 -1.02599
19500 0.360265 0 -0.933775
19550 -1.01612 0 0.382946
19600 0.401577 0 -1.05281
19650 0.401556 0 -1.05277
19700 0.401515 0 -1.05263
19750 0.394993 0 -1.03342
19800 0.40158 0 -1.05282
19850 0.40158 0 -1.05282
19900 0.401573 0 -1.05279
19950 0.397582 0 -1.04016
20000 0.401572 0 -1.05281
20050 0.401284 0 -1.0521
20100 0.394694 0 -1.03007
20150 0.296564 0 -0.768555
20200 0.399741 0 -1.05042
20250 0.392761 0 -1.02858
20300 0.365415 0 -0.941888
20350 -0.94966 0 0.350702
20400 0.401573 0 -1.05281
20450 0.401554 0 -1.05276
20500 0.401525 0 -1.05265
20550 0.397818 0 -1.04063
20600 0.40158 0 -1.05282
20650 0.40158 0 -1.05282
20700 0.401552 0 -1.0527
20750 0.393976 0 -1.02963
20800 0.401547 0 -1.05279
20850 0.400546 0 -1.05028
20900 0.384102 0 -0.993397
20950 -0.942127 0 0.387418
21000 0.40157 0 -1.05281
21050 0.401542 0 -1.05273
21100 0.401505 0 -1.0526
21150 0.395492 0 -1.03451
21200 0.40158 0 -1.05282
21250 0.40158 0 -1.05282
21300 0.401519 0 -1.05259
21350 0.391248 0 -1.02048
21400 0.401546 0 -1.0528
21450 0.400523 0 -1.05055
21500 0.387691 0 -1.01032
21550 0.289037 0 -0.729462
21600 0.396628 0 -1.04636
21650 0.36819 0 -0.966986
21700 0.277167 0 -0.682186
21750 -0.795429 0 0.20548
21800 0.400334 0 -1.05113
21850 0.397425 0 -1.04244
21900 0.390189 0 -1.02354
21950 0.0307082 0 -0.697461
22000 0.40158 0 -1.05282
22050 0.401573 0 -1.0528
22100 0.401163 0 -1.05144
22150 0.387674 0 -1.01011
22200 0.40153 0 -1.05279
22250 0.399911 0 -1.04879
22300 0.378157 0 -0.973986
22350 0.0736522 0 -0.651501
22400 0.399446 0 -1.04918
22450 0.394723 0 -1.0285
22500 0.372208 0 -0.934091
22550 0.0764001 0 -0.641762
22600 0.401243 0 -1.05211
22650 0.400041 0 -1.04656
22700 0.39657 0 -1.02165
22750 0.376442 0 -0.882114
22800 0.401219 0 -1.0511
22850 0.397474 0 -1.03686
22900 0.380658 0 -0.958787
22950 -0.785955 0 0.441478
23000 0.401489 0 -1.05264
23050 0.401179 0 -1.0517
23100 0.400896 0 -1.05041
23150 0.383358 0 -0.984125
23200 0.40158 0 -1.05282
23250 0.401573 0 -1.0528
23300 0.401168 0 -1.0509
23350 0.374212 0 -0.96293
23400 0.400173 0 -1.05106
23450 0.38624 0 -1.01175
23500 0.338129 0 -0.855593
23550 -1.00537 0 0.282601
23600 0.401223 0 -1.05238
23650 0.400539 0 -1.05043
23700 0.399912 0 -1.04845
23750 0.368673 0 -0.964489
23800 0.40158 0 -1.05282
23850 0.401577 0 -1.05281
23900 0.401116 0 -1.05113
23950 0.377318 0 -0.991482
24000 0.400974 0 -1.05256
24050 0.396827 0 -1.04246
24100 0.364213 0 -0.933101
24150 -0.990363 0 0.276423
24200 0.401357 0 -1.05263
24250 0.401048 0 -1.05171
24300 0.400778 0 -1.0507
24350 0.383126 0 -1.00041
24400 0.40158 0 -1.05282
24450 0.40158 0 -1.05282
24500 0.401431 0 -1.05233
24550 0.389897 0 -1.02079
24600 0.401558 0 -1.05281
24650 0.401186 0 -1.05201
24700 0.396703 0 -1.03895
24750 0.33861 0 -0.881392
24800 0.39939 0 -1.05051
24850 0.387199 0 -1.02283
24900 0.352275 0 -0.925781
24950 0.106269 0 -0.763542
25000 0.397894 0 -1.04818
25050 0.387194 0 -1.01894
25100 0.361258 0 -0.943327
25150 0.05902 0 -0.740068
25200 0.400779 0 -1.05191
25250 0.396604 0 -1.04181
25300 0.381252 0 -0.999785
25350 0.0546547 0 -0.716772
25400 0.401338 0 -1.05264
25450 0.399568 0 -1.04863
25500 0.390571 0 -1.02409
25550 0.0400311 0 -0.763452
25600 0.401476 0 -1.05275
25650 0.400458 0 -1.05066
25700 0.395733 0 -1.03758
25750 0.347014 0 -0.919298
25800 0.401396 0 -1.0527
25850 0.399717 0 -1.04907
25900 0.389854 0 -1.01959
25950 0.0493978 0 -0.763339
26000 0.399445 0 -1.05112
26050 0.391921 0 -1.03386
26100 0.367383 0 -0.966232
26150 0.0791223 0 -0.739404
26200 0.400665 0 -1.05203
26250 0.395412 0 -1.04036
26300 0.376797 0 -0.99012
26350 0.0573165 0 -0.768748
26400 0.400988 0 -1.05236
26450 0.397793 0 -1.04534
26500 0.389424 0 -1.02187
26550 0.0506243 0 -0.798017
26600 0.401421 0 -1.0527
26650 0.399967 0 -1.04942
26700 0.39311 0 -1.03022
26750 0.336153 0 -0.870425
26800 0.401265 0 -1.05262
26850 0.398014 0 -1.04598
26900 0.380077 0 -0.986486
26950 0.0356755 0 -0.742467
27000 0.398371 0 -1.0508
27050 0.389589 0 -1.02774
27100 0.367807 0 -0.946987
27150 0.274385 0 -0.708875
27200 0.396234 0 -1.04957
27250 0.378491 0 -1.00446
27300 0.332988 0 -0.848817
27350 0.0180375 0 -0.736742
27400 0.365573 0 -1.01408
27450 0.314804 0 -0.850893
27500 0.0625382 0 -0.645509
27550 -1.03748 0 0.152708
27600 0.399803 0 -1.05106
27650 0.397859 0 -1.04351
27700 0.393492 0 -1.03107
27750 0.345099 0 -0.909054
27800 0.40158 0 -1.05282
27850 0.401541 0 -1.05273
27900 0.399192 0 -1.04539
27950 0.353952 0 -0.940666
28000 0.400324 0 -1.05066
28050 0.389491 0 -1.02181
28100 -1.13163 0 0.406697
28150 -1.06345 0 0.330281
28200 0.391728 0 -1.02165
28250 0.0656019 0 -0.808631
28300 -0.162964 0 -0.705082
28350 -0.318269 0 -1.09008
28400 0.377008 0 -1.01011
28450 0.345325 0 -0.921646
28500 0.0462393 0 -0.612509
28550 -0.201793 0 -1.27276
28600 0.341709 0 -0.986944
28650 -1.08969 0 0.293555
28700 -0.985482 0 0.288764
28750 -0.847398 0 0.29696
28800 0.40157 0 -1.0528
28850 0.401332 0 -1.05227
28900 0.395802 0 -1.03916
28950 -1.06115 0 0.382018
29000 0.40158 0 -1.05282
29050 0.40158 0 -1.05282
29100 0.40158 0 -1.05282
29150 0.401515 0 -1.05262
29200 0.40158 0 -1.05282
29250 0.40158 0 -1.05282
29300 0.40158 0 -1.05282
29350 0.400473 0 -1.04966
29400 0.401579 0 -1.05282
29450 0.401515 0 -1.0527
29500 0.398829 0 -1.04472
29550 0.34088 0 -0.894649
29600 0.400793 0 -1.05209
29650 0.396526 0 -1.04139
29700 0.371608 0 -0.971408
29750 0.0432383 0 -0.64853
29800 0.397359 0 -1.04688
29850 0.382198 0 -1.00409
29900 0.354415 0 -0.924233
29950 -0.999814 0 0.305749
30000 0.401564 0 -1.05281
30050 0.401483 0 -1.05261
30100 0.40133 0 -1.05212
30150 0.385709 0 -1.00934
30200 0.40158 0 -1.05282
30250 0.40158 0 -1.05282
30300 0.401564 0 -1.05275
30350 0.395855 0 -1.03285
30400 0.401551 0 -1.05279
30450 0.400306 0 -1.04948
30500 0.382777 0 -0.976392
30550 -0.847571 0 0.364917
30600 0.401553 0 -1.05279
30650 0.401487 0 -1.05259
30700 0.4014 0 -1.05226
30750 0.393312 0 -1.02369
30800 0.40158 0 -1.05282
30850 0.40158 0 -1.05282
30900 0.401427 0 -1.05216
30950 0.384482 0 -0.994064
31000 0.401426 0 -1.05269
31050 0.399539 0 -1.04766
31100 0.379803 0 -0.982047
31150 0.250249 0 -0.608901
31200 0.394002 0 -1.04151
31250 0.364684 0 -0.951581
31300 0.305318 0 -0.749291
31350 -0.806789 0 0.2861
31400 0.401405 0 -1.05263
31450 0.400905 0 -1.05108
31500 0.399717 0 -1.04732
31550 0.36508 0 -0.944523
31600 0.40158 0 -1.05282
31650 0.401578 0 -1.05281
31700 0.401224 0 -1.0515
31750 0.37365 0 -0.969415
31800 0.401397 0 -1.05267
31850 0.398568 0 -1.0454
31900 0.372411 0 -0.961949
31950 -0.962203 0 0.344615
