200 -0.00937429 0 0.0138196
250 -0.0236805 0 0.0248937
300 -0.0139828 0 0.036239
350 -0.0244123 0 0.0298848
400 -0.00735304 0 0.0130042
450 -0.00662802 0 0.0237717
500 -0.108399 0 0.0898151
550 -0.0213975 0 0.0427123
600 -0.0404986 0 0.0864347
650 -0.0401381 0 0.0681853
700 -0.066241 0 0.0521019
750 -0.117087 0 -0.00813784
800 -0.197859 0 -0.0467086
850 0.043167 0 -0.182215
900 0.0853454 0 -0.440148
950 0.215378 0 -0.895258
1000 0.490456 0 -1.01351
1050 0.188477 0 -1.07593
1100 0.066939 0 -0.862171
1150 0.369189 0 -0.798641
1200 0.539 0 -1.0237
1250 0.488098 0 -1.14322
1300 0.149532 0 -1.29933
1350 0.246122 0 -1.02664
1400 0.525568 0 -1.15587
1450 0.484294 0 -1.11645
1500 0.358664 0 -1.0845
1550 0.271306 0 -1.03523
1600 0.418275 0 -1.05092
1650 0.63032 0 -1.21399
1700 0.453235 0 -1.20845
1750 0.197379 0 -1.25341
1800 0.376856 0 -1.03883
1850 0.44469 0 -1.04146
1900 0.469986 0 -1.09362
1950 0.33856 0 -1.18156
2000 0.354549 0 -1.04662
2050 0.40132 0 -1.07229
2100 0.543662 0 -1.17797
2150 0.401103 0 -1.23979
2200 0.383539 0 -1.09491
2250 0.393943 0 -1.05594
2300 0.489671 0 -1.08249
2350 0.552514 0 -1.16137
2400 0.398166 0 -1.0447
2450 0.388961 0 -1.0404
2500 0.400404 0 -1.0432
2550 0.556117 0 -1.1735
2600 0.390151 0 -1.04426
2650 0.294617 0 -1.14215
2700 0.331823 0 -1.00338
2750 0.649304 0 -1.14205
2800 0.415742 0 -1.03636
2850 0.3798 0 -1.03977
2900 0.31496 0 -1.0351
2950 0.414792 0 -0.988961
3000 0.463693 0 -1.123
3050 0.415722 0 -1.18213
3100 0.231798 0 -1.22627
3150 0.36892 0 -1.04095
3200 0.420906 0 -1.07226
3250 0.40567 0 -1.07321
3300 0.374232 0 -1.07223
3350 0.347524 0 -1.05016
3400 0.407735 0 -1.06027
3450 0.410593 0 -1.0594
3500 0.394915 0 -1.0716
3550 0.332073 0 -1.07289
3600 0.417943 0 -1.06739
3650 0.590491 0 -1.16871
3700 0.453115 0 -1.21897
3750 0.192259 0 -1.28855
3800 0.377159 0 -1.03301
3850 0.436811 0 -1.01964
3900 0.494394 0 -1.10548
3950 0.366614 0 -1.13391
4000 0.370158 0 -1.09194
4050 0.4019 0 -1.076
4100 0.599255 0 -1.26114
4150 0.441178 0 -1.24018
4200 0.383607 0 -1.07854
4250 0.379941 0 -1.06647
4300 0.471102 0 -1.08737
4350 0.509396 0 -1.17374
4400 0.397816 0 -1.04772
4450 0.391552 0 -1.05363
4500 0.441391 0 -1.07529
4550 0.631465 0 -1.2003
4600 0.405404 0 -1.00953
4650 0.276206 0 -1.11455
4700 0.276704 0 -0.97722
4750 0.551694 0 -1.05297
4800 0.411898 0 -1.02517
4850 0.378244 0 -1.02895
4900 0.329626 0 -1.04572
4950 0.400894 0 -1.00179
5000 0.485783 0 -1.14796
5050 0.390558 0 -1.22848
5100 0.224272 0 -1.2733
5150 0.389348 0 -1.09312
5200 0.427302 0 -1.07698
5250 0.410245 0 -1.07615
5300 0.374459 0 -1.07982
5350 0.35227 0 -1.04996
5400 0.405946 0 -1.05754
5450 0.414718 0 -1.06021
5500 0.39022 0 -1.07999
5550 0.324049 0 -1.06429
5600 0.384921 0 -1.02545
5650 0.568991 0 -1.12538
5700 0.52181 0 -1.17479
5750 0.245604 0 -1.17753
5800 0.370613 0 -1.02856
5850 0.416723 0 -1.005
5900 0.505191 0 -1.07304
5950 0.36854 0 -1.09615
6000 0.391312 0 -1.08814
6050 0.391441 0 -1.04348
6100 0.578723 0 -1.18153
6150 0.529597 0 -1.16999
6200 0.387091 0 -1.0483
6250 0.332592 0 -1.06594
6300 0.468578 0 -1.06526
6350 0.571334 0 -1.19245
6400 0.38414 0 -1.06364
6450 0.333244 0 -1.08816
6500 0.328765 0 -0.974201
6550 0.681938 0 -1.18311
6600 0.415092 0 -1.04093
6650 0.362708 0 -1.04415
6700 0.334111 0 -1.01242
6750 0.456108 0 -0.99935
6800 0.431284 0 -1.03028
6850 0.382821 0 -1.0716
6900 0.323924 0 -1.12932
6950 0.376429 0 -1.02199
7000 0.463131 0 -1.10232
7050 0.427129 0 -1.11891
7100 0.279935 0 -1.11858
7150 0.247073 0 -1.00004
7200 0.41859 0 -1.0713
7250 0.41757 0 -1.06814
7300 0.394907 0 -1.09136
7350 0.30724 0 -1.07741
7400 0.40293 0 -1.0466
7450 0.599324 0 -1.18676
7500 0.474005 0 -1.25131
7550 0.207702 0 -1.2705
7600 0.388922 0 -1.04085
7650 0.415213 0 -1.01573
7700 0.470359 0 -1.07909
7750 0.390829 0 -1.06343
7800 0.382714 0 -1.05444
7850 0.412151 0 -1.05447
7900 0.611353 0 -1.17465
7950 0.467948 0 -1.20541
8000 0.398627 0 -1.08507
8050 0.36833 0 -1.03451
8100 0.47499 0 -1.04284
8150 0.553965 0 -1.16087
8200 0.403251 0 -1.04126
8250 0.375362 0 -1.08212
8300 0.409989 0 -1.04285
8350 0.615581 0 -1.17814
8400 0.428362 0 -1.00839
8450 0.297836 0 -1.073
8500 0.236783 0 -0.95653
8550 0.413314 0 -0.883715
8600 0.486283 0 -0.970731
8650 0.428734 0 -1.02161
8700 0.284294 0 -1.0694
8750 0.297439 0 -0.907894
8800 0.432511 0 -1.04977
8850 0.380471 0 -0.969064
8900 0.325781 0 -0.873193
8950 -0.306274 0 0.243109
9000 -1.09333 0 0.587816
9050 -1.05298 0 0.372754
9100 -0.481035 0 -0.20571
9150 -0.301312 0 -0.452765
9200 -0.00587014 0 -0.745344
9250 -0.421654 0 0.258575
9300 0.429083 0 -0.965513
9350 0.219166 0 -1.01966
9400 0.40158 0 -1.05282
9450 0.40158 0 -1.05282
9500 0.401597 0 -1.05281
9550 0.401379 0 -1.05314
9600 0.40158 0 -1.05281
9650 0.401181 0 -1.05173
9700 0.401843 0 -1.04621
9750 0.411143 0 -1.03856
9800 0.411803 0 -1.05322
9850 0.385895 0 -1.03488
9900 0.498489 0 -1.0685
9950 0.510292 0 -1.17007
10000 0.397983 0 -1.05156
10050 0.392072 0 -1.06019
10100 0.467039 0 -1.09143
10150 0.516291 0 -1.15346
10200 0.398424 0 -1.06909
10250 0.361875 0 -1.09704
10300 0.385777 0 -1.05911
10350 0.529133 0 -1.17108
10400 0.384417 0 -1.02598
10450 0.352863 0 -1.07553
10500 0.337914 0 -1.03227
10550 0.457358 0 -1.00164
10600 0.399904 0 -1.03269
10650 0.392451 0 -1.04364
10700 0.347481 0 -1.06813
10750 0.359994 0 -0.988264
10800 0.43828 0 -1.10336
10850 0.397348 0 -1.08977
10900 0.270145 0 -1.11788
10950 0.262494 0 -0.99963
11000 0.416064 0 -1.06873
11050 0.407213 0 -1.06412
11100 0.390842 0 -1.05702
11150 0.351509 0 -1.04513
11200 0.395541 0 -1.02141
11250 0.512925 0 -1.12833
11300 0.420444 0 -1.22152
11350 0.136874 0 -1.20791
11400 0.374986 0 -1.04122
11450 0.450511 0 -1.06276
11500 0.475855 0 -1.13168
11550 0.34058 0 -1.19178
11600 0.382298 0 -1.04739
11650 0.394169 0 -1.05228
11700 0.592218 0 -1.19572
11750 0.380531 0 -1.25536
11800 0.331133 0 -1.10255
11850 0.380762 0 -1.02951
11900 0.558301 0 -1.16228
11950 0.461526 0 -1.14751
12000 0.40091 0 -1.05336
12050 0.398095 0 -1.05084
12100 0.408217 0 -1.04627
12150 0.438678 0 -1.11878
12200 0.39977 0 -1.04868
12250 0.391234 0 -1.05923
12300 0.399481 0 -1.06716
12350 0.54443 0 -1.19761
12400 0.378445 0 -1.03484
12450 0.277747 0 -1.07204
12500 0.297194 0 -0.995087
12550 0.514664 0 -1.07528
12600 0.40171 0 -1.03907
12650 0.387358 0 -1.04554
12700 0.357409 0 -1.04927
12750 0.399858 0 -1.02658
12800 0.4481 0 -1.15357
12850 0.363205 0 -1.20931
12900 0.17462 0 -1.21063
12950 0.258421 0 -0.977828
13000 0.414527 0 -1.06339
13050 0.407069 0 -1.06813
13100 0.383521 0 -1.0818
13150 0.349568 0 -1.05171
13200 0.401792 0 -1.0577
13250 0.417045 0 -1.07226
13300 0.373845 0 -1.1018
13350 0.274468 0 -1.08168
13400 0.386265 0 -1.02626
13450 0.535627 0 -1.15155
13500 0.455104 0 -1.21548
13550 0.143387 0 -1.22878
13600 0.392855 0 -1.04602
13650 0.412404 0 -1.04051
13700 0.432398 0 -1.0804
13750 0.338055 0 -1.11682
13800 0.392817 0 -1.04556
13850 0.390445 0 -1.02497
13900 0.548344 0 -1.11415
13950 0.422043 0 -1.1334
14000 0.388291 0 -1.07248
14050 0.366267 0 -1.0553
14100 0.467349 0 -1.08876
14150 0.518743 0 -1.15001
14200 0.397874 0 -1.04522
14250 0.389867 0 -1.04904
14300 0.406122 0 -1.03544
14350 0.5987 0 -1.17471
14400 0.399103 0 -1.0437
14450 0.29751 0 -1.12268
14500 0.356437 0 -1.02669
14550 0.632855 0 -1.16293
14600 0.402671 0 -1.04985
14650 0.393473 0 -1.0499
14700 0.382032 0 -1.04094
14750 0.413877 0 -1.01227
14800 0.408014 0 -1.01192
14850 0.399897 0 -1.03219
14900 0.361378 0 -1.05063
14950 0.352766 0 -0.928512
15000 0.471663 0 -1.0963
15050 0.459226 0 -1.09488
15100 0.276546 0 -1.08481
15150 0.211759 0 -1.04422
15200 0.383905 0 -0.998807
15250 0.537241 0 -1.17589
15300 0.393492 0 -1.2842
15350 0.140663 0 -1.22657
15400 0.38269 0 -1.06354
15450 0.44791 0 -1.07658
15500 0.424418 0 -1.09432
15550 0.267265 0 -1.23219
15600 0.394768 0 -1.04736
15650 0.402154 0 -1.03552
15700 0.439276 0 -1.08048
15750 0.381028 0 -1.13879
15800 0.372147 0 -1.05171
15850 0.3573 0 -1.02461
15900 0.568666 0 -1.19899
15950 0.443948 0 -1.26108
16000 0.383788 0 -1.07258
16050 0.379813 0 -1.0393
16100 0.458368 0 -1.07588
16150 0.507682 0 -1.1894
16200 0.401005 0 -1.05213
16250 0.397582 0 -1.04947
16300 0.408072 0 -1.03606
16350 0.474085 0 -1.08469
16400 0.395523 0 -1.03348
16450 0.375304 0 -1.04295
16500 0.303957 0 -0.981459
16550 0.646199 0 -1.21458
16600 0.407917 0 -1.04996
16650 0.359782 0 -1.03745
16700 0.328796 0 -1.01697
16750 0.431064 0 -0.975322
16800 0.466054 0 -1.01364
16850 0.393413 0 -1.09642
16900 0.221995 0 -1.17825
16950 0.26574 0 -0.97098
17000 0.440687 0 -1.0833
17050 0.417289 0 -1.08693
17100 0.380644 0 -1.08621
17150 0.304113 0 -1.05325
17200 0.401737 0 -1.04914
17250 0.473281 0 -1.1335
17300 0.387066 0 -1.19353
17350 0.227472 0 -1.15418
17400 0.38942 0 -1.05092
17450 0.472095 0 -1.08527
17500 0.461417 0 -1.14643
17550 0.260182 0 -1.28733
17600 0.39072 0 -1.04219
17650 0.428095 0 -1.04285
17700 0.500393 0 -1.13036
17750 0.337866 0 -1.23547
17800 0.341854 0 -1.13923
17850 0.400175 0 -1.05954
17900 0.589672 0 -1.22191
17950 0.424893 0 -1.28246
18000 0.397668 0 -1.07028
18050 0.386448 0 -1.05878
18100 0.426841 0 -1.06093
18150 0.455652 0 -1.13122
18200 0.400146 0 -1.04951
18250 0.395265 0 -1.05282
18300 0.385168 0 -1.04396
18350 0.514834 0 -1.17182
18400 0.379235 0 -1.0045
18450 0.293366 0 -0.998218
18500 0.260253 0 -0.930103
18550 0.413515 0 -0.918546
18600 0.376411 0 -0.968085
18650 0.375237 0 -1.02507
18700 0.283247 0 -1.02084
18750 0.234866 0 -0.852594
18800 0.440773 0 -1.10773
18850 0.386858 0 -1.08492
18900 0.299233 0 -1.08811
18950 0.211966 0 -0.979463
19000 0.386719 0 -1.07066
19050 0.450809 0 -1.13035
19100 0.352731 0 -1.15935
19150 0.261978 0 -1.13423
19200 0.391627 0 -1.04372
19250 0.441267 0 -1.05498
19300 0.442566 0 -1.07389
19350 0.284315 0 -1.17563
19400 0.395122 0 -1.04201
19450 0.410341 0 -1.02681
19500 0.479861 0 -1.09366
19550 0.355374 0 -1.18921
19600 0.386416 0 -1.08857
19650 0.427524 0 -1.06455
19700 0.628446 0 -1.18921
19750 0.48373 0 -1.30054
19800 0.399487 0 -1.06604
19850 0.396009 0 -1.05791
19900 0.422914 0 -1.06889
19950 0.462458 0 -1.1161
20000 0.401416 0 -1.05233
20050 0.400484 0 -1.05172
20100 0.399664 0 -1.04694
20150 0.460572 0 -1.09726
20200 0.397204 0 -1.07278
20250 0.349144 0 -1.09384
20300 0.378592 0 -1.03589
20350 0.644513 0 -1.17325
20400 0.401955 0 -1.04931
20450 0.380118 0 -1.04125
20500 0.359848 0 -1.02485
20550 0.414204 0 -0.993114
20600 0.390741 0 -1.02006
20650 0.390729 0 -1.03397
20700 0.361477 0 -1.0461
20750 0.321895 0 -0.958609
20800 0.409177 0 -1.10242
20850 0.354291 0 -1.09682
20900 0.26734 0 -1.10697
20950 0.191794 0 -0.987635
21000 0.425786 0 -1.08036
21050 0.433358 0 -1.0779
21100 0.368956 0 -1.08328
21150 0.296856 0 -1.0693
21200 0.386256 0 -1.02929
21250 0.569074 0 -1.18096
21300 0.450098 0 -1.29102
21350 0.124027 0 -1.29633
21400 0.393565 0 -1.04828
21450 0.424482 0 -1.04879
21500 0.44987 0 -1.08555
21550 0.348811 0 -1.17584
21600 0.384661 0 -1.05222
21650 0.40566 0 -1.05844
21700 0.57615 0 -1.18001
21750 0.359234 0 -1.30841
21800 0.38842 0 -1.07499
21850 0.396241 0 -1.05702
21900 0.452767 0 -1.08913
21950 0.451816 0 -1.12151
22000 0.401436 0 -1.05289
22050 0.400223 0 -1.05203
22100 0.409619 0 -1.05045
22150 0.447125 0 -1.10373
22200 0.40095 0 -1.0513
22250 0.398334 0 -1.05494
22300 0.427118 0 -1.08136
22350 0.557685 0 -1.16492
22400 0.38128 0 -1.12191
22450 0.23725 0 -1.10553
22500 0.313092 0 -0.928896
22550 0.653245 0 -1.16715
22600 0.40665 0 -1.04238
22650 0.377434 0 -1.04537
22700 0.362846 0 -1.03918
22750 0.424326 0 -1.02824
22800 0.433552 0 -1.02627
22850 0.40159 0 -1.06184
22900 0.313499 0 -1.08299
22950 0.3692 0 -0.997379
23000 0.452156 0 -1.09324
23050 0.408512 0 -1.11046
23100 0.308198 0 -1.12486
23150 0.281104 0 -1.06131
23200 0.409017 0 -1.06439
23250 0.417016 0 -1.07214
23300 0.383497 0 -1.07736
23350 0.336567 0 -1.09514
23400 0.384252 0 -1.03152
23450 0.512518 0 -1.10835
23500 0.479376 0 -1.20049
23550 0.132984 0 -1.2898
23600 0.385465 0 -1.03806
23650 0.41962 0 -1.02909
23700 0.481143 0 -1.08077
23750 0.377275 0 -1.07307
23800 0.383571 0 -1.07657
23850 0.385999 0 -1.04622
23900 0.609109 0 -1.15597
23950 0.502496 0 -1.20083
24000 0.388239 0 -1.0536
24050 0.366552 0 -1.04912
24100 0.448361 0 -1.04413
24150 0.544766 0 -1.15586
24200 0.390044 0 -1.02192
24250 0.363101 0 -1.05653
24300 0.379971 0 -1.03733
24350 0.563777 0 -1.16286
24400 0.36606 0 -1.00279
24450 0.25169 0 -0.944247
24500 0.225983 0 -0.853929
24550 0.324366 0 -0.762493
24600 -1.15316 0 0.428982
24650 -1.14392 0 0.475804
24700 -1.14242 0 0.402946
24750 -0.0336772 0 -1.08012
24800 0.40172 0 -1.05287
24850 0.401578 0 -1.05281
24900 0.401438 0 -1.05265
24950 0.392211 0 -1.0327
25000 0.405539 0 -1.0501
25050 0.392314 0 -0.987588
25100 -0.589564 0 0.382899
25150 -0.343033 0 0.0620535
25200 0.401721 0 -1.05294
25250 0.401579 0 -1.05277
25300 0.400742 0 -1.05138
25350 0.36939 0 -0.982033
25400 0.385792 0 -0.852856
25450 0.317457 0 -0.414224
25500 0.0554729 0 -0.265391
25550 -0.120529 0 -0.0347448
