200 -0.173055 0 -0.984912
250 -0.346274 0 -0.938133
300 -0.375915 0 -0.926654
350 -0.335647 0 -0.941988
400 -0.982691 0 0.185251
450 -0.834441 0 0.551097
500 -0.880942 0 0.473224
550 -0.967669 0 0.252225
600 -0.986703 0 0.162535
650 -0.999993 0 -0.00374594
700 -0.998915 0 0.0465773
750 -0.9815 0 0.19146
800 -0.985917 0 0.167238
850 -0.979029 0 0.203721
900 -0.998011 0 0.0630471
950 -0.999875 0 0.01583
1000 -0.995512 0 0.0946393
1050 -0.999937 0 0.0112125
1100 -0.999525 0 0.0308162
1150 -0.99665 0 -0.0817799
1200 -0.989658 0 -0.143445
1250 -0.999445 0 -0.0333155
1300 -0.999661 0 0.0260234
1350 -0.999802 0 0.01989
1400 -0.99879 0 -0.0491755
1450 -0.999666 0 -0.0258282
1500 -0.999678 0 -0.0253702
1550 -0.995912 0 0.0903296
1600 -0.999949 0 0.010115
1650 -0.999009 0 -0.0445101
1700 -0.999902 0 -0.0140028
1750 -0.999794 0 -0.0203107
1800 -0.998899 0 -0.04691
1850 -0.998184 0 -0.060239
1900 -0.986978 0 -0.160854
1950 -0.999927 0 0.012042
2000 -0.997131 0 0.0756994
2050 -0.994002 0 0.109365
2100 -0.999409 0 -0.0343755
2150 -0.99973 0 0.0232395
2200 -0.999942 0 0.0107955
2250 -0.997077 0 0.0764003
2300 -0.999854 0 0.0170895
2350 -0.998156 0 -0.0607004
2400 -0.995073 0 -0.0991424
2450 -0.999647 0 -0.0265706
2500 -0.999823 0 -0.0187889
2550 -0.998378 0 -0.056938
2600 -0.991125 0 -0.132937
2650 -0.995383 0 -0.0959853
2700 -0.999992 0 0.003944
2750 -1 0 0.000488859
2800 -0.995271 0 -0.0971354
2850 -0.999826 0 -0.0186735
2900 -0.9949 0 0.100866
2950 -0.995272 0 0.097127
3000 -0.999158 0 0.041019
3050 -0.998719 0 0.0505966
3100 -0.999993 0 0.00362997
3150 -0.998663 0 0.0516946
3200 -0.992391 0 0.123124
3250 -0.999991 0 -0.00433891
3300 -0.996244 0 -0.0865959
3350 -0.993696 0 -0.112109
3400 -0.998986 0 0.0450196
3450 -0.999939 0 0.0110275
3500 -0.998631 0 -0.0523149
3550 -0.999329 0 -0.0366199
3600 -0.99888 0 -0.0473126
3650 -0.999186 0 0.0403306
3700 -0.999741 0 0.022775
3750 -0.997721 0 -0.0674748
3800 -0.999555 0 -0.0298203
3850 -0.997515 0 0.070453
3900 -0.997954 0 0.0639354
3950 -0.99767 0 0.0682211
4000 -0.99974 0 0.0228193
4050 -0.999806 0 0.0196725
4100 -0.996048 0 0.0888155
4150 -0.999975 0 -0.00701315
4200 -0.99325 0 -0.115994
4250 -0.996531 0 -0.0832281
4300 -0.999685 0 0.0251078
4350 -0.999228 0 0.0392865
4400 -0.997338 0 0.0729105
4450 -0.997356 0 -0.0726691
4500 -0.994989 0 -0.0999878
4550 -0.998349 0 0.0574439
4600 -0.99565 0 0.0931745
4650 -0.999932 0 0.0116768
4700 -0.999973 0 -0.00737479
4750 -0.999052 0 0.0435397
4800 -0.983402 0 0.18144
4850 -0.988072 0 0.153989
4900 -0.998154 0 0.0607366
4950 -0.999991 0 0.00431172
5000 -0.999873 0 0.0159343
5050 -0.997069 0 0.076514
5100 -0.999318 0 0.0369236
5150 -0.999718 0 0.0237273
5200 -0.998689 0 -0.0511951
5250 -0.99781 0 0.0661428
5300 -0.999614 0 0.0277919
5350 -0.999995 0 0.00321846
5400 -0.998937 0 -0.0461054
5450 -0.996088 0 -0.0883623
5500 -0.999986 0 -0.00523527
5550 -0.998894 0 -0.0470243
5600 -0.987815 0 -0.155635
5650 -0.998752 0 0.0499538
5700 -0.998188 0 0.0601759
5750 -0.985126 0 0.171833
5800 -0.99046 0 0.137798
5850 -0.999632 0 0.0271293
5900 -0.999876 0 0.0157209
5950 -0.999964 0 -0.00843773
6000 -0.99964 0 -0.026825
6050 -0.997013 0 -0.0772393
6100 -0.993826 0 -0.110946
6150 -0.999315 0 -0.0369948
6200 -0.997818 0 0.0660279
6250 -0.997996 0 0.0632814
6300 -0.999877 0 -0.015665
6350 -0.99996 0 -0.0089142
6400 -0.992163 0 0.12495
6450 -0.997569 0 0.0696815
6500 -0.997906 0 0.0646844
6550 -0.99894 0 0.0460225
6600 -0.99209 0 0.125526
6650 -0.962486 0 0.27133
6700 -0.956134 0 0.292928
6750 -0.958659 0 0.284556
6800 -0.979363 0 0.202111
6850 -0.911411 0 0.411497
6900 -0.905247 0 0.424886
6950 -0.921317 0 0.388811
7000 -0.966818 0 0.255468
7050 -0.981191 0 0.193041
7100 -0.966261 0 0.257566
7150 -0.977846 0 0.209326
7200 -0.952822 0 0.303529
7250 -0.998989 0 0.044961
7300 -0.999162 0 0.0409212
7350 -0.996898 0 0.0787031
7400 -0.987792 0 0.15578
7450 -0.988232 0 0.152963
7500 -0.999986 0 0.00535418
7550 -0.999994 0 -0.00343416
7600 -0.999451 0 0.0331188
7650 -0.998413 0 0.0563177
7700 -0.998736 0 0.0502621
7750 -0.993844 0 -0.110793
7800 -0.998832 0 -0.0483279
7850 -0.999265 0 -0.038342
7900 -0.99973 0 0.0232577
7950 -0.999924 0 -0.0123672
8000 -0.998837 0 0.0482084
8050 -0.998122 0 -0.0612598
8100 -0.999118 0 0.0419942
8150 -0.992762 0 0.120097
8200 -0.996784 0 0.0801296
8250 -0.998315 0 0.0580341
8300 -0.999673 0 0.0255851
8350 -0.972986 0 0.230864
8400 -0.982532 0 0.186096
8450 -0.996273 0 0.0862548
8500 -0.999561 0 -0.0296278
8550 -0.99524 0 0.0974533
8600 -0.97897 0 0.204004
8650 -0.978363 0 0.206895
8700 -0.997508 0 0.0705537
8750 -0.99895 0 0.0458189
8800 -0.999667 0 0.0257983
8850 -0.996597 0 0.0824325
8900 -0.99848 0 0.0551065
8950 -0.995381 0 -0.0960083
9000 -0.998706 0 -0.0508473
9050 -0.997266 0 -0.073892
9100 -0.995464 0 0.0951394
9150 -0.988141 0 -0.15355
9200 -0.999248 0 -0.0387728
9250 -0.991256 0 -0.131954
9300 -0.999403 0 -0.0345445
9350 -0.998347 0 -0.0574664
9400 -0.986685 0 -0.162641
9450 -0.996209 0 -0.0869912
9500 -0.997668 0 0.0682557
9550 -0.997741 0 0.0671776
9600 -0.999451 0 0.0331341
9650 -0.998903 0 -0.0468355
9700 -0.998436 0 -0.0559147
9750 -0.957206 0 0.289407
9800 -0.927271 0 0.37439
9850 -0.847012 0 0.531574
9900 -0.948718 0 0.316123
9950 -0.993371 0 -0.114955
10000 -0.0526678 0 -0.998612
10050 -0.539162 0 -0.842202
10100 0.0474912 0 -0.998872
10150 0.463791 0 -0.885945
10200 0.885337 0 -0.46495
10250 -0.816213 0 0.577751
10300 -0.99798 0 0.0635218
10350 -0.976877 0 -0.213804
10400 -0.89276 0 -0.450532
10450 -0.82033 0 -0.57189
10500 -0.975788 0 -0.218717
10550 0.535734 0 -0.844387
10600 0.715328 0 -0.698788
10650 -0.568959 0 0.822366
10700 -0.325769 0 0.945449
10750 -0.474905 0 0.880037
10800 -0.943747 0 0.330669
10850 -0.981981 0 0.188979
10900 0.555844 0 -0.831287
10950 -0.942761 0 -0.33347
11000 -0.708959 0 0.705249
11050 -0.727618 0 0.685983
11100 -0.948935 0 0.315472
11150 -0.956983 0 0.290145
11200 -0.98166 0 0.190639
11250 -0.943202 0 0.33222
11300 -0.902885 0 0.429882
11350 -0.974726 0 0.223406
11400 -0.996931 0 0.078285
11450 -1 0 0.000168186
11500 -0.983392 0 0.181494
11550 -0.992745 0 0.120237
11600 -0.994529 0 0.104458
11650 -0.999619 0 0.0276037
11700 -0.999984 0 -0.0057431
11750 -0.998721 0 -0.050563
11800 -0.995419 0 0.0956043
11850 -0.999775 0 -0.0212334
11900 -0.991022 0 -0.133697
11950 -0.999993 0 0.00374192
12000 -0.999974 0 -0.00716144
12050 -0.999036 0 0.0438944
12100 -0.997985 0 -0.0634535
12150 -0.992063 0 -0.125739
12200 -0.99799 0 0.0633777
12250 -0.99995 0 -0.00997929
12300 -0.99726 0 0.0739714
12350 -0.999626 0 -0.0273438
12400 -0.999978 0 0.00662119
12450 -0.996419 0 0.0845491
12500 -0.983779 0 0.179384
12550 -0.990972 0 0.134067
12600 -0.999393 0 0.0348382
12650 -0.99994 0 -0.0109767
12700 -0.999301 0 0.037389
12750 -0.998097 0 0.0616651
12800 -0.998288 0 -0.0584912
12850 -0.999323 0 -0.0367839
12900 -0.999853 0 0.0171402
12950 -0.997714 0 -0.0675786
13000 -0.999851 0 -0.0172704
13050 -0.98073 0 -0.195367
13100 -0.999966 0 -0.00827623
13150 -0.990313 0 -0.138855
13200 -0.998765 0 0.0496913
13250 -0.99269 0 -0.120692
13300 -0.987286 0 -0.158955
13350 -0.995312 0 -0.0967157
13400 -0.999991 0 -0.00434048
13450 -0.998115 0 0.0613784
13500 -0.999984 0 -0.00563224
13550 -0.999367 0 -0.0355631
13600 -0.999011 0 -0.0444707
13650 -0.979732 0 0.200314
13700 -0.995557 0 0.094164
13750 -0.991853 0 0.127384
13800 -0.995446 0 0.0953233
13850 -0.96388 0 0.266337
13900 -0.968402 0 0.249393
13950 -0.990661 0 0.136348
14000 -0.99865 0 0.0519486
14050 -0.999915 0 -0.0130253
14100 -0.999931 0 -0.0117466
14150 -0.999749 0 0.0223906
14200 -0.99651 0 -0.0834728
14250 -0.997611 0 -0.0690747
14300 -0.998551 0 -0.053815
14350 -0.984679 0 0.174375
14400 -0.995864 0 0.0908603
14450 -0.999344 0 0.0362057
14500 -0.998788 0 0.0492238
14550 -0.999406 0 0.034462
14600 -0.994437 0 0.105337
14650 -0.998177 0 -0.0603617
14700 -0.994869 0 -0.101169
14750 -0.996501 0 -0.0835855
14800 -0.998895 0 -0.0469995
14850 -0.999637 0 -0.0269243
14900 -0.998628 0 -0.0523605
14950 -0.99101 0 -0.133785
15000 -0.999053 0 -0.0435036
15050 -0.998255 0 0.0590556
15100 -0.999963 0 -0.00862104
15150 -0.999071 0 -0.0430831
15200 -0.999878 0 -0.0156381
15250 -0.996839 0 -0.0794497
15300 -0.999144 0 0.0413635
15350 -0.986968 0 -0.160919
15400 -0.998536 0 -0.0540907
15450 -0.993651 0 -0.112507
15500 -0.999622 0 0.0274896
15550 -0.995524 0 -0.0945041
15600 -0.994638 0 -0.103421
15650 -0.982841 0 -0.184455
15700 -0.999999 0 -0.00158809
15750 -0.998987 0 -0.0449907
15800 -0.991824 0 -0.127616
15850 -0.991218 0 -0.132241
15900 -0.997662 0 -0.0683351
15950 -0.996965 0 -0.0778484
16000 -0.999989 0 -0.00458825
16050 -0.993729 0 -0.111819
16100 -0.997131 0 -0.0756994
16150 -0.990058 0 -0.140662
16200 -0.999605 0 -0.0281196
16250 -0.978787 0 -0.204882
16300 -0.999545 0 -0.0301587
16350 -0.979126 0 -0.203252
16400 -0.99996 0 -0.00897941
16450 -0.995694 0 -0.0927011
16500 -0.991336 0 -0.131352
16550 -0.997033 0 -0.07697
16600 -0.998651 0 -0.0519171
16650 -0.999829 0 -0.0184809
16700 -0.999071 0 -0.0430843
16750 -0.991917 0 -0.126889
16800 -0.999922 0 -0.0124994
16850 -0.993367 0 -0.114984
16900 -0.997248 0 -0.074141
16950 -0.981922 0 -0.189286
17000 -0.997977 0 -0.0635748
17050 -0.996943 0 -0.0781305
17100 -0.999938 0 -0.0111197
17150 -0.994532 0 -0.104436
17200 -0.996932 0 -0.0782776
17250 -0.998134 0 -0.0610652
17300 -0.999923 0 0.0123769
17350 -0.999821 0 -0.0189414
17400 -0.99916 0 -0.0409689
17450 -0.991829 0 -0.127578
17500 -0.99958 0 0.0289798
17550 -0.993801 0 -0.111178
17600 -0.987549 0 -0.157313
17650 -0.976602 0 -0.215054
17700 -0.997743 0 -0.067143
17750 -0.988445 0 -0.15158
17800 -0.998424 0 -0.0561235
17850 -0.987031 0 -0.160528
17900 -0.99619 0 -0.0872141
17950 -0.999979 0 0.00644033
18000 -0.986303 0 0.164943
18050 -0.991897 0 0.127047
18100 -0.99347 0 0.114093
18150 -0.993306 0 -0.115517
18200 -0.99355 0 0.113399
18250 -0.933806 0 0.357781
18300 0.515118 0 -0.857119
18350 0.947222 0 0.320578
18400 0.0565021 0 -0.998402
18450 -0.00288058 0 -0.999996
18500 0.0101537 0 -0.999948
18550 -0.13245 0 -0.99119
18600 -0.117163 0 -0.993113
18650 -0.347797 0 -0.93757
18700 -0.22015 0 -0.975466
18750 -0.0351659 0 -0.999381
18800 0.0778887 0 -0.996962
18850 0.140844 0 -0.990032
18900 0.15288 0 -0.988245
