200 0 0 -0.0197437
250 0 0 -0.0209152
300 0 0 -0.0231918
350 0 0 -0.0279272
400 0 0 -0.0227065
450 0 0 -0.024849
500 0 0 -0.0300824
550 0 0 -0.0287958
600 0 0 -0.0295644
650 0 0 -0.0318067
700 0 0 -0.0202583
750 0 0 -0.130605
800 0 0 -0.402456
850 0 0 -0.6468
900 0 0 -0.727681
950 0 0 -0.862886
1000 0 0 -1.05127
1050 0 0 -1.04908
1100 0 0 -1.1188
1150 0 0 -1.08845
1200 0 0 -1.07165
1250 0 0 -0.965683
1300 0 0 -1.01951
1350 0 0 -1.01497
1400 0 0 -0.731209
1450 0 0 -0.171309
1500 0 0 -0.47253
1550 0 0 -0.424491
1600 0 0 -0.299088
1650 0 0 -0.607807
1700 0 0 -0.837774
1750 0 0 -0.845244
1800 0 0 -0.847314
1850 0 0 -0.79387
1900 0 0 -0.68878
1950 0 0 -0.842969
2000 0 0 -0.88642
2050 0 0 -0.768115
2100 0 0 -0.794892
2150 0 0 -0.7225
2200 0 0 -0.877588
2250 0 0 -0.895634
2300 0 0 -0.965877
2350 0 0 -0.87718
2400 0 0 -0.844734
2450 0 0 -0.855125
2500 0 0 -0.931751
2550 0 0 -1.11811
2600 0 0 -0.943557
2650 0 0 -0.870405
2700 0 0 -0.775389
2750 0 0 -0.842547
2800 0 0 -0.866712
2850 0 0 -1.07344
2900 0 0 -0.817392
2950 0 0 -0.854874
3000 0 0 -0.901566
3050 0 0 -1.1059
3100 0 0 -1.09721
3150 0 0 -1.20221
3200 0 0 -1.20503
3250 0 0 -1.20881
3300 0 0 -1.09801
3350 0 0 -1.10308
3400 0 0 -1.12165
3450 0 0 -1.16006
3500 0 0 -0.919628
3550 0 0 -0.929887
3600 0 0 -1.02696
3650 0 0 -1.04094
3700 0 0 -1.03847
3750 0 0 -1.16727
3800 0 0 -1.23887
3850 0 0 -1.17129
3900 0 0 -1.25481
3950 0 0 -1.30774
4000 0 0 -1.34691
4050 0 0 -1.25786
4100 0 0 -1.31701
4150 0 0 -1.20098
4200 0 0 -1.14016
4250 0 0 -1.06158
4300 0 0 -1.11425
4350 0 0 -0.837959
4400 0 0 -0.394049
4450 0 0 -0.0905926
4500 0 0 -0.186244
4550 0 0 -0.675547
4600 0 0 -0.648851
4650 0 0 -0.5028
4700 0 0 -0.509666
4750 0 0 -0.59549
4800 0 0 -0.600706
4850 0 0 -0.782512
4900 0 0 -0.832204
4950 0 0 -0.693169
5000 0 0 -0.757536
5050 0 0 -0.673565
5100 0 0 -0.704485
5150 0 0 -0.626919
5200 0 0 -0.747219
5250 0 0 -0.843739
5300 0 0 -0.998765
5350 0 0 -0.921176
5400 0 0 -0.983296
5450 0 0 -0.938917
5500 0 0 -0.934329
5550 0 0 -0.878525
5600 0 0 -0.796796
5650 0 0 -0.705393
5700 0 0 -0.769415
5750 0 0 -0.838607
5800 0 0 -0.788348
5850 0 0 -0.966853
5900 0 0 -0.933917
5950 0 0 -0.920899
6000 0 0 -0.803516
6050 0 0 -0.937734
6100 0 0 -0.824446
6150 0 0 -0.706782
6200 0 0 -0.796254
6250 0 0 -1.05347
6300 0 0 -0.871647
6350 0 0 -0.909587
6400 0 0 -0.926731
6450 0 0 -1.04246
6500 0 0 -1.07968
6550 0 0 -1.12265
6600 0 0 -1.14186
6650 0 0 -1.19345
6700 0 0 -1.21175
6750 0 0 -1.20971
6800 0 0 -1.20062
6850 0 0 -1.21465
6900 0 0 -1.22326
6950 0 0 -1.2456
7000 0 0 -1.19916
7050 0 0 -1.20682
7100 0 0 -1.26371
7150 0 0 -1.24053
7200 0 0 -1.31034
7250 0 0 -1.23034
7300 0 0 -1.27868
7350 0 0 -1.24958
7400 0 0 -1.30653
7450 0 0 -1.2007
7500 0 0 -1.28709
7550 0 0 -1.17179
7600 0 0 -1.21416
7650 0 0 -1.15593
7700 0 0 -1.22701
7750 0 0 -1.25299
7800 0 0 -1.26041
7850 0 0 -1.1612
7900 0 0 -1.23432
7950 0 0 -1.22384
8000 0 0 -1.23179
8050 0 0 -1.1377
8100 0 0 -1.10359
8150 0 0 -1.11656
8200 0 0 -1.1081
8250 0 0 -0.999186
8300 0 0 -0.929171
8350 0 0 -1.04791
8400 0 0 -1.01761
8450 0 0 -1.13356
8500 0 0 -1.09029
8550 0 0 -1.13358
8600 0 0 -1.13358
8650 0 0 -1.17524
8700 0 0 -1.07286
8750 0 0 -1.13276
8800 0 0 -0.989028
8850 0 0 -0.551623
8900 0 0 -0.556385
8950 0 0 -0.809376
9000 0 0 -0.413035
9050 0 0 -0.62872
9100 0 0 -0.787392
9150 0 0 -0.990012
9200 0 0 -0.944845
9250 0 0 -1.0977
9300 0 0 -0.969003
9350 0 0 -0.97987
9400 0 0 -1.06486
9450 0 0 -0.841993
9500 0 0 -0.695044
9550 0 0 -0.769645
9600 0 0 -0.945459
9650 0 0 -1.26104
9700 0 0 -1.02985
9750 0 0 -1.09197
9800 0 0 -0.904087
9850 0 0 -0.821168
9900 0 0 -0.970093
9950 0 0 -0.95485
10000 0 0 -0.842281
10050 0 0 -0.831802
10100 0 0 -0.916978
10150 0 0 -0.79902
10200 0 0 -0.926588
10250 0 0 -0.920988
10300 0 0 -1.10122
10350 0 0 -1.08115
10400 0 0 -1.21796
10450 0 0 -1.22801
10500 0 0 -1.25625
10550 0 0 -1.14688
10600 0 0 -1.22553
10650 0 0 -1.23888
10700 0 0 -1.23196
10750 0 0 -1.07431
10800 0 0 -1.11404
10850 0 0 -1.16153
10900 0 0 -1.01327
10950 0 0 -1.10159
11000 0 0 -1.08189
11050 0 0 -1.17762
11100 0 0 -1.14972
11150 0 0 -1.15879
11200 0 0 -1.08525
11250 0 0 -1.26122
11300 0 0 -1.14113
11350 0 0 -1.1795
11400 0 0 -1.02632
11450 0 0 -1.03597
11500 0 0 -0.868906
11550 0 0 -0.492408
11600 0 0 -0.303555
11650 0 0 -0.602303
11700 0 0 -0.621926
11750 0 0 -0.712692
11800 0 0 -0.613237
11850 0 0 -0.98468
11900 0 0 -0.98995
11950 0 0 -1.05227
12000 0 0 -0.745943
12050 0 0 -0.768848
12100 0 0 -0.98016
12150 0 0 -1.10542
12200 0 0 -1.06006
12250 0 0 -1.05174
12300 0 0 -1.00121
12350 0 0 -0.965086
12400 0 0 -0.863253
12450 0 0 -0.995967
12500 0 0 -0.88904
12550 0 0 -0.924067
12600 0 0 -0.941007
12650 0 0 -0.886375
12700 0 0 -1.08163
12750 0 0 -1.05636
12800 0 0 -0.946823
12850 0 0 -0.988953
12900 0 0 -1.01747
12950 0 0 -0.795352
13000 0 0 -0.824116
13050 0 0 -0.785663
13100 0 0 -0.929458
13150 0 0 -0.999155
13200 0 0 -0.764571
13250 0 0 -0.875108
13300 0 0 -0.986789
13350 0 0 -1.00517
13400 0 0 -0.93618
13450 0 0 -0.67668
13500 0 0 -0.696628
13550 0 0 -0.610772
13600 0 0 -0.926483
13650 0 0 -0.718371
13700 0 0 -0.816329
13750 0 0 -0.8181
13800 0 0 -0.826916
13850 0 0 -0.679007
13900 0 0 -0.681425
13950 0 0 -0.708839
14000 0 0 -0.626888
14050 0 0 -0.858497
14100 0 0 -0.658593
14150 0 0 -0.582256
14200 0 0 -0.922237
14250 0 0 -1.0117
14300 0 0 -1.10342
14350 0 0 -1.24165
14400 0 0 -1.32175
14450 0 0 -1.31129
14500 0 0 -1.34902
14550 0 0 -1.28331
14600 0 0 -1.33946
14650 0 0 -1.26869
14700 0 0 -1.29059
14750 0 0 -1.24384
14800 0 0 -1.2577
14850 0 0 -1.29021
14900 0 0 -1.37112
14950 0 0 -1.23499
15000 0 0 -1.3385
15050 0 0 -1.28064
15100 0 0 -1.25273
15150 0 0 -1.17842
15200 0 0 -1.30074
15250 0 0 -1.22169
15300 0 0 -1.21575
15350 0 0 -1.1834
15400 0 0 -1.24937
15450 0 0 -1.23693
15500 0 0 -1.19846
15550 0 0 -1.07873
15600 0 0 -1.07651
15650 0 0 -1.10458
15700 0 0 -1.05537
15750 0 0 -1.05474
15800 0 0 -1.08557
15850 0 0 -1.06379
15900 0 0 -0.951593
15950 0 0 -0.92853
16000 0 0 -0.73182
16050 0 0 -0.570062
16100 0 0 -0.304806
16150 0 0 -0.235092
16200 0 0 -0.0673355
16250 0 0 -0.0984308
16300 0 0 -0.0447246
16350 0 0 -0.054544
16400 0 0 -0.0339668
16450 0 0 -0.0274357
16500 0 0 -0.0113951
16550 0 0 -0.00328173
16600 0 0 -0.0408086
16650 0 0 -0.0282469
16700 0 0 -0.0279711
16750 0 0 -0.0262351
16800 0 0 -0.0307814
16850 0 0 -0.0273959
16900 0 0 -0.031179
16950 0 0 -0.0364903
17000 0 0 -0.0216699
