200 -0.0174554 0 0.028536
250 -0.0148584 0 0.0283864
300 -0.0223868 0 0.0410768
350 -0.000191681 0 0.0169255
400 -0.0115357 0 0.015498
450 -0.0142582 0 0.0191291
500 -0.0129398 0 0.00547381
550 -0.00948319 0 0.0133763
600 -0.0132205 0 0.0215662
650 -0.014579 0 0.0309872
700 -0.00688222 0 0.0175847
750 -0.012399 0 0.0272657
800 -0.0123229 0 0.0306457
850 -0.0149386 0 0.0179223
900 -0.00929133 0 0.0210649
950 -0.016424 0 0.0275781
1000 -0.0103369 0 0.024664
1050 -0.00852718 0 0.0147603
1100 0.0187804 0 -0.00714167
1150 0.0425359 0 -0.0788977
1200 -0.0825642 0 -0.155154
1250 -0.13978 0 -0.299056
1300 -0.164357 0 -0.298477
1350 0.0816466 0 -0.507656
1400 0.179514 0 -0.637123
1450 0.0869351 0 -0.632034
1500 0.00554848 0 -0.519667
1550 -0.0898428 0 -0.618053
1600 -0.182127 0 -0.701742
1650 0.0707419 0 -0.751746
1700 0.0416697 0 -0.77044
1750 0.0973634 0 -0.840088
1800 -0.0864591 0 -0.791922
1850 -0.205029 0 -0.729259
1900 -0.225564 0 -0.705308
1950 -0.0422436 0 -0.726186
2000 -0.0195737 0 -0.802923
2050 -0.0510521 0 -0.603924
2100 0.00365491 0 -0.58376
2150 -0.114958 0 -0.521195
2200 -0.132344 0 -0.366834
2250 -0.0334759 0 -0.461965
2300 -0.0074129 0 -0.496709
2350 0.0395425 0 -0.528823
2400 0.0127876 0 -0.552459
2450 -0.123443 0 -0.5685
2500 -0.0844401 0 -0.488392
2550 -0.0784323 0 -0.504699
2600 0.0931832 0 -0.558808
2650 0.0925143 0 -0.528521
2700 0.0417702 0 -0.456621
2750 -0.0425921 0 -0.642489
2800 -0.114559 0 -0.643707
2850 -0.00815643 0 -0.756655
2900 0.123567 0 -1.03232
2950 0.134008 0 -0.998754
3000 0.0617517 0 -1.13849
3050 -0.0943156 0 -1.03375
3100 -0.00898097 0 -0.958268
3150 0.0206299 0 -1.02624
3200 0.0152388 0 -1.04787
3250 -0.0819566 0 -1.38454
3300 -0.0447905 0 -1.35967
3350 -0.00438255 0 -1.30927
3400 0.125063 0 -1.27979
3450 -0.0493137 0 -1.21529
3500 0.0323669 0 -1.25449
3550 0.0562812 0 -1.27908
3600 -0.0712303 0 -1.45128
3650 0.0535107 0 -1.45217
3700 0.238108 0 -1.39726
3750 0.15 0 -1.30706
3800 0.200617 0 -1.3252
3850 -0.092003 0 -1.42241
3900 0.0257056 0 -1.41777
3950 -0.00763709 0 -1.36901
4000 0.0632908 0 -1.45496
4050 -0.0466147 0 -1.55027
4100 0.0766902 0 -1.43874
4150 -0.0568794 0 -1.45581
4200 0.122362 0 -1.41613
4250 0.0279996 0 -1.4735
4300 0.0144877 0 -1.50103
4350 -0.0717729 0 -1.56555
4400 0.173789 0 -1.50112
4450 0.0533558 0 -1.49491
4500 0.0620927 0 -1.31334
4550 0.105323 0 -1.19906
4600 0.254818 0 -1.22789
4650 0.0844878 0 -1.33061
4700 0.197851 0 -1.21828
4750 0.20297 0 -1.26915
4800 0.207545 0 -1.12831
4850 0.131107 0 -1.15377
4900 0.0703099 0 -1.18016
4950 0.273994 0 -1.06473
5000 0.2082 0 -1.16921
5050 0.182066 0 -1.05912
5100 0.105338 0 -1.22762
5150 0.057753 0 -1.04246
5200 0.150379 0 -0.970526
5250 0.130513 0 -0.994568
5300 0.0670194 0 -0.906943
5350 0.0541919 0 -1.07766
5400 -0.032019 0 -0.919797
5450 0.109138 0 -0.996575
5500 0.176595 0 -0.909035
5550 0.0920034 0 -0.79752
5600 -0.00084479 0 -0.869846
5650 0.0917904 0 -0.681403
5700 0.331233 0 -0.780299
5750 0.319363 0 -0.682578
5800 0.0525453 0 -0.814973
5850 0.104811 0 -0.760456
5900 -0.023897 0 -0.765152
5950 0.0369374 0 -0.671342
6000 0.225668 0 -0.852406
6050 0.140906 0 -0.654309
6100 0.10785 0 -0.588744
6150 -0.0223128 0 -0.653837
6200 0.0131053 0 -0.551851
6250 0.110335 0 -0.530027
6300 0.0563752 0 -0.513561
6350 -0.0949074 0 -0.508808
6400 -0.0824681 0 -0.63201
6450 -0.142242 0 -0.694645
6500 0.0246913 0 -0.624719
6550 0.0506547 0 -0.734539
6600 -0.0121582 0 -0.693132
6650 0.027237 0 -0.693028
6700 -0.0880962 0 -0.724436
6750 -0.10588 0 -0.595058
6800 0.0991266 0 -0.592836
6850 0.0329643 0 -0.546152
6900 -0.0544966 0 -0.503829
6950 -0.455905 0 0.269509
7000 -0.521843 0 0.275782
7050 -0.349294 0 -0.148919
7100 -0.161053 0 -0.0615702
7150 0.0252627 0 0.00914405
7200 0.0415371 0 -0.0797044
7250 0.00678338 0 -0.030009
7300 -0.00644242 0 0.0203204
7350 -0.0153747 0 0.0039305
7400 -0.0244117 0 0.0372329
7450 -0.0175754 0 0.0533802
7500 -0.0183456 0 0.0425412
7550 -0.020999 0 0.0273348
7600 -0.0212472 0 0.00773328
7650 -0.0239911 0 -0.0102345
7700 -0.0119131 0 -0.112387
7750 0.078153 0 -0.2234
7800 0.152087 0 -0.407432
7850 0.182612 0 -0.406525
7900 -0.00794693 0 -0.430456
7950 -0.145944 0 -0.677432
8000 -0.335829 0 -0.0839239
8050 -0.03007 0 -0.822832
8100 0.0363458 0 -0.781732
8150 0.0475458 0 -0.730098
8200 -0.0202594 0 -0.972234
8250 -0.0286948 0 -0.880416
8300 -0.0584064 0 -0.793072
8350 -0.0140448 0 -1.00022
8400 0.0163381 0 -0.969949
8450 -0.139455 0 -1.13198
8500 -0.117635 0 -1.24887
8550 0.0497515 0 -1.20525
8600 0.165363 0 -1.19194
8650 0.155896 0 -1.1757
8700 0.0392783 0 -1.16248
8750 0.0233794 0 -1.12935
8800 0.0992163 0 -1.3057
8850 0.0262433 0 -1.23013
8900 0.143769 0 -1.38359
8950 0.127927 0 -1.2816
9000 0.186104 0 -1.38498
9050 0.1829 0 -1.26646
9100 0.194051 0 -1.43235
9150 0.186379 0 -1.27034
9200 0.270471 0 -1.32722
9250 0.434826 0 -1.13327
9300 0.231477 0 -1.2648
9350 0.248688 0 -1.30463
9400 0.11571 0 -1.388
9450 0.197807 0 -1.3667
9500 0.166539 0 -1.38972
9550 0.219879 0 -1.32515
9600 0.112173 0 -1.42647
9650 0.0172789 0 -1.28832
9700 -0.0284174 0 -1.37099
9750 -0.0684225 0 -1.28024
9800 0.103177 0 -1.2391
9850 0.115405 0 -1.20703
9900 0.170256 0 -1.22691
9950 0.1854 0 -1.2679
10000 0.26664 0 -1.35325
10050 0.136604 0 -1.40539
10100 0.090417 0 -1.44732
10150 0.0580493 0 -1.4253
10200 0.249604 0 -1.45054
10250 -0.0458133 0 -1.35503
10300 0.0928295 0 -1.44394
10350 -0.0436688 0 -1.45951
10400 0.0775387 0 -1.54946
10450 0.0294751 0 -1.46939
10500 0.123274 0 -1.35433
10550 -0.0571922 0 -1.47787
10600 0.0632324 0 -1.38355
10650 0.0939074 0 -1.51486
10700 0.13512 0 -1.43451
10750 0.0338329 0 -1.53595
10800 -0.00220966 0 -1.56092
10850 -0.0580598 0 -1.51765
10900 0.00674853 0 -1.21506
10950 -0.014821 0 -1.4412
11000 0.00759188 0 -1.52362
11050 -0.0910167 0 -1.32564
11100 0.144366 0 -1.22609
11150 -0.182418 0 -1.23936
11200 -0.125091 0 -1.25651
11250 -0.176474 0 -1.31358
11300 0.0286771 0 -1.31622
11350 0.0151092 0 -1.18486
11400 -0.0390076 0 -1.02411
11450 0.011953 0 -0.955156
11500 -0.0121344 0 -0.958726
11550 0.0833691 0 -1.17766
11600 0.0845223 0 -1.07928
11650 0.0955465 0 -1.16729
11700 0.0512435 0 -0.940745
11750 0.0141507 0 -1.01321
11800 0.0504861 0 -0.93155
11850 0.0552814 0 -0.912192
11900 -0.0395718 0 -1.00717
11950 -0.07178 0 -0.824698
12000 0.0361887 0 -1.02342
12050 -0.0184308 0 -0.932753
12100 0.0117296 0 -0.87225
12150 -0.0281711 0 -1.12031
12200 0.0132341 0 -0.932966
12250 0.179115 0 -1.06862
12300 0.270285 0 -0.93954
12350 0.255448 0 -0.982915
12400 0.0928289 0 -1.11042
12450 -0.0123256 0 -1.22286
12500 0.111824 0 -1.21709
12550 0.0822588 0 -0.991283
12600 0.0400988 0 -0.925248
12650 -0.139612 0 -0.925586
12700 -0.0602427 0 -0.760819
12750 0.0751245 0 -0.970128
12800 0.0928767 0 -0.885999
12850 0.130666 0 -0.856738
12900 -0.116658 0 -1.0064
12950 -0.0774564 0 -0.784667
13000 0.00983457 0 -0.887568
13050 -0.0385898 0 -0.818493
13100 0.0821317 0 -0.753306
13150 -0.056875 0 -0.95248
13200 -0.0988044 0 -0.908565
13250 -0.00605502 0 -0.958837
13300 0.110603 0 -0.93992
13350 0.00515851 0 -0.883418
13400 0.0322488 0 -0.963129
13450 -0.0940799 0 -0.874559
13500 0.00201932 0 -0.681776
13550 -0.019109 0 -0.88711
13600 -0.129673 0 -0.698974
13650 -0.0107434 0 -0.685095
13700 -0.0919245 0 -0.825249
13750 0.0838778 0 -0.748999
13800 0.0707212 0 -0.76693
13850 0.16063 0 -0.742256
13900 0.160958 0 -0.671816
13950 0.157848 0 -0.815407
14000 0.0721936 0 -0.914018
14050 0.209888 0 -0.730224
14100 0.339168 0 -0.883185
14150 0.193449 0 -0.825062
14200 0.129485 0 -0.757625
14250 0.0855384 0 -0.784693
14300 0.00632901 0 -0.587873
14350 0.180411 0 -0.614786
14400 0.134816 0 -0.574819
14450 0.0433645 0 -0.614375
14500 0.140522 0 -0.750247
14550 0.077175 0 -0.796435
14600 0.27895 0 -0.560225
14650 0.275707 0 -0.700339
14700 0.0923816 0 -0.75098
14750 0.19802 0 -0.629377
14800 0.00847636 0 -0.779508
14850 -0.0642644 0 -0.832095
14900 0.0941546 0 -0.690864
14950 0.231755 0 -0.743644
15000 0.0808086 0 -0.736922
15050 -0.0950091 0 -0.718388
15100 -0.0262675 0 -0.923353
15150 0.00811478 0 -0.936944
15200 0.132333 0 -0.986235
15250 0.100264 0 -1.12006
15300 -0.0233341 0 -1.07051
15350 0.0103727 0 -1.14282
15400 -0.0014437 0 -1.06425
15450 0.00746898 0 -1.06897
15500 0.105645 0 -1.12371
15550 0.1919 0 -1.06611
15600 0.236548 0 -1.27184
15650 0.132692 0 -1.19756
15700 0.362689 0 -1.30945
15750 0.228371 0 -1.20845
15800 -0.0596 0 -1.30432
15850 -0.0510447 0 -1.37422
15900 0.032508 0 -1.36626
15950 0.102328 0 -1.2926
16000 0.182311 0 -1.38244
16050 0.176072 0 -1.31353
16100 0.0781857 0 -1.23538
16150 0.0325319 0 -1.26992
16200 0.02977 0 -1.27052
16250 -0.143209 0 -1.37822
16300 -0.102171 0 -1.40544
16350 -0.0346643 0 -1.47967
16400 -0.0437815 0 -1.31391
16450 -0.0161229 0 -1.29136
16500 0.0159066 0 -1.27514
16550 -0.0178516 0 -1.38286
16600 0.0198616 0 -1.29214
16650 -0.0126214 0 -1.36807
16700 0.0392662 0 -1.22477
16750 0.0692535 0 -1.26777
16800 0.158251 0 -1.17938
16850 0.118832 0 -1.32919
16900 0.162935 0 -1.34567
16950 0.0553717 0 -1.51263
17000 0.000246589 0 -1.30842
17050 -0.0775908 0 -1.33903
17100 0.231786 0 -1.30822
17150 -0.0218242 0 -1.39127
17200 -0.0126565 0 -1.27991
17250 -0.0373796 0 -1.27897
17300 0.25822 0 -1.21225
17350 0.190374 0 -1.27203
17400 0.0782804 0 -1.26455
17450 0.139586 0 -1.19486
17500 0.156505 0 -1.14994
17550 0.155761 0 -1.07568
17600 0.175403 0 -0.99355
17650 0.141391 0 -0.992006
17700 0.0401866 0 -1.00112
17750 0.0578064 0 -0.834274
17800 0.20528 0 -1.05435
17850 0.126165 0 -0.892667
17900 0.0200859 0 -0.938914
17950 0.0383874 0 -0.83171
18000 0.0515172 0 -0.945138
18050 0.16846 0 -0.941035
18100 0.0733952 0 -0.936722
18150 0.0805771 0 -1.00723
18200 0.172424 0 -0.83753
18250 0.112027 0 -0.839381
18300 0.077187 0 -0.853989
18350 0.0289543 0 -1.03012
18400 -0.0602524 0 -0.942871
18450 0.00409847 0 -0.758023
18500 -0.0385014 0 -0.913746
18550 -0.0242724 0 -0.7138
18600 -0.148032 0 -0.889899
18650 -0.150837 0 -0.833657
18700 0.0900352 0 -0.882551
18750 0.141071 0 -0.882146
18800 0.204507 0 -0.888884
18850 0.0956997 0 -1.03223
18900 0.0519144 0 -0.846045
18950 0.161203 0 -0.967392
19000 0.125435 0 -0.921954
19050 0.0956636 0 -0.859438
19100 0.00923722 0 -1.04708
19150 -0.0507698 0 -0.885622
19200 0.0228154 0 -1.06366
19250 0.0609111 0 -0.907793
19300 0.0890986 0 -0.888859
19350 0.0229646 0 -1.10034
19400 0.0377838 0 -0.865224
19450 0.101687 0 -0.93409
19500 0.177946 0 -0.820587
19550 0.00914933 0 -0.727859
19600 0.097507 0 -0.807217
19650 0.00244857 0 -0.89276
19700 0.087526 0 -0.792052
19750 0.14292 0 -1.02605
19800 0.152815 0 -0.765554
19850 0.213954 0 -0.793366
19900 -0.0916762 0 -0.755403
19950 -0.012516 0 -0.689308
20000 0.0586307 0 -0.719889
20050 0.0524157 0 -0.659135
20100 0.0743534 0 -0.741736
20150 0.0139894 0 -0.723352
20200 0.000518143 0 -0.741129
20250 0.0848917 0 -0.62341
20300 0.15485 0 -0.770331
20350 0.107853 0 -0.727103
20400 -0.0125584 0 -0.742252
20450 -0.0549418 0 -0.760644
20500 -0.0218791 0 -0.703595
20550 0.122765 0 -0.5561
20600 0.234502 0 -0.468918
20650 0.220979 0 -0.564281
20700 0.0582082 0 -0.440172
20750 0.00764798 0 -0.546298
20800 -0.106324 0 -0.702084
20850 -0.0387492 0 -0.597999
20900 0.158951 0 -0.415239
20950 0.277874 0 -0.580813
21000 0.10484 0 -0.495218
21050 -0.00539469 0 -0.488033
21100 -0.0465774 0 -0.612066
21150 -0.0125448 0 -0.497746
21200 0.130678 0 -0.441935
21250 0.279943 0 -0.36252
21300 0.296321 0 -0.470928
21350 0.111431 0 -0.366079
21400 0.0287045 0 -0.384924
21450 -0.295004 0 0.0466619
21500 -0.144994 0 -0.0182018
21550 -0.00402346 0 0.0863701
21600 0.0891438 0 -0.335199
21650 0.153689 0 -0.38625
21700 0.0102151 0 -0.365689
21750 -0.0204846 0 -0.497167
21800 -0.424174 0 -0.0322376
21850 -0.0635731 0 -0.697708
21900 0.0704875 0 -0.648723
21950 0.108234 0 -0.752031
22000 0.201893 0 -0.767848
22050 0.0330558 0 -0.770725
22100 0.202232 0 -0.956227
22150 0.247576 0 -0.992829
22200 0.511377 0 -1.11109
22250 0.493081 0 -1.14963
22300 0.356636 0 -1.08449
22350 0.148359 0 -1.22933
22400 0.244292 0 -1.07015
22450 0.323288 0 -1.21664
22500 0.299173 0 -1.0806
22550 0.310395 0 -1.16064
22600 0.382765 0 -1.38777
22650 0.532058 0 -1.25222
22700 0.575099 0 -1.15184
22750 0.526969 0 -1.06951
22800 0.379532 0 -1.30721
22850 0.291853 0 -1.18694
22900 -0.0863395 0 -1.25304
22950 0.0571032 0 -1.06278
23000 0.0286715 0 -1.27351
23050 0.132744 0 -1.13346
23100 0.00816056 0 -1.22089
23150 0.0868126 0 -1.21063
23200 -0.0215483 0 -1.26508
23250 0.176131 0 -1.08054
23300 0.293237 0 -1.11098
23350 0.302116 0 -1.07905
23400 0.306007 0 -1.2601
23450 0.281156 0 -1.15179
23500 0.272763 0 -1.11535
23550 0.35421 0 -0.975932
23600 0.0452378 0 -1.23693
23650 0.114645 0 -1.19181
23700 0.228174 0 -1.25646
23750 0.213259 0 -1.20414
23800 0.284476 0 -1.17462
23850 0.109848 0 -1.35892
23900 0.14753 0 -1.15927
23950 0.0105258 0 -1.20172
24000 0.0847698 0 -1.05269
24050 0.210199 0 -1.25709
24100 0.127037 0 -1.17957
24150 0.172237 0 -1.25737
24200 0.0672384 0 -1.2626
24250 0.148168 0 -1.3905
24300 0.241997 0 -1.24133
24350 0.216027 0 -1.36186
24400 0.145897 0 -1.28488
24450 0.128895 0 -1.42362
24500 0.228499 0 -1.35798
24550 0.272836 0 -1.31593
24600 0.182394 0 -1.26873
24650 0.061728 0 -1.40885
24700 0.0652157 0 -1.39784
24750 -0.054716 0 -1.4734
24800 0.012595 0 -1.47029
24850 0.0560293 0 -1.50891
24900 0.263531 0 -1.45548
24950 0.295636 0 -1.38489
25000 0.352731 0 -1.33287
25050 0.235097 0 -1.37775
25100 0.280403 0 -1.42641
25150 0.176279 0 -1.39865
25200 0.206165 0 -1.31629
25250 0.09833 0 -1.41044
25300 0.236864 0 -1.41682
25350 0.26831 0 -1.26859
25400 0.232814 0 -1.41131
25450 0.112032 0 -1.35423
25500 0.0898257 0 -1.30877
25550 0.10314 0 -1.37422
25600 0.155329 0 -1.32982
25650 0.0142909 0 -1.48927
25700 0.0846302 0 -1.41163
25750 0.113826 0 -1.42838
25800 0.0988815 0 -1.41418
25850 0.231975 0 -1.34046
25900 0.313535 0 -1.25419
25950 0.0883893 0 -1.4004
26000 0.0730559 0 -1.36919
26050 0.0633882 0 -1.50051
26100 0.218383 0 -1.38141
26150 0.370382 0 -1.402
26200 0.297597 0 -1.42754
26250 0.0687348 0 -1.47915
26300 0.154789 0 -1.32932
26350 0.095689 0 -1.42351
26400 0.11257 0 -1.30252
26450 -0.0331988 0 -1.43498
26500 0.104256 0 -1.38931
26550 -0.00731843 0 -1.50803
26600 -0.00926434 0 -1.48989
26650 -0.00773668 0 -1.49917
26700 0.159839 0 -1.47481
26750 0.133258 0 -1.5098
26800 0.104211 0 -1.4481
26850 -0.0378239 0 -1.61901
26900 0.184028 0 -1.50232
26950 0.203687 0 -1.56543
27000 0.327345 0 -1.42611
27050 0.25856 0 -1.60608
27100 0.258303 0 -1.53371
27150 0.152034 0 -1.62948
27200 0.160906 0 -1.46093
27250 0.206373 0 -1.48777
27300 0.203809 0 -1.33635
27350 0.130716 0 -1.48789
27400 0.0382605 0 -1.53381
27450 0.118301 0 -1.5336
27500 0.187803 0 -1.55681
27550 0.292646 0 -1.50355
27600 -0.0198025 0 -1.46391
27650 -0.0141459 0 -1.55115
27700 0.202583 0 -1.44496
27750 0.26405 0 -1.43709
27800 0.20972 0 -1.49958
27850 0.235579 0 -1.47917
27900 -0.0178951 0 -1.4825
27950 0.134191 0 -1.57604
28000 0.143392 0 -1.56597
28050 0.261982 0 -1.42394
28100 0.107692 0 -1.52332
28150 0.115863 0 -1.62882
28200 0.0759432 0 -1.62326
28250 0.158372 0 -1.53678
28300 -0.0485012 0 -1.37528
28350 -0.0796384 0 -1.27631
28400 -0.159937 0 -1.25684
28450 -0.109567 0 -1.24741
28500 -0.0600742 0 -1.27955
28550 -0.041899 0 -1.35269
28600 0.110602 0 -1.31755
28650 0.146287 0 -1.3308
28700 0.139646 0 -1.28329
28750 0.140393 0 -1.13473
28800 -0.0319326 0 -1.17996
28850 0.0708905 0 -1.06859
28900 0.194825 0 -1.19739
28950 0.181359 0 -1.03563
29000 0.175527 0 -1.26149
29050 0.0855159 0 -1.06332
29100 0.174197 0 -1.16021
29150 0.193681 0 -1.07337
29200 -0.0532368 0 -1.17997
29250 -0.219803 0 -1.25443
29300 -0.113554 0 -1.12713
29350 0.0385761 0 -1.17387
29400 0.105784 0 -1.03798
29450 0.00448684 0 -1.24931
29500 0.079564 0 -0.977813
29550 0.0860704 0 -1.12409
29600 0.131258 0 -1.00633
29650 -0.00731229 0 -0.986368
29700 -0.0768418 0 -0.970904
29750 -0.0686806 0 -0.773888
29800 -0.0661646 0 -0.949627
29850 0.0867774 0 -0.749056
29900 0.0843181 0 -0.835014
29950 0.000410785 0 -0.981657
30000 0.0174338 0 -0.818975
30050 0.0681823 0 -1.02036
30100 -0.0204716 0 -0.801437
30150 -0.0542121 0 -0.894993
30200 -0.0606415 0 -0.826399
30250 0.0263707 0 -0.836916
30300 0.170964 0 -0.810081
30350 0.0752602 0 -0.688409
30400 0.0969379 0 -0.753354
30450 0.066816 0 -0.530345
30500 0.146015 0 -0.590095
30550 0.18191 0 -0.701817
30600 -0.0589136 0 -0.556544
30650 -0.116218 0 -0.632722
30700 -0.120687 0 -0.53281
30750 0.0586605 0 -0.357846
30800 0.241564 0 -0.430459
30850 0.119802 0 -0.367759
30900 -0.0947504 0 -0.376073
30950 -0.201579 0 -0.232192
31000 -0.357194 0 0.114727
31050 -0.233266 0 0.0593509
31100 -0.18145 0 0.0700759
31150 -0.00308243 0 0.0539552
31200 0.039444 0 0.0286756
31250 0.0193881 0 0.0650745
31300 0.00237668 0 0.0572876
31350 0.00831237 0 0.00592067
31400 -0.00230755 0 0.020353
31450 -0.00605679 0 0.0277785
31500 -0.0180497 0 0.0231656
31550 -0.0196221 0 0.0174469
31600 -0.0169301 0 0.0225246
31650 -0.0156143 0 0.0122498
31700 -0.0179411 0 0.0198901
31750 -0.0136172 0 0.0343034
31800 -0.0140094 0 0.0341181
31850 -0.0215012 0 0.0176145
31900 -0.0188559 0 0.0212828
31950 -0.0123922 0 0.0266424
