200 -0.00995633 0 0.0458093
250 -0.00311172 0 0.0244988
300 -0.00910485 0 0.0169653
350 -0.00651069 0 0.00319857
400 -0.0108626 0 0.00315643
450 -0.014535 0 0.0132998
500 -0.0110286 0 0.015958
550 -0.0109237 0 0.0149961
600 -0.0102253 0 0.0145926
650 -0.0064746 0 0.0218365
700 -0.00928852 0 0.0122451
750 -0.0214647 0 -0.133704
800 -0.333649 0 -0.151459
850 0.0183243 0 -0.390105
900 0.348725 0 -0.75762
950 0.650691 0 -1.09954
1000 0.368904 0 -1.0893
1050 0.147368 0 -0.972198
1100 0.316039 0 -0.874045
1150 0.643041 0 -1.05821
1200 0.556844 0 -1.10762
1250 0.257222 0 -1.13052
1300 0.358023 0 -1.01737
1350 0.468213 0 -1.05931
1400 0.491233 0 -1.10464
1450 0.370589 0 -1.1159
1500 0.167025 0 -1.05807
1550 0.404251 0 -0.96084
1600 0.657743 0 -1.12231
1650 0.436334 0 -1.11176
1700 0.287497 0 -1.12493
1750 0.342459 0 -1.01251
1800 0.517476 0 -1.08962
1850 0.455793 0 -1.1216
1900 0.2554 0 -1.18248
1950 0.186532 0 -0.984342
2000 0.505624 0 -1.02431
2050 0.629955 0 -1.13531
2100 0.390098 0 -1.14027
2150 0.156745 0 -1.07504
2200 0.423219 0 -0.954674
2250 0.803677 0 -1.14621
2300 0.510481 0 -1.22066
2350 0.178112 0 -1.22807
2400 0.387346 0 -1.02343
2450 0.724641 0 -1.17104
2500 0.534216 0 -1.19259
2550 0.21483 0 -1.23819
2600 0.333198 0 -1.07137
2650 0.7188 0 -1.19157
2700 0.599204 0 -1.20968
2750 0.223627 0 -1.22807
2800 0.21045 0 -1.02807
2850 0.642832 0 -1.15314
2900 0.693254 0 -1.2718
2950 0.263296 0 -1.22912
3000 0.195963 0 -1.02577
3050 0.556605 0 -1.05929
3100 0.713617 0 -1.23181
3150 0.316644 0 -1.19476
3200 0.204209 0 -1.07366
3250 0.462884 0 -1.04854
3300 0.655441 0 -1.23191
3350 0.410849 0 -1.21693
3400 0.29063 0 -1.12382
3450 0.431584 0 -1.04761
3500 0.619741 0 -1.13297
3550 0.440121 0 -1.15426
3600 0.255812 0 -1.20825
3650 0.406969 0 -1.05746
3700 0.658165 0 -1.16449
3750 0.48845 0 -1.14881
3800 0.261158 0 -1.15039
3850 0.279682 0 -0.959776
3900 0.70786 0 -1.16015
3950 0.685069 0 -1.30309
4000 0.207138 0 -1.2623
4050 0.18558 0 -0.9728
4100 0.450016 0 -0.982896
4150 0.617901 0 -1.20479
4200 0.318917 0 -1.19498
4250 0.126995 0 -1.05624
4300 0.435151 0 -0.966572
4350 0.747634 0 -1.18408
4400 0.43264 0 -1.17193
4450 0.158738 0 -1.19522
4500 0.356039 0 -0.992452
4550 0.691971 0 -1.11822
4600 0.52587 0 -1.13793
4650 0.189654 0 -1.23616
4700 0.191673 0 -0.971908
4750 0.617888 0 -1.05594
4800 0.672062 0 -1.17999
4850 0.301047 0 -1.24463
4900 0.173024 0 -1.09042
4950 0.529407 0 -1.0311
5000 0.768437 0 -1.20637
5050 0.388991 0 -1.26297
5100 0.0877718 0 -1.1802
5150 0.356616 0 -0.954286
5200 0.713391 0 -1.18996
5250 0.49595 0 -1.18114
5300 0.171968 0 -1.13423
5350 0.303207 0 -1.01078
5400 0.668087 0 -1.1777
5450 0.566298 0 -1.22859
5500 0.206281 0 -1.20167
5550 0.167846 0 -0.965083
5600 0.6442 0 -1.14111
5650 0.642184 0 -1.22516
5700 0.260733 0 -1.16384
5750 0.0935953 0 -1.0077
5800 0.559056 0 -1.06332
5850 0.753199 0 -1.23197
5900 0.320173 0 -1.16264
5950 0.151377 0 -1.0622
6000 0.398742 0 -0.958585
6050 0.670916 0 -1.16782
6100 0.396188 0 -1.09367
6150 0.275854 0 -0.944362
6200 0.274093 0 -0.806133
6250 0.209538 0 -0.532826
6300 0.0715423 0 -0.193346
6350 0.0353201 0 -0.121703
6400 0.024178 0 -0.129253
6450 -0.00480283 0 -0.0942161
6500 -0.0043746 0 -0.0598863
6550 -0.00117651 0 -0.0272037
6600 0.00115128 0 -0.00585308
6650 -0.00503243 0 0.00844897
6700 -0.0120519 0 0.0147753
6750 -0.0129771 0 0.0125246
6800 -0.0126161 0 0.0187421
6850 -0.0132445 0 0.0216281
6900 -0.0131802 0 0.020794
6950 -0.0131226 0 0.0252404
7000 -0.00897481 0 0.0228263
7050 -0.0142986 0 0.0277766
7100 -0.0160774 0 0.0263781
7150 -0.0144121 0 0.0263116
7200 -0.0136294 0 0.0354064
7250 -0.0132073 0 0.0242599
7300 -0.0125557 0 0.0255096
7350 -0.01026 0 0.0214723
7400 -0.00653509 0 0.0143531
7450 -0.00597359 0 0.0157697
7500 -0.0355475 0 -0.0566912
7550 -0.0954081 0 -0.117082
7600 0.0668116 0 -0.480496
7650 0.439097 0 -0.866308
7700 0.478175 0 -1.075
7750 0.249143 0 -1.08861
7800 0.266824 0 -0.96566
7850 0.407229 0 -0.920126
7900 0.602934 0 -1.06596
7950 0.400313 0 -1.0258
8000 0.181865 0 -1.09692
8050 0.282938 0 -0.882708
8100 0.699282 0 -1.09991
8150 0.608745 0 -1.19471
8200 0.280642 0 -1.11483
8250 0.26631 0 -0.953098
8300 0.468954 0 -0.991899
8350 0.600691 0 -1.14175
8400 0.350918 0 -1.1468
8450 0.268925 0 -1.03027
8500 0.404895 0 -0.973551
8550 0.643941 0 -1.13874
8600 0.490077 0 -1.13725
8650 0.189186 0 -1.11795
8700 0.276901 0 -0.949495
8750 0.649868 0 -1.10158
8800 0.604127 0 -1.20029
8850 0.204775 0 -1.2474
8900 0.159224 0 -0.979873
8950 0.518987 0 -1.005
9000 0.659487 0 -1.18426
9050 0.298485 0 -1.10489
9100 0.209807 0 -1.12181
9150 0.462205 0 -1.04599
9200 0.674123 0 -1.19799
9250 0.413179 0 -1.17684
9300 0.185724 0 -1.1424
9350 0.367663 0 -1.02243
9400 0.646267 0 -1.18228
9450 0.45145 0 -1.1792
9500 0.145617 0 -1.19378
9550 0.278331 0 -0.945013
9600 0.79608 0 -1.24739
9650 0.57143 0 -1.35284
9700 0.16799 0 -1.30905
9750 0.243937 0 -0.952928
9800 0.633076 0 -1.12447
9850 0.618251 0 -1.27031
9900 0.276743 0 -1.18229
9950 0.208018 0 -1.06136
10000 0.535761 0 -1.06812
10050 0.760259 0 -1.27352
10100 0.336758 0 -1.28943
10150 0.169193 0 -1.08603
10200 0.533511 0 -1.03462
10250 0.748444 0 -1.28436
10300 0.369229 0 -1.32708
10350 0.201229 0 -1.15265
10400 0.452314 0 -1.05754
10450 0.700718 0 -1.16229
10500 0.441327 0 -1.13913
10550 0.267757 0 -1.10325
10600 0.36496 0 -0.991796
10650 0.537104 0 -1.07571
10700 0.514985 0 -1.13921
10750 0.227668 0 -1.17904
10800 0.241545 0 -0.919147
10850 0.579774 0 -1.05497
10900 0.613359 0 -1.16885
10950 0.238032 0 -1.19297
11000 0.140294 0 -1.02379
11050 0.539544 0 -1.04471
11100 0.717628 0 -1.2151
11150 0.350275 0 -1.20277
11200 0.155305 0 -1.09023
11250 0.455305 0 -1.04144
11300 0.716182 0 -1.20941
11350 0.385925 0 -1.17111
11400 0.161854 0 -1.12539
11450 0.338861 0 -0.898098
11500 0.801147 0 -1.21028
11550 0.601144 0 -1.22685
11600 0.193454 0 -1.24618
11650 0.254555 0 -0.951655
11700 0.663918 0 -1.08994
11750 0.651941 0 -1.22084
11800 0.239474 0 -1.21307
11850 0.212655 0 -1.01135
11900 0.464659 0 -1.03089
11950 0.53649 0 -1.12085
12000 0.318933 0 -1.11899
12050 0.154518 0 -0.962534
12100 0.42676 0 -0.970795
12150 0.689947 0 -1.21286
12200 0.341342 0 -1.20319
12250 0.188123 0 -1.05272
12300 0.390138 0 -0.935566
12350 0.631212 0 -1.10538
12400 0.446295 0 -1.16201
12450 0.144465 0 -1.15214
12500 0.39104 0 -1.01393
12550 0.820075 0 -1.24171
12600 0.565663 0 -1.29346
12650 0.205081 0 -1.17656
12700 0.273019 0 -0.959613
12750 0.680056 0 -1.10208
12800 0.578082 0 -1.18719
12850 0.226323 0 -1.17193
12900 0.149946 0 -0.893592
12950 0.437681 0 -0.891574
13000 0.501997 0 -0.774895
13050 0.363257 0 -0.58765
13100 0.118157 0 -0.375242
13150 -0.0181707 0 -0.200517
13200 -0.034714 0 0.0229802
13250 0.0139557 0 -0.0698797
13300 0.061906 0 -0.110625
13350 0.0339036 0 -0.0751807
13400 -0.0121574 0 -0.0781265
13450 0.0111237 0 -0.0742611
13500 -0.0147237 0 -0.032282
13550 -0.015831 0 -0.174756
13600 0.0225811 0 -0.0216312
13650 -0.00912084 0 -0.08517
13700 -0.37967 0 0.187618
13750 -0.576725 0 0.101235
13800 0.157484 0 -0.204432
13850 0.1081 0 -0.178463
13900 0.0421128 0 -0.115252
13950 -0.00686314 0 -0.0960811
14000 0.00841062 0 -0.0108804
14050 -0.0156862 0 0.00645849
14100 -0.0123713 0 0.0117708
14150 -0.00665807 0 0.00580525
14200 -0.00457388 0 0.0107398
14250 -0.011003 0 0.0130372
14300 -0.00365574 0 0.00125764
14350 -0.0140353 0 -0.000586647
14400 -0.0191986 0 0.0179025
14450 -0.017914 0 0.0396932
14500 -0.00741354 0 0.0293512
14550 -0.00151355 0 0.0395543
14600 -0.0200771 0 0.0717271
14650 -0.0118229 0 0.0985904
