200 -0.00668663 0 0.0226011
250 -0.0110056 0 0.0192831
300 -0.0130571 0 0.0230762
350 -0.0116681 0 0.0185549
400 -0.0139688 0 0.0307558
450 -0.0250694 0 0.071819
500 -0.05228 0 0.0830382
550 -0.0360219 0 0.0176338
600 -0.0163539 0 -0.00526615
650 0.0283059 0 -0.0984974
700 -0.409429 0 -0.0704299
750 -0.425884 0 -0.0230272
800 -0.557435 0 0.0823431
850 -0.698513 0 0.311521
900 -0.794371 0 0.362874
950 -0.883169 0 0.305377
1000 -0.932668 0 0.219163
1050 -0.841945 0 0.314364
1100 -0.789236 0 0.458462
1150 -0.912177 0 0.371063
1200 -0.981465 0 0.276328
1250 -1.08092 0 0.233391
1300 -1.06151 0 0.3601
1350 -1.06089 0 0.322791
1400 -1.17604 0 0.346474
1450 -1.20205 0 0.268124
1500 -1.17457 0 0.420988
1550 -1.1624 0 0.443414
1600 -1.22856 0 0.411036
1650 -1.27972 0 0.335442
1700 -1.27844 0 0.551597
1750 -1.23845 0 0.507773
1800 -1.23499 0 0.434367
1850 -1.18664 0 0.388861
1900 -1.20991 0 0.543795
1950 -1.2391 0 0.477706
2000 -1.35482 0 0.443452
2050 -1.31466 0 0.439354
2100 -1.26082 0 0.635051
2150 -1.24188 0 0.534186
2200 -1.30852 0 0.45579
2250 -1.2982 0 0.425679
2300 -1.25576 0 0.564389
2350 -1.13203 0 0.465199
2400 -1.23387 0 0.423982
2450 -1.2438 0 0.387725
2500 -1.32506 0 0.525486
2550 -1.20081 0 0.470654
2600 -1.31542 0 0.397112
2650 -1.27678 0 0.414569
2700 -1.2572 0 0.534814
2750 -1.15895 0 0.486398
2800 -1.31341 0 0.412717
2850 -1.28289 0 0.410107
2900 -1.2908 0 0.540039
2950 -1.22629 0 0.45951
3000 -1.2277 0 0.409703
3050 -1.15293 0 0.429001
3100 -1.27406 0 0.496336
3150 -1.15923 0 0.457668
3200 -1.25766 0 0.337238
3250 -1.21781 0 0.422287
3300 -1.33053 0 0.515812
3350 -1.28582 0 0.438319
3400 -1.23227 0 0.343614
3450 -1.1725 0 0.427846
3500 -1.32955 0 0.49694
3550 -1.29543 0 0.412843
3600 -1.24125 0 0.309217
3650 -1.18411 0 0.353426
3700 -1.27545 0 0.474312
3750 -1.24282 0 0.453385
3800 -1.16255 0 0.332387
3850 -1.11147 0 0.360425
3900 -1.20242 0 0.515415
3950 -1.13213 0 0.447462
4000 -1.17781 0 0.361498
4050 -1.16182 0 0.421591
4100 -1.2317 0 0.550921
4150 -1.11377 0 0.440741
4200 -1.10507 0 0.328589
4250 -1.08984 0 0.407091
4300 -1.18218 0 0.550826
4350 -1.07142 0 0.479517
4400 -1.07205 0 0.395334
4450 -0.988912 0 0.418943
4500 -1.03662 0 0.507792
4550 -1.01476 0 0.446575
4600 -1.08553 0 0.297338
4650 -1.03257 0 0.299501
4700 -1.04105 0 0.531756
4750 -0.997755 0 0.427261
4800 -1.07055 0 0.314434
4850 -1.09238 0 0.293671
4900 -1.08436 0 0.43024
4950 -1.1409 0 0.431025
5000 -1.11822 0 0.415511
5050 -1.21113 0 0.308508
5100 -1.20791 0 0.468077
5150 -1.2312 0 0.459268
5200 -1.22586 0 0.402193
5250 -1.20001 0 0.343912
5300 -1.15089 0 0.445954
5350 -1.26544 0 0.455423
5400 -1.19706 0 0.430332
5450 -1.17434 0 0.317112
5500 -1.19568 0 0.421348
5550 -1.27383 0 0.485453
5600 -1.21693 0 0.37848
5650 -1.2391 0 0.230579
5700 -1.22924 0 0.390082
5750 -1.38623 0 0.501085
5800 -1.32977 0 0.441874
5850 -1.29816 0 0.286272
5900 -1.26943 0 0.430399
5950 -1.30338 0 0.498643
6000 -1.23211 0 0.430225
6050 -1.22942 0 0.305518
6100 -1.22353 0 0.374756
6150 -1.2745 0 0.459421
6200 -1.16866 0 0.385622
6250 -1.14098 0 0.284489
6300 -1.07542 0 0.377548
6350 -1.13727 0 0.535296
6400 -1.05849 0 0.448746
6450 -1.11084 0 0.397909
6500 -1.01108 0 0.384407
6550 -1.07782 0 0.487481
6600 -1.00754 0 0.435572
6650 -1.07956 0 0.349263
6700 -1.02353 0 0.325459
6750 -1.01139 0 0.472031
6800 -0.846642 0 0.374269
6850 -0.893546 0 0.299287
6900 -0.905352 0 0.193644
6950 -0.852147 0 0.370597
7000 -1.03276 0 0.460318
7050 -1.09954 0 0.405417
7100 -1.23987 0 0.284688
7150 -1.06943 0 0.404642
7200 -1.12354 0 0.557285
7250 -1.13021 0 0.448411
7300 -1.14623 0 0.382114
7350 -1.21446 0 0.382982
7400 -1.25486 0 0.482744
7450 -1.27017 0 0.417392
7500 -1.23325 0 0.318134
7550 -1.20127 0 0.391003
7600 -1.30986 0 0.519353
7650 -1.22495 0 0.426786
7700 -1.20888 0 0.331953
7750 -1.17648 0 0.394277
7800 -1.2418 0 0.550531
7850 -1.25838 0 0.448998
7900 -1.29183 0 0.359983
7950 -1.2326 0 0.374583
8000 -1.21478 0 0.514664
8050 -1.23995 0 0.511522
8100 -1.28528 0 0.427867
8150 -1.19155 0 0.38381
8200 -1.21784 0 0.526196
8250 -1.15047 0 0.458591
8300 -1.26497 0 0.373062
8350 -1.24517 0 0.35134
8400 -1.26858 0 0.523212
8450 -1.2045 0 0.45479
8500 -1.23385 0 0.398199
8550 -1.19764 0 0.382228
8600 -1.17668 0 0.559577
8650 -1.1235 0 0.430667
8700 -1.28036 0 0.355241
8750 -1.24256 0 0.317212
8800 -1.2382 0 0.483006
8850 -1.20986 0 0.436457
8900 -1.31171 0 0.310625
8950 -1.2501 0 0.33139
9000 -1.25607 0 0.501548
9050 -1.23667 0 0.432613
9100 -1.27243 0 0.248409
9150 -1.21399 0 0.284268
9200 -1.30646 0 0.479087
9250 -1.29577 0 0.43763
9300 -1.30708 0 0.386463
9350 -1.23422 0 0.355286
9400 -1.22054 0 0.548308
9450 -1.14601 0 0.454743
9500 -1.24908 0 0.373211
9550 -1.17861 0 0.350805
9600 -1.22642 0 0.538103
9650 -1.23294 0 0.463184
9700 -1.29007 0 0.367567
9750 -1.27075 0 0.349684
9800 -1.25615 0 0.532677
9850 -1.26475 0 0.466736
9900 -1.31323 0 0.398285
9950 -1.22134 0 0.421958
10000 -1.12737 0 0.60218
10050 -1.08071 0 0.488261
10100 -1.21303 0 0.425773
10150 -1.14584 0 0.340976
10200 -1.02279 0 0.516769
10250 -0.842673 0 0.402249
10300 -0.881333 0 0.425212
10350 -0.952376 0 0.338443
10400 -0.998137 0 0.494425
10450 -0.90607 0 0.42259
10500 -0.92196 0 0.409446
10550 -0.947971 0 0.312872
10600 -0.947371 0 0.474423
10650 -0.985964 0 0.431775
10700 -0.937946 0 0.317781
10750 -1.12165 0 0.20168
10800 -1.10419 0 0.345412
10850 -1.00277 0 0.398529
10900 -1.02214 0 0.390047
10950 -1.12144 0 0.317862
11000 -1.14948 0 0.325284
11050 -1.17613 0 0.480336
11100 -1.15116 0 0.416997
11150 -1.15411 0 0.35941
11200 -1.18187 0 0.309725
11250 -1.21475 0 0.477017
11300 -1.18915 0 0.368825
11350 -1.26893 0 0.335466
11400 -1.25435 0 0.246567
11450 -1.21803 0 0.471681
11500 -1.13867 0 0.400347
11550 -1.2087 0 0.309285
11600 -1.24598 0 0.237647
11650 -1.24018 0 0.43173
11700 -1.23072 0 0.413684
11750 -1.23783 0 0.369082
11800 -1.28642 0 0.272835
11850 -1.245 0 0.425779
11900 -1.26737 0 0.43122
11950 -1.22355 0 0.378933
12000 -1.2572 0 0.28092
12050 -1.17006 0 0.405378
12100 -1.28081 0 0.420283
12150 -1.26377 0 0.381701
12200 -1.20389 0 0.275346
12250 -1.16912 0 0.352166
12300 -1.24134 0 0.386472
12350 -1.11081 0 0.360313
12400 -1.1881 0 0.2263
12450 -1.15799 0 0.307282
12500 -1.20842 0 0.419428
12550 -1.06755 0 0.344718
12600 -1.09399 0 0.284848
12650 -1.05457 0 0.268951
12700 -1.02865 0 0.394585
12750 -0.694307 0 0.277862
12800 -0.564264 0 0.12951
12850 -0.200697 0 0.0290038
12900 -0.128766 0 0.17997
12950 -0.18032 0 0.181576
13000 0.0151295 0 0.0842196
13050 -0.0352957 0 0.0382657
13100 -0.0255027 0 0.0649315
13150 -0.0704092 0 0.073754
13200 -0.0288608 0 0.0407005
13250 -0.0292832 0 0.0399942
13300 -0.0162247 0 0.0215906
13350 0.0128098 0 0.00781357
13400 0.0118565 0 0.0110677
13450 0.00177882 0 0.02772
13500 -0.0170281 0 0.0191498
13550 -0.00251542 0 0.026289
13600 0.000945635 0 0.0380135
13650 -0.011325 0 0.0298411
