200 -0.0097256 0 0.0171822
250 -0.00869547 0 0.0190219
300 -0.00650682 0 0.0222603
350 -0.0184045 0 0.0210048
400 -0.0167896 0 0.0152871
450 -0.0178176 0 0.0173207
500 -0.0165514 0 0.0251197
550 -0.0111245 0 0.0265601
600 -0.0115608 0 0.0272103
650 -0.0110381 0 0.02983
700 0.0181328 0 -0.00903317
750 0.0625656 0 -0.114644
800 0.0219083 0 -0.40186
850 -0.128727 0 -0.633861
900 -0.138561 0 -0.714367
950 -0.0483116 0 -0.861533
1000 0.0519824 0 -1.04999
1050 -0.0133668 0 -1.04899
1100 -0.184216 0 -1.10353
1150 -0.200172 0 -1.06988
1200 -0.0367139 0 -1.07155
1250 -0.0864269 0 -0.966588
1300 -0.190697 0 -1.00365
1350 -0.0537937 0 -1.01404
1400 0.423102 0 -0.556675
1450 0.170612 0 0.0181652
1500 -0.0344099 0 0.469869
1550 -0.0286775 0 0.429332
1600 0.130411 0 0.518735
1650 -0.0081977 0 0.712749
1700 -0.0645574 0 0.793878
1750 0.119958 0 0.81561
1800 0.282316 0 0.903356
1850 0.145421 0 0.819387
1900 0.0717003 0 0.687831
1950 0.138959 0 0.829803
2000 0.248281 0 0.839115
2050 0.116073 0 0.753817
2100 -0.00955534 0 0.794055
2150 0.101264 0 0.714363
2200 0.24872 0 0.835965
2250 0.167583 0 0.871654
2300 0.0344838 0 0.96824
2350 0.0913276 0 0.871725
2400 0.148285 0 0.831226
2450 0.17104 0 0.841765
2500 -0.00247477 0 0.930415
2550 0.0477223 0 1.1172
2600 0.0969849 0 1.01166
2650 0.0511714 0 0.923062
2700 -0.0273931 0 0.809781
2750 0.268901 0 0.808312
2800 0.768253 0 0.358621
2850 1.06559 0 -0.0702495
2900 0.585332 0 -0.56544
2950 0.0450555 0 -0.85096
3000 -0.218847 0 -0.866807
3050 -0.148704 0 -1.07822
3100 -0.0518561 0 -1.11037
3150 -0.193382 0 -1.20196
3200 -0.149245 0 -1.20184
3250 -0.0795501 0 -1.21144
3300 0.010619 0 -1.1016
3350 -0.143687 0 -1.09246
3400 -0.279578 0 -1.1097
3450 -0.112486 0 -1.15858
3500 -0.148911 0 -0.903418
3550 -0.124482 0 -0.921612
3600 -0.184672 0 -1.00604
3650 -0.0568554 0 -1.0359
3700 0.0552074 0 -1.03582
3750 -0.0189221 0 -1.16808
3800 -0.156746 0 -1.22683
3850 -0.065609 0 -1.17382
3900 0.0200645 0 -1.25662
3950 -0.0663521 0 -1.30729
4000 -0.18516 0 -1.32739
4050 -0.0339329 0 -1.25657
4100 0.0788357 0 -1.31615
4150 -0.0167948 0 -1.20125
4200 -0.0961106 0 -1.13942
4250 -0.104098 0 -1.06754
4300 -0.1308 0 -1.10728
4350 -0.241783 0 -0.802256
4400 -0.159286 0 -0.360203
4450 0.0352757 0 -0.0801551
4500 0.083889 0 0.175544
4550 0.0335664 0 0.684769
4600 0.0271085 0 0.75901
4650 0.0694593 0 0.525219
4700 0.113953 0 0.555745
4750 -0.0197188 0 0.589052
4800 -0.0129213 0 0.620883
4850 0.212668 0 0.758476
4900 0.280002 0 0.781013
4950 0.0761964 0 0.689458
5000 -0.0411601 0 0.799985
5050 0.123914 0 0.653904
5100 0.202157 0 0.678986
5150 0.119961 0 0.609672
5200 0.00160271 0 0.784764
5250 0.0950831 0 0.841596
5300 0.182058 0 0.98681
5350 0.0889275 0 0.910746
5400 -0.0793412 0 1.04078
5450 0.0395694 0 0.950218
5500 0.0952996 0 0.940739
5550 0.119699 0 0.869794
5600 0.0151332 0 0.798625
5650 0.100154 0 0.700752
5700 0.189805 0 0.743971
5750 0.137396 0 0.826898
5800 -0.00400352 0 0.810425
5850 0.0578151 0 0.978277
5900 0.182213 0 0.918721
5950 0.147098 0 0.915438
6000 0.0100795 0 0.833838
6050 0.0426066 0 0.949654
6100 0.0423846 0 0.83246
6150 -0.0736258 0 0.706067
6200 -0.730701 0 0.329452
6250 -1.05316 0 -0.0897185
6300 -0.744102 0 -0.451829
6350 -0.314836 0 -0.849708
6400 0.00223608 0 -0.794452
6450 -0.0157719 0 -0.977312
6500 -0.120179 0 -1.0734
6550 -0.0399932 0 -1.12568
6600 0.137142 0 -1.13079
6650 -0.0404524 0 -1.20647
6700 -0.12667 0 -1.2052
6750 -0.0254562 0 -1.20861
6800 0.0281261 0 -1.19857
6850 -0.0381674 0 -1.21136
6900 -0.21228 0 -1.20111
6950 -0.122667 0 -1.23962
7000 0.0343943 0 -1.19047
7050 -0.0390846 0 -1.20934
7100 -0.171141 0 -1.25609
7150 -0.109534 0 -1.23602
7200 0.0185683 0 -1.3161
7250 -0.0543163 0 -1.2327
7300 -0.20401 0 -1.26403
7350 -0.10139 0 -1.24592
7400 -0.000834676 0 -1.31046
7450 -0.0265369 0 -1.20271
7500 -0.145698 0 -1.28069
7550 -0.159171 0 -1.16066
7600 -0.0143158 0 -1.21512
7650 -0.00186814 0 -1.15932
7700 -0.129009 0 -1.22255
7750 -0.215735 0 -1.23623
7800 -0.123172 0 -1.25568
7850 -0.0134109 0 -1.17049
7900 -0.128028 0 -1.23701
7950 -0.214308 0 -1.21108
8000 -0.11304 0 -1.22512
8050 -0.0880788 0 -1.13849
8100 -0.177493 0 -1.08978
8150 -0.283491 0 -1.08319
8200 -0.147255 0 -1.10546
8250 -0.0399767 0 -0.999986
8300 -0.0521401 0 -0.926758
8350 -0.143948 0 -1.03861
8400 -0.0292279 0 -1.01277
8450 0.0732532 0 -1.12746
8500 0.0335689 0 -1.0918
8550 -0.118963 0 -1.12821
8600 -0.113193 0 -1.15443
8650 -0.0202627 0 -1.17994
8700 0.0227084 0 -1.07317
8750 -0.140245 0 -1.12231
8800 -0.0171703 0 -1.01175
8850 0.454109 0 -0.317436
8900 0.33185 0 0.443783
8950 -0.0415107 0 0.808996
9000 -0.04786 0 0.904661
9050 0.144269 0 0.921358
9100 0.0404103 0 0.910241
9150 0.029401 0 0.994334
9200 0.164215 0 1.06091
9250 0.267037 0 1.21018
9300 0.125844 0 0.998266
9350 -0.0350681 0 0.985181
9400 0.0640829 0 1.08078
9450 0.173969 0 0.826558
9500 0.131089 0 0.678213
9550 0.0183125 0 0.767319
9600 0.0540447 0 0.92166
9650 0.207051 0 1.21632
9700 0.141182 0 1.00067
9750 -0.010867 0 1.07907
9800 0.123348 0 0.915015
9850 0.167056 0 0.800392
9900 0.0703884 0 0.967635
9950 0.0491061 0 0.952199
10000 0.194876 0 0.822612
10050 0.681635 0 0.470743
10100 0.918197 0 -0.00336651
10150 0.613296 0 -0.511178
10200 0.224147 0 -0.86179
10250 -0.00136336 0 -0.906671
10300 -0.070684 0 -1.081
10350 -0.0164741 0 -1.0797
10400 -0.188081 0 -1.24741
10450 -0.194361 0 -1.22359
10500 -0.0489152 0 -1.25614
10550 -0.00536031 0 -1.15105
10600 -0.194622 0 -1.2084
10650 -0.266554 0 -1.21589
10700 -0.147894 0 -1.2215
10750 -0.115973 0 -1.06752
10800 -0.160899 0 -1.10103
10850 -0.256341 0 -1.13397
10900 -0.0732212 0 -1.01093
10950 0.0478312 0 -1.10054
11000 0.027633 0 -1.0743
11050 -0.152436 0 -1.16948
11100 -0.0914938 0 -1.15211
11150 0.050352 0 -1.15716
11200 0.00759576 0 -1.10083
11250 -0.192918 0 -1.24767
11300 -0.0995243 0 -1.14948
11350 0.0091056 0 -1.18048
11400 -0.0249123 0 -1.0401
11450 -0.120547 0 -1.03282
11500 0.0416033 0 -0.87231
11550 0.397052 0 -0.288067
11600 0.296222 0 0.253683
11650 -0.0264827 0 0.60963
11700 0.0449622 0 0.655083
11750 0.147048 0 0.710519
11800 0.0714067 0 0.853162
11850 -0.0621488 0 1.1055
11900 0.0345267 0 0.983993
11950 0.198289 0 1.04844
12000 0.159505 0 0.800735
12050 0.0468369 0 0.823219
12100 0.145447 0 0.99039
12150 0.200759 0 1.09021
12200 0.199448 0 1.07055
12250 0.0277083 0 1.08507
12300 0.154837 0 1.01071
12350 0.203145 0 0.943707
12400 0.149436 0 0.858473
12450 0.0294725 0 1.01418
12500 0.157648 0 0.876074
12550 0.253592 0 0.89139
12600 0.123291 0 0.944491
12650 -0.0203063 0 0.908881
12700 0.146248 0 1.08948
12750 0.23259 0 1.03299
12800 0.13924 0 0.964969
12850 -0.0436787 0 1.00959
12900 0.116468 0 1.02345
12950 0.22695 0 0.764077
13000 0.154518 0 0.838341
13050 -0.0219605 0 0.816878
13100 0.100018 0 0.940307
13150 0.241077 0 0.979535
13200 0.103685 0 0.794217
13250 -0.0504227 0 0.916178
13300 0.0921184 0 0.997615
13350 0.222865 0 0.996
13400 0.0779639 0 0.920447
13450 -0.0653704 0 0.68029
13500 -0.0335547 0 0.694966
13550 0.120935 0 0.59716
13600 0.234832 0 0.854521
13650 -0.015058 0 0.68309
13700 -0.0860788 0 0.797429
13750 0.0364082 0 0.814796
13800 0.17695 0 0.795945
13850 0.114574 0 0.659659
13900 -0.118075 0 0.669689
13950 -0.0657811 0 0.70362
14000 0.312184 0 0.543008
14050 0.792647 0 0.317398
14100 0.627574 0 -0.198742
14150 0.313266 0 -0.479406
14200 0.0280965 0 -0.893322
14250 -0.038426 0 -1.01538
14300 0.0422981 0 -1.09878
14350 -0.0878174 0 -1.23861
14400 -0.208831 0 -1.33929
14450 -0.146437 0 -1.30653
14500 0.0993936 0 -1.35228
14550 0.0531825 0 -1.28637
14600 -0.0903245 0 -1.33468
14650 -0.063231 0 -1.27237
14700 0.0355574 0 -1.29223
14750 0.063539 0 -1.2424
14800 -0.109721 0 -1.24173
14850 -0.0812442 0 -1.28418
14900 0.0692956 0 -1.37293
14950 0.0715083 0 -1.23298
15000 -0.129268 0 -1.33842
15050 -0.158653 0 -1.27254
15100 -0.061817 0 -1.25786
15150 -0.00906182 0 -1.17856
15200 -0.182516 0 -1.27973
15250 -0.164833 0 -1.21293
15300 -0.100789 0 -1.21236
15350 0.019509 0 -1.18542
15400 -0.178616 0 -1.23054
15450 -0.262809 0 -1.21292
15500 -0.13302 0 -1.18965
15550 -0.0572015 0 -1.07992
15600 -0.169301 0 -1.04743
15650 -0.210966 0 -1.08091
15700 -0.0869516 0 -1.04766
15750 0.0364717 0 -1.05418
15800 0.00844056 0 -1.06942
15850 -0.149978 0 -1.04658
15900 -0.0627852 0 -0.950954
15950 0.0928138 0 -0.921762
16000 0.0362869 0 -0.758631
16050 -0.081398 0 -0.582457
16100 -0.043795 0 -0.321264
16150 -0.0193491 0 -0.234659
16200 0.0623258 0 -0.106485
16250 0.0496464 0 -0.104429
16300 0.0448436 0 -0.0136009
16350 0.0396114 0 -0.0384122
16400 0.00867519 0 -0.0439517
16450 0.00492695 0 -0.0318572
16500 0.00674884 0 -0.0116338
16550 -0.000357358 0 0.00287323
16600 -0.00747631 0 0.0219495
16650 -0.00701909 0 0.0203675
16700 -0.0139909 0 0.0217812
16750 -0.0107211 0 0.0234384
16800 -0.0143626 0 0.0326852
16850 -0.0198102 0 0.0209854
16900 -0.0180777 0 0.0259394
16950 -0.0184249 0 0.0315666
17000 -0.00778605 0 0.0232453
