200 -0.00609093 0 -0.109563
250 -0.0131086 0 -0.107301
300 -0.0140912 0 -0.108058
350 -0.0172838 0 -0.114913
400 -0.0134843 0 -0.111581
450 -0.0011172 0 -0.112407
500 -0.015821 0 -0.108095
550 -0.0130547 0 -0.108951
600 -0.0187802 0 -0.101846
650 -0.0227767 0 -0.109968
700 -0.0131468 0 -0.114186
750 -0.00988127 0 -0.115005
800 -0.00513275 0 -0.117287
850 0.00294069 0 -0.121036
900 -0.00191874 0 -0.122589
950 0.0109907 0 -0.135081
1000 -0.0683583 0 -0.19839
1050 -0.234203 0 -0.204033
1100 -0.442378 0 0.139435
1150 -0.659303 0 0.46488
1200 -0.791592 0 0.442085
1250 -1.00672 0 0.433269
1300 -0.9047 0 0.362493
1350 -0.889977 0 0.448892
1400 -1.02157 0 0.754145
1450 -1.12727 0 0.7811
1500 -1.176 0 0.664547
1550 -1.08003 0 0.554427
1600 -0.953498 0 0.67488
1650 -1.02877 0 0.638728
1700 -1.1026 0 0.56947
1750 -1.09569 0 0.485694
1800 -1.08059 0 0.637654
1850 -1.06356 0 0.651789
1900 -1.12533 0 0.629734
1950 -1.10588 0 0.533192
2000 -1.08531 0 0.738895
2050 -1.0767 0 0.752416
2100 -1.14929 0 0.763441
2150 -1.2095 0 0.576183
2200 -1.1186 0 0.691243
2250 -0.993032 0 0.820537
2300 -1.05427 0 0.799445
2350 -1.11739 0 0.697767
2400 -1.09808 0 0.717969
2450 -0.935237 0 0.839676
2500 -1.01879 0 0.801418
2550 -1.17212 0 0.704683
2600 -1.18185 0 0.654679
2650 -1.00836 0 0.804774
2700 -1.02752 0 0.826408
2750 -1.15668 0 0.720937
2800 -1.18749 0 0.641291
2850 -0.96329 0 0.794265
2900 -0.996235 0 0.781534
2950 -1.11145 0 0.761179
3000 -1.17124 0 0.640246
3050 -0.936943 0 0.781751
3100 -0.956664 0 0.804016
3150 -1.12003 0 0.762175
3200 -1.22238 0 0.627701
3250 -1.12973 0 0.746545
3300 -1.13608 0 0.670738
3350 -1.18048 0 0.710492
3400 -1.18352 0 0.576036
3450 -1.00655 0 0.735135
3500 -1.01666 0 0.751297
3550 -1.13548 0 0.712798
3600 -1.18495 0 0.625425
3650 -1.08962 0 0.743485
3700 -1.01157 0 0.77698
3750 -1.10564 0 0.756959
3800 -1.15374 0 0.63141
3850 -1.11735 0 0.689639
3900 -1.08066 0 0.704033
3950 -1.14842 0 0.668843
4000 -1.22906 0 0.540286
4050 -1.16206 0 0.653766
4100 -1.11803 0 0.763893
4150 -1.16517 0 0.752581
4200 -1.21325 0 0.62264
4250 -1.06344 0 0.626578
4300 -0.847588 0 0.822777
4350 -0.869988 0 0.822471
4400 -1.0551 0 0.741273
4450 -1.06918 0 0.684001
4500 -0.824573 0 0.814663
4550 -0.745776 0 0.796726
4600 -0.927966 0 0.751856
4650 -0.880426 0 0.701729
4700 -0.669562 0 0.774345
4750 -0.778509 0 0.701445
4800 -0.890279 0 0.750302
4850 -0.905909 0 0.595063
4900 -0.785117 0 0.751675
4950 -0.871236 0 0.695199
5000 -0.996151 0 0.653759
5050 -1.07209 0 0.544824
5100 -0.980963 0 0.700395
5150 -0.847001 0 0.762599
5200 -0.984499 0 0.694419
5250 -1.10552 0 0.567399
5300 -1.0794 0 0.570222
5350 -0.965812 0 0.695787
5400 -1.03457 0 0.698048
5450 -1.16615 0 0.649861
5500 -1.12909 0 0.612189
5550 -0.984116 0 0.707687
5600 -1.05111 0 0.660852
5650 -1.08593 0 0.615035
5700 -1.10213 0 0.561057
5750 -0.918611 0 0.705227
5800 -1.04847 0 0.649694
5850 -1.08541 0 0.636395
5900 -1.12012 0 0.555925
5950 -0.995431 0 0.724705
6000 -1.02288 0 0.729923
6050 -1.0851 0 0.69344
6100 -1.18641 0 0.571
6150 -1.12151 0 0.710165
6200 -1.0267 0 0.694914
6250 -1.10696 0 0.673046
6300 -1.22188 0 0.558771
6350 -1.11604 0 0.683339
6400 -0.917417 0 0.765636
6450 -0.972205 0 0.733332
6500 -1.12295 0 0.602099
6550 -1.15135 0 0.587381
6600 -1.05594 0 0.672487
6650 -1.04926 0 0.644677
6700 -1.07659 0 0.609345
6750 -1.05907 0 0.623221
6800 -1.09621 0 0.660489
6850 -0.995104 0 0.667131
6900 -1.00727 0 0.603365
6950 -0.894557 0 0.597139
7000 -0.71676 0 0.756431
7050 -0.891129 0 0.711575
7100 -0.918309 0 0.69488
7150 -0.845051 0 0.620925
7200 -0.86464 0 0.801121
7250 -0.948166 0 0.774127
7300 -1.10178 0 0.726421
7350 -1.03873 0 0.572312
7400 -0.926048 0 0.77903
7450 -0.942528 0 0.831326
7500 -1.02843 0 0.766329
7550 -1.12217 0 0.66113
7600 -1.10907 0 0.721729
7650 -0.850825 0 0.956823
7700 -1.03987 0 0.924135
7750 -1.20532 0 0.610359
7800 -1.16979 0 0.585414
7850 -1.08875 0 0.639591
7900 -1.11811 0 0.671669
7950 -1.20534 0 0.629711
8000 -1.1377 0 0.65999
8050 -1.0746 0 0.773465
8100 -1.14977 0 0.718999
8150 -1.19891 0 0.6605
8200 -1.14229 0 0.596374
8250 -1.03484 0 0.71578
8300 -1.06105 0 0.732234
8350 -1.14977 0 0.673367
8400 -1.17011 0 0.576554
8450 -1.00183 0 0.733575
8500 -0.981151 0 0.759851
8550 -1.12028 0 0.757858
8600 -1.16413 0 0.572465
8650 -1.12578 0 0.725505
8700 -1.03444 0 0.739393
8750 -1.06356 0 0.68762
8800 -1.14788 0 0.609784
8850 -1.01072 0 0.726894
8900 -0.916574 0 0.830979
8950 -1.04659 0 0.782916
9000 -1.04127 0 0.647988
9050 -0.994377 0 0.6811
9100 -0.974909 0 0.723582
9150 -1.07054 0 0.667237
9200 -1.04582 0 0.608254
9250 -1.08657 0 0.627274
9300 -0.979488 0 0.81582
9350 -1.03574 0 0.79845
9400 -1.10042 0 0.714386
9450 -1.05373 0 0.577934
9500 -1.0572 0 0.714202
9550 -1.03439 0 0.757387
9600 -1.16476 0 0.722578
9650 -1.14969 0 0.565757
9700 -1.11875 0 0.702031
9750 -1.1028 0 0.685158
9800 -1.11066 0 0.692345
9850 -1.10647 0 0.617596
9900 -1.00868 0 0.796893
9950 -0.876766 0 0.851481
10000 -0.943606 0 0.792634
10050 -1.03792 0 0.63134
10100 -0.984401 0 0.654385
10150 -0.960448 0 0.721998
10200 -1.00175 0 0.702306
10250 -1.12454 0 0.604033
10300 -1.14473 0 0.56382
10350 -1.16758 0 0.62512
10400 -1.0991 0 0.648201
10450 -1.20036 0 0.576042
10500 -1.16584 0 0.546623
10550 -1.13941 0 0.638417
10600 -1.15499 0 0.620368
10650 -1.19668 0 0.576479
10700 -1.233 0 0.479095
10750 -1.12127 0 0.595469
10800 -1.09372 0 0.500501
10850 -1.06393 0 0.463722
10900 -1.19626 0 0.342987
10950 -1.12808 0 0.598425
11000 -1.05129 0 0.622587
11050 -1.08543 0 0.596442
11100 -1.17798 0 0.471603
11150 -1.08373 0 0.607123
11200 -0.96784 0 0.693182
11250 -1.01915 0 0.65018
11300 -1.0406 0 0.625477
11350 -0.994931 0 0.704652
11400 -0.788784 0 0.922462
11450 -0.870441 0 0.875732
11500 -0.950699 0 0.736257
11550 -0.973406 0 0.695343
11600 -0.888074 0 0.790302
11650 -0.941392 0 0.753991
11700 -1.04001 0 0.712548
11750 -1.08645 0 0.551802
11800 -0.917078 0 0.720163
11850 -0.940333 0 0.732028
11900 -1.05946 0 0.675637
11950 -1.09473 0 0.596598
12000 -1.00867 0 0.69531
12050 -0.903111 0 0.760055
12100 -1.00029 0 0.771425
12150 -1.12324 0 0.610464
12200 -1.07763 0 0.662196
12250 -0.932193 0 0.787933
12300 -0.978079 0 0.77709
12350 -1.11348 0 0.64726
12400 -1.13567 0 0.612062
12450 -1.0193 0 0.676875
12500 -1.06212 0 0.686118
12550 -1.07506 0 0.627822
12600 -1.07118 0 0.595397
12650 -0.993767 0 0.706463
12700 -1.06027 0 0.666767
12750 -1.05707 0 0.640292
12800 -1.08684 0 0.548742
12850 -0.932101 0 0.711873
12900 -0.992279 0 0.747133
12950 -1.05754 0 0.745348
13000 -1.06225 0 0.615062
13050 -0.922511 0 0.769285
13100 -0.930155 0 0.78832
13150 -1.02158 0 0.755494
13200 -1.05392 0 0.601247
13250 -0.95829 0 0.652805
13300 -0.918153 0 0.758045
13350 -0.925993 0 0.725927
13400 -0.966648 0 0.627428
13450 -0.906295 0 0.607718
13500 -0.926995 0 0.685987
13550 -0.96438 0 0.622177
13600 -1.01891 0 0.630893
13650 -0.96188 0 0.61117
13700 -0.740982 0 0.795038
13750 -0.831351 0 0.759715
13800 -0.981211 0 0.743727
13850 -1.08153 0 0.550127
13900 -1.12924 0 0.59899
13950 -1.1491 0 0.509521
14000 -1.13707 0 0.541043
14050 -1.11562 0 0.522985
14100 -1.04865 0 0.696423
14150 -0.965613 0 0.807787
14200 -1.05708 0 0.760056
14250 -1.17318 0 0.615744
14300 -1.17726 0 0.570398
14350 -0.977488 0 0.711141
14400 -1.0058 0 0.658252
14450 -1.05955 0 0.67622
14500 -1.12616 0 0.529972
14550 -1.13006 0 0.70125
14600 -1.05175 0 0.634454
14650 -1.14251 0 0.587668
14700 -1.18334 0 0.483191
14750 -1.10397 0 0.643364
14800 -1.05401 0 0.741946
14850 -1.12345 0 0.658384
14900 -1.07835 0 0.523052
14950 -0.992527 0 0.605993
15000 -0.985329 0 0.715775
15050 -1.00787 0 0.692265
15100 -1.05393 0 0.572205
15150 -1.04618 0 0.564223
15200 -0.908141 0 0.75693
15250 -0.996248 0 0.748689
15300 -1.05915 0 0.699199
15350 -1.07393 0 0.582712
15400 -0.905976 0 0.778432
15450 -0.968037 0 0.753797
15500 -1.07244 0 0.665074
15550 -1.05493 0 0.572951
15600 -0.936024 0 0.783497
15650 -0.919317 0 0.777644
15700 -1.08128 0 0.675193
15750 -1.10538 0 0.545429
15800 -1.07179 0 0.628984
15850 -1.01545 0 0.683368
15900 -1.03753 0 0.629635
15950 -1.10869 0 0.525325
16000 -1.07784 0 0.53579
16050 -1.09867 0 0.626184
16100 -1.0418 0 0.630616
16150 -1.04304 0 0.575022
16200 -1.07676 0 0.556028
16250 -0.846611 0 0.75411
16300 -0.877409 0 0.672771
16350 -1.01252 0 0.655427
16400 -1.05841 0 0.517219
16450 -0.960244 0 0.67295
16500 -0.847669 0 0.739043
16550 -0.911774 0 0.695289
16600 -0.936973 0 0.568965
16650 -0.885888 0 0.663836
16700 -0.794199 0 0.785899
16750 -0.844288 0 0.750001
16800 -0.851465 0 0.633998
16850 -0.773072 0 0.602801
16900 -0.516916 0 0.715712
16950 -0.671834 0 0.62421
17000 -0.776223 0 0.659413
17050 -0.711491 0 0.563864
17100 -0.508793 0 0.679417
17150 -0.508504 0 0.691599
17200 -0.580661 0 0.642886
17250 -0.691777 0 0.594239
17300 -0.63793 0 0.62942
17350 -0.634119 0 0.738578
17400 -0.75941 0 0.620153
17450 -0.874625 0 0.560407
17500 -0.792348 0 0.428333
17550 -0.625331 0 0.571211
17600 -0.777373 0 0.615654
17650 -0.940854 0 0.608601
17700 -0.995786 0 0.479557
17750 -0.929239 0 0.637756
17800 -0.913246 0 0.698586
17850 -0.986512 0 0.685268
17900 -1.07226 0 0.587773
17950 -0.999104 0 0.602879
18000 -0.769413 0 0.81022
18050 -0.88143 0 0.787505
18100 -1.03268 0 0.693875
18150 -1.04314 0 0.642329
18200 -0.895235 0 0.739847
18250 -0.988225 0 0.687542
18300 -1.07856 0 0.655218
18350 -1.12328 0 0.501434
18400 -0.999945 0 0.60192
18450 -1.0006 0 0.619737
18500 -1.0408 0 0.581732
18550 -1.11053 0 0.491461
18600 -1.02107 0 0.621969
18650 -1.00257 0 0.683338
18700 -1.0262 0 0.68019
18750 -1.10087 0 0.540971
18800 -1.03802 0 0.604526
18850 -0.991289 0 0.700583
18900 -0.993791 0 0.663777
18950 -1.0133 0 0.627333
19000 -1.10644 0 0.626655
19050 -0.911174 0 0.77142
19100 -0.896234 0 0.754839
19150 -1.0343 0 0.728437
19200 -1.06257 0 0.586909
19250 -1.02695 0 0.703608
19300 -0.97692 0 0.67758
19350 -1.01468 0 0.673024
19400 -1.10239 0 0.539099
19450 -1.06044 0 0.669345
19500 -0.984216 0 0.687362
19550 -1.07121 0 0.647616
19600 -1.12157 0 0.532543
19650 -1.04804 0 0.673571
19700 -1.03081 0 0.652605
19750 -1.06823 0 0.592318
19800 -1.12081 0 0.511426
19850 -1.09665 0 0.580721
19900 -1.0216 0 0.655837
19950 -1.03363 0 0.612645
20000 -1.05595 0 0.566166
20050 -1.05173 0 0.568547
20100 -1.02912 0 0.69301
20150 -1.03157 0 0.634648
20200 -1.12086 0 0.59911
20250 -1.18156 0 0.529394
20300 -1.02764 0 0.700384
20350 -1.02291 0 0.678946
20400 -1.14108 0 0.652139
20450 -1.19429 0 0.472797
20500 -1.0969 0 0.566703
20550 -1.08841 0 0.622114
20600 -1.11696 0 0.538648
20650 -1.17456 0 0.477254
20700 -1.17956 0 0.603328
20750 -1.06837 0 0.706809
20800 -1.15359 0 0.663143
20850 -1.11654 0 0.564956
20900 -1.08102 0 0.608314
20950 -0.988723 0 0.717223
21000 -1.04961 0 0.710221
21050 -1.13369 0 0.614122
21100 -1.16391 0 0.550391
21150 -0.954124 0 0.698834
21200 -0.995501 0 0.694729
21250 -1.08856 0 0.661891
21300 -1.10952 0 0.572475
21350 -0.87729 0 0.716943
21400 -0.95844 0 0.682417
21450 -0.979738 0 0.663976
21500 -1.0765 0 0.497842
21550 -1.06711 0 0.606671
21600 -1.06261 0 0.679811
21650 -1.10905 0 0.660474
21700 -1.14283 0 0.530512
21750 -1.14825 0 0.569613
21800 -1.0434 0 0.690349
21850 -1.04731 0 0.671527
21900 -1.16682 0 0.633203
21950 -1.17622 0 0.607848
22000 -1.01944 0 0.700269
22050 -1.05504 0 0.689187
22100 -1.1201 0 0.656026
22150 -1.17411 0 0.534483
22200 -0.987831 0 0.680322
22250 -1.02114 0 0.6708
22300 -1.07843 0 0.637082
22350 -1.09517 0 0.540392
22400 -1.01589 0 0.699538
22450 -1.01732 0 0.674324
22500 -1.11072 0 0.601813
22550 -1.10449 0 0.476589
22600 -1.15307 0 0.574936
22650 -1.10551 0 0.640246
22700 -1.12309 0 0.672874
22750 -1.23907 0 0.553059
22800 -1.17775 0 0.646871
22850 -1.05467 0 0.710096
22900 -1.0914 0 0.685003
22950 -1.13372 0 0.563433
23000 -1.08647 0 0.583006
23050 -1.03113 0 0.678585
23100 -1.05478 0 0.633421
23150 -1.10724 0 0.57828
23200 -1.10778 0 0.58607
23250 -1.00359 0 0.690107
23300 -1.05295 0 0.676109
23350 -1.07215 0 0.663018
23400 -1.11457 0 0.57207
23450 -0.912045 0 0.700375
23500 -1.00805 0 0.665747
23550 -1.07308 0 0.622121
23600 -1.04725 0 0.473339
23650 -1.01131 0 0.629748
23700 -0.976896 0 0.698588
23750 -1.09809 0 0.681061
23800 -1.118 0 0.536439
23850 -0.98427 0 0.690708
23900 -0.976611 0 0.707082
23950 -1.04043 0 0.681156
24000 -1.12796 0 0.564826
24050 -1.1023 0 0.579489
24100 -1.07129 0 0.680284
24150 -1.10717 0 0.621067
24200 -1.09458 0 0.556515
24250 -1.09215 0 0.576267
24300 -1.0483 0 0.708774
24350 -1.10054 0 0.714429
24400 -1.10872 0 0.624117
24450 -1.04582 0 0.583741
24500 -0.921451 0 0.732477
24550 -1.02004 0 0.70115
24600 -1.04749 0 0.654349
24650 -1.09192 0 0.496585
24700 -1.0121 0 0.638853
24750 -1.00413 0 0.60628
24800 -1.04422 0 0.56607
24850 -1.11005 0 0.487784
24900 -1.06083 0 0.620297
24950 -0.96664 0 0.672598
25000 -0.999222 0 0.659905
25050 -1.03743 0 0.527158
25100 -1.00918 0 0.514155
25150 -0.891289 0 0.653404
25200 -0.911767 0 0.610143
25250 -0.953807 0 0.625371
25300 -0.905207 0 0.586527
25350 -0.602394 0 0.777201
25400 -0.789443 0 0.64183
25450 -0.917271 0 0.595692
25500 -0.866115 0 0.517036
25550 -0.797377 0 0.611806
25600 -0.817744 0 0.735833
25650 -0.855327 0 0.701099
25700 -0.836173 0 0.566286
25750 -0.715848 0 0.514392
25800 -0.392179 0 0.755685
25850 -0.555409 0 0.565576
25900 -0.675339 0 0.4516
25950 -0.684941 0 0.338845
26000 -0.445721 0 0.391078
26050 -0.151812 0 0.225745
26100 -0.0334137 0 0.206612
26150 0.147935 0 -0.275902
26200 0.0348586 0 -0.132575
26250 0.0336449 0 -0.0812154
26300 0.0148109 0 -0.0749702
26350 0.00470993 0 -0.0978044
26400 -0.00547018 0 -0.11726
26450 -0.013658 0 -0.120874
26500 -0.00417537 0 -0.114285
26550 -0.00459415 0 -0.11406
26600 -0.00456746 0 -0.112435
26650 -0.00657208 0 -0.109194
26700 -0.0104335 0 -0.112715
26750 -0.0124006 0 -0.110362
26800 -0.00503132 0 -0.119401
26850 -0.00563715 0 -0.121379
26900 -0.00551749 0 -0.123334
26950 -0.00419998 0 -0.124105
27000 -0.00700523 0 -0.118951
27050 -0.00312981 0 -0.116988
27100 -0.00102444 0 -0.113061
27150 -0.00808087 0 -0.11133
