# Created at Thu Mar 08 13:45:12 CST 2018
2236814134625662 1
2236814648236502 2
2236815201337088 3
2236815714978445 4
2236816327252615 5
2236816860608328 6
2236817354413260 7
2236817828503836 8
2236818421124685 9
2236819053204763 10
2236819448315847 11
2236819922345388 12
2236821660657156 13
2236823082928885 14
2236823596509207 15
2236824169315697 16
2236824643406273 17
2236825176761986 18
2236825690342309 19
2236826203922631 20
2236826737278344 21
2236827270603539 22
2236827527408959 23
2236828337345482 24
2236828910160424 25
2236829463230492 26
2236829976841332 27
2236830391666771 28
2236833255894066 29
2236833808973060 30
2236834342328773 31
2236835013929115 32
2236835389295326 33
2236836041150795 34
2236837680707679 35
2236838253522621 36
2236838826368080 37
2236839379499183 38
2236839952314125 39
2236841611646400 40
2236842125196205 41
2236842638837562 42
2236843093152748 43
2236843547467933 44
2236844633892845 45
2236845048748802 46
2236845562329124 47
2236846095684837 48
2236846569805931 49
2236847142620872 50
2236847557415794 51
2236848150036643 52
2236848604321311 53
2236849137707542 54
2236850796978782 55
2236851053784202 56
2236851468609641 57
2236851962445091 58
2236853661350789 59
2236854194645467 60
2236854688480916 61
2236855241550985 62
2236855735416951 63
2236856288517537 64
2236856782383504 65
2236857335423055 66
2236857829319539 67
2236858342869344 68
2236858836704793 69
2236859389835897 70
2236859863926473 71
2236860397251668 72
2236860930576864 73
2236861444157186 74
2236861938084188 75
2236862491093221 76
2236863004704061 77
2236863538059774 78
2236864071383306 79
2236864624483892 80
2236865138064214 81
2236865631930181 82
2236866125796148 83
2236866619601079 84
2236867093661138 85
2236867469027349 86
2236868002322027 87
2236868496187993 88
2236868970309087 89
2236869483858892 90
2236869938235113 91
2236870353060552 92
2236870846896001 93
2236871320956060 94
2236871854372808 95
2236872348177740 96
2236872782748052 97
2236873276552984 98
2236873770388751 99
2236874264224200 100
2236874777865558 101
2236875172946124 102
2236876180331378 103
2236876753176837 104
2236877266787677 105
2236877740908770 106
2236878254458575 107
2236878708804278 108
2236879222415118 109
2236879716220050 110
2236880229830890 111
2236880723666339 112
2236881197756915 113
2236881711367755 114
2236882165682940 115
2236882639773517 116
2236883173129229 117
2236883627440236 118
2236884160765431 119
2236884654600880 120
2236885168211720 121
2236885681761525 122
2236886215178273 123
2236886669462941 124
2236887202849171 125
2236887696684620 126
2236888190489552 127
2236888723845265 128
2236889197935841 129
2236889711546681 130
2236890244902394 131
2236890699217579 132
2236891212828419 133
2236891726378224 134
2236892239958546 135
2236892753569386 136
2236893247404835 137
2236893761036169 138
2236894294391882 139
2236894768451941 140
2236895025287878 141
2236895914203894 142
2236896408039343 143
2236903716827939 144
2236904230438779 145
2236904704498837 146
2236905218170712 147
2236905711914609 148
2236906205811093 149
2236906699616025 150
2236907193481992 151
2236907726837705 152
2236908200897763 153
2236908773773740 154
2236909208374570 155
2236909800964902 156
2236910294739316 157
2236910828156064 158
2236911321991513 159
2236911875061581 160
2236912447937558 161
2236912941773007 162
2236913455353330 163
2236913988768782 164
2236914482573714 165
2236915015929427 166
2236915509764876 167
2236916122130598 168
2236916635710921 169
2236917129546370 170
2236917603636946 171
2236918117247786 172
2236918630858626 173
2236919164153303 174
2236919677794661 175
2236920171599593 176
2236920665435042 177
2236921198821272 178
2236921672881331 179
2236922186461653 180
2236922680327620 181
2236923233458723 182
2236924260583292 183
2236924714928995 184
2236925287804972 185
2236925781640421 186
2236926295251261 187
2236926789025675 188
2236927342156779 189
2236927816247355 190
2236928389153849 191
2236928882928263 192
2236929455804240 193
2236930008904826 194
2236930562005412 195
2236938127686795 196
2236938680787381 197
