200 -0.0174554 0 0.028536
250 -0.0148584 0 0.0283864
300 -0.0223868 0 0.0410768
350 -0.000191681 0 0.0169255
400 -0.0115357 0 0.015498
450 -0.0142582 0 0.0191291
500 -0.0129398 0 0.00547381
550 -0.00948319 0 0.0133763
600 -0.0132205 0 0.0215662
650 -0.014579 0 0.0309872
700 -0.00688222 0 0.0175847
750 -0.012399 0 0.0272657
800 -0.0123229 0 0.0306457
850 -0.0149386 0 0.0179223
900 -0.00929133 0 0.0210649
950 -0.016424 0 0.0275781
1000 -0.0103369 0 0.024664
1050 -0.00852718 0 0.0147603
1100 0.0187804 0 -0.00714167
1150 0.0425359 0 -0.0788977
1200 -0.102269 0 -0.168693
1250 -0.150844 0 -0.308694
1300 -0.171111 0 -0.308397
1350 0.0727422 0 -0.514234
1400 0.127942 0 -0.625626
1450 0.0793821 0 -0.63367
1500 0.0343001 0 -0.509423
1550 -0.089129 0 -0.609721
1600 -0.288193 0 -0.811561
1650 -0.0029355 0 -0.891554
1700 -0.0113115 0 -0.862618
1750 0.0716243 0 -0.91576
1800 -0.0482532 0 -0.697488
1850 -0.180232 0 -0.688996
1900 -0.203143 0 -0.701421
1950 -0.0495587 0 -0.733314
2000 -0.120157 0 -1.02665
2050 0.0629237 0 -0.719392
2100 0.079183 0 -0.680816
2150 -0.0932167 0 -0.545215
2200 -0.143353 0 -0.412179
2250 -0.0275973 0 -0.502438
2300 -0.00246018 0 -0.521166
2350 0.0369318 0 -0.531153
2400 0.0114163 0 -0.545907
2450 -0.101562 0 -0.516287
2500 -0.0787689 0 -0.460895
2550 -0.0317013 0 -0.459123
2600 0.0572058 0 -0.553144
2650 0.0837575 0 -0.532642
2700 0.0422937 0 -0.460967
2750 -0.0438469 0 -0.641175
2800 -0.143819 0 -0.717655
2850 -0.0742527 0 -0.86418
2900 0.073237 0 -1.10993
2950 0.0915154 0 -1.05944
3000 0.0639912 0 -1.10541
3050 -0.100631 0 -1.04443
3100 -0.0283823 0 -0.968332
3150 0.0117198 0 -1.02717
3200 -0.0648494 0 -1.09721
3250 -0.0207331 0 -1.399
3300 0.0164289 0 -1.34737
3350 0.0298207 0 -1.30294
3400 0.0858571 0 -1.29275
3450 -0.0460944 0 -1.22644
3500 0.0381601 0 -1.26015
3550 0.056725 0 -1.27943
3600 -0.440976 0 -1.36531
3650 0.00246769 0 -1.34204
3700 0.220879 0 -1.32301
3750 0.125281 0 -1.27751
3800 0.150398 0 -1.33681
3850 -0.0742873 0 -1.42368
3900 0.0151523 0 -1.41151
3950 -0.00542226 0 -1.36818
4000 -0.154992 0 -1.35472
4050 -0.0370058 0 -1.48372
4100 0.0765162 0 -1.38285
4150 -0.0674241 0 -1.44204
4200 0.116331 0 -1.42811
4250 0.0373331 0 -1.47528
4300 0.0192448 0 -1.50461
4350 -0.0695404 0 -1.56517
4400 0.109321 0 -1.4337
4450 0.15118 0 -1.41312
4500 0.0207739 0 -1.17484
4550 0.120056 0 -1.16701
4600 0.212621 0 -1.2601
4650 0.0746889 0 -1.34473
4700 0.197183 0 -1.23046
4750 0.206785 0 -1.26709
4800 -0.0954815 0 -1.0575
4850 0.0148094 0 -1.1076
4900 0.0188249 0 -1.12576
4950 0.255005 0 -1.04667
5000 0.208292 0 -1.16681
5050 0.179319 0 -1.05809
5100 0.100146 0 -1.23215
5150 0.0536447 0 -1.04501
5200 0.400652 0 -0.872079
5250 0.325624 0 -0.931128
5300 0.171183 0 -0.879537
5350 0.104235 0 -1.02161
5400 -0.0396937 0 -0.919865
5450 0.103004 0 -0.997975
5500 0.175918 0 -0.912987
5550 0.0950748 0 -0.797038
5600 -0.068797 0 -1.05147
5650 0.00976801 0 -0.843417
5700 0.214282 0 -0.825536
5750 0.278475 0 -0.692117
5800 0.0280894 0 -0.778617
5850 0.0669754 0 -0.741024
5900 -0.0617325 0 -0.74643
5950 0.034957 0 -0.670707
6000 0.526018 0 -0.582394
6050 0.301379 0 -0.651375
6100 0.0409206 0 -0.76077
6150 0.00633454 0 -0.707153
6200 0.0372894 0 -0.535573
6250 0.132805 0 -0.518557
6300 0.0661789 0 -0.513243
6350 -0.0948963 0 -0.508734
6400 -0.041513 0 -0.75825
6450 -0.102575 0 -0.717692
6500 0.0836694 0 -0.633449
6550 0.0956111 0 -0.747015
6600 -0.0313956 0 -0.644711
6650 0.0434224 0 -0.639818
6700 -0.0765769 0 -0.69503
6750 -0.0987592 0 -0.587662
6800 0.0741908 0 -0.581878
6850 0.0348699 0 -0.508485
6900 -0.109073 0 -0.512001
6950 -0.459941 0 0.276527
7000 -0.36352 0 0.196063
7050 -0.222868 0 -0.174348
7100 -0.0836453 0 -0.103841
7150 0.025651 0 0.0121517
7200 -0.154365 0 0.166139
7250 0.0671718 0 -0.158059
7300 -0.00380738 0 0.0561618
7350 -0.0155318 0 0.0145535
7400 -0.0230616 0 0.0230545
7450 -0.015715 0 0.0479432
7500 -0.0173807 0 0.0408824
7550 -0.0208104 0 0.0271617
7600 -0.0116797 0 -0.0177281
7650 -0.0134658 0 -0.0324219
7700 -0.010763 0 -0.118612
7750 0.0800533 0 -0.226168
7800 0.139059 0 -0.401237
7850 0.16276 0 -0.414622
7900 -0.00867181 0 -0.431154
7950 -0.146815 0 -0.677679
8000 -0.0413161 0 -0.865714
8050 0.138153 0 -0.848001
8100 0.169493 0 -0.809078
8150 0.0738261 0 -0.729279
8200 -0.0200439 0 -0.855146
8250 0.00819805 0 -0.843731
8300 -0.0924403 0 -0.814712
8350 -0.0355098 0 -0.998561
8400 -0.0921557 0 -0.93726
8450 -0.300075 0 -1.04408
8500 -0.264055 0 -1.21475
8550 0.0173406 0 -1.14351
8600 0.146411 0 -1.15888
8650 0.170463 0 -1.16552
8700 0.0356144 0 -1.1537
8750 0.0208204 0 -1.12828
8800 0.308713 0 -1.14934
8850 0.188647 0 -1.11823
8900 0.154063 0 -1.30759
8950 0.132166 0 -1.27355
9000 0.157501 0 -1.3861
9050 0.198941 0 -1.27127
9100 0.187983 0 -1.43223
9150 0.184155 0 -1.26873
9200 0.255009 0 -1.10954
9250 0.517776 0 -0.994532
9300 0.258962 0 -1.14196
9350 0.195267 0 -1.22037
9400 0.112708 0 -1.38438
9450 0.212734 0 -1.37785
9500 0.181932 0 -1.40106
9550 0.215064 0 -1.32277
9600 0.611071 0 -1.31703
9650 0.217912 0 -1.40034
9700 -0.0526586 0 -1.43528
9750 -0.1258 0 -1.30344
9800 0.0994209 0 -1.21718
9850 0.11208 0 -1.19864
9900 0.163986 0 -1.22412
9950 0.18265 0 -1.26777
10000 0.114685 0 -1.30266
10050 0.160979 0 -1.35442
10100 0.120929 0 -1.38757
10150 0.0570064 0 -1.41748
10200 0.237899 0 -1.40854
10250 -0.0406658 0 -1.37594
10300 0.0877345 0 -1.43166
10350 -0.0498885 0 -1.45885
10400 -0.00969186 0 -1.35891
10450 0.188114 0 -1.16748
10500 0.0662174 0 -1.03549
10550 -0.170986 0 -1.41044
10600 0.0645259 0 -1.36979
10650 0.0858956 0 -1.51673
10700 0.12971 0 -1.43501
10750 0.0287844 0 -1.54234
10800 0.315669 0 -1.45018
10850 0.279221 0 -1.41695
10900 0.31004 0 -1.04154
10950 0.145383 0 -1.34681
11000 -0.0197912 0 -1.50365
11050 -0.117686 0 -1.30842
11100 0.11987 0 -1.22596
11150 -0.18721 0 -1.24505
11200 -0.191171 0 -1.2853
11250 -0.0633367 0 -1.18964
11300 0.0673076 0 -1.16318
11350 -0.0454717 0 -1.15085
11400 -0.0538441 0 -1.00703
11450 -0.0319436 0 -0.940065
11500 -0.046916 0 -0.956047
11550 0.0685771 0 -1.17985
11600 0.190329 0 -1.03724
11650 0.124776 0 -1.11601
11700 0.0610636 0 -0.878953
11750 0.0718999 0 -0.935349
11800 0.0261999 0 -0.9751
11850 0.0501166 0 -0.909172
11900 -0.0426344 0 -1.00601
11950 -0.069112 0 -0.824711
12000 0.259151 0 -1.03815
12050 0.151462 0 -0.950941
12100 0.0960672 0 -0.864778
12150 -0.0121298 0 -1.0921
12200 -0.0031033 0 -0.921238
12250 0.166238 0 -1.06393
12300 0.268917 0 -0.93924
12350 0.257831 0 -0.98611
12400 0.0448914 0 -1.31496
12450 -0.0189786 0 -1.35637
12500 0.0912128 0 -1.27888
12550 0.114369 0 -1.00956
12600 0.0717933 0 -0.97233
12650 -0.0921341 0 -0.917381
12700 -0.0447934 0 -0.750077
12750 0.0883933 0 -0.963615
12800 -0.0276673 0 -1.15109
12850 0.0916638 0 -1.0769
12900 -0.189969 0 -1.07466
12950 -0.108692 0 -0.849788
13000 0.024729 0 -0.913025
13050 -0.0391119 0 -0.827453
13100 0.0711615 0 -0.751981
13150 -0.0627765 0 -0.957252
13200 -0.281581 0 -1.08891
13250 -0.0614923 0 -1.10503
13300 0.104318 0 -0.986719
13350 0.00477789 0 -0.937752
13400 0.0408127 0 -0.93228
13450 -0.0912673 0 -0.867267
13500 -0.000852932 0 -0.680231
13550 -0.0213011 0 -0.885472
13600 -0.269222 0 -0.70833
13650 -0.0831083 0 -0.867116
13700 -0.197383 0 -0.937155
13750 0.00775096 0 -0.947871
13800 0.0871347 0 -0.724045
13850 0.182639 0 -0.723613
13900 0.176769 0 -0.664586
13950 0.160091 0 -0.811927
14000 0.283766 0 -1.00535
14050 0.507683 0 -0.732575
14100 0.598227 0 -0.896199
14150 0.33334 0 -0.793701
14200 0.161787 0 -0.718155
14250 0.116167 0 -0.763255
14300 0.016208 0 -0.572789
14350 0.172278 0 -0.612047
14400 0.223553 0 -0.741101
14450 0.141763 0 -0.805386
14500 0.091557 0 -0.909662
14550 0.0766894 0 -0.798071
14600 0.232871 0 -0.582226
14650 0.234664 0 -0.721899
14700 0.0836532 0 -0.75552
14750 0.197199 0 -0.628638
14800 -0.0264328 0 -0.80726
14850 -0.0282355 0 -0.885859
14900 0.108951 0 -0.653429
14950 0.25635 0 -0.674861
15000 0.0715697 0 -0.740012
15050 -0.0972221 0 -0.704316
15100 -0.0373725 0 -0.916221
15150 0.000232922 0 -0.940681
15200 0.247607 0 -1.02971
15250 0.192702 0 -1.08655
15300 -0.098505 0 -1.06681
15350 -0.0194488 0 -1.14962
15400 0.0200143 0 -1.06053
15450 -0.00290437 0 -1.0742
15500 0.118085 0 -1.11989
15550 0.193055 0 -1.06568
15600 0.196373 0 -1.23422
15650 0.0735111 0 -1.1968
15700 0.312098 0 -1.29867
15750 0.236946 0 -1.19797
15800 -0.0529143 0 -1.27673
15850 -0.0651342 0 -1.34881
15900 0.0128117 0 -1.3748
15950 0.0972572 0 -1.29227
16000 0.158207 0 -1.38715
16050 0.249434 0 -1.29702
16100 0.144387 0 -1.20451
16150 0.0938194 0 -1.23092
16200 0.0301061 0 -1.26427
16250 -0.150413 0 -1.38368
16300 -0.107403 0 -1.40961
16350 -0.0383589 0 -1.48029
16400 0.0488638 0 -1.27124
16450 0.194616 0 -1.15195
16500 0.234251 0 -1.13578
16550 0.0778422 0 -1.33283
16600 0.0370246 0 -1.27907
16650 -0.00777888 0 -1.35983
16700 0.0409172 0 -1.22025
16750 0.0570304 0 -1.27463
16800 0.0871259 0 -1.20938
16850 0.287172 0 -1.27624
16900 0.343158 0 -1.20187
16950 0.272875 0 -1.3965
17000 0.0374668 0 -1.30673
17050 -0.0707926 0 -1.35507
17100 0.232976 0 -1.3117
17150 -0.0296574 0 -1.39578
17200 -0.439515 0 -1.17991
17250 -0.159312 0 -1.08404
17300 0.0746662 0 -0.997817
17350 0.193619 0 -1.10728
17400 0.109021 0 -1.23882
17450 0.164002 0 -1.1902
17500 0.138166 0 -1.14275
17550 0.145523 0 -1.07782
17600 0.146717 0 -0.947377
17650 0.106607 0 -1.00694
17700 0.035967 0 -0.98909
17750 0.0540103 0 -0.835197
17800 0.16799 0 -1.02883
17850 0.145038 0 -0.879544
17900 0.028472 0 -0.933563
17950 0.0332132 0 -0.830767
18000 -0.0493152 0 -0.947121
18050 0.123507 0 -0.933876
18100 0.0723542 0 -0.917214
18150 0.0961936 0 -0.995607
18200 0.0808968 0 -0.854028
18250 0.0347725 0 -0.860454
18300 0.0737307 0 -0.858612
18350 0.0405371 0 -1.02575
18400 -0.0969363 0 -0.972026
18450 0.0838632 0 -0.716311
18500 0.070615 0 -0.896465
18550 -0.0138614 0 -0.707687
18600 -0.13412 0 -0.917949
18650 -0.137522 0 -0.831775
18700 0.102079 0 -0.879514
18750 0.144464 0 -0.886668
18800 0.269714 0 -1.08394
18850 0.0673052 0 -1.20921
18900 0.0502251 0 -0.918395
18950 0.155023 0 -1.00706
19000 0.121705 0 -0.919866
19050 0.085845 0 -0.853547
19100 0.0109606 0 -1.04215
19150 -0.0489277 0 -0.882776
19200 0.209151 0 -1.1992
19250 0.204881 0 -0.98335
19300 0.173315 0 -0.902471
19350 0.0449861 0 -1.08082
19400 0.0149895 0 -0.856759
19450 0.0749679 0 -0.924642
19500 0.158591 0 -0.81666
19550 0.00608671 0 -0.727504
19600 0.144009 0 -0.899023
19650 0.23832 0 -0.935175
19700 0.261011 0 -0.784627
19750 0.262514 0 -1.04115
19800 0.143679 0 -0.732729
19850 0.212575 0 -0.749632
19900 -0.0878256 0 -0.741309
19950 -0.00657304 0 -0.684997
20000 -0.122599 0 -0.972911
20050 -0.0380952 0 -0.767757
20100 -0.140662 0 -0.862853
20150 -0.0460626 0 -0.713436
20200 0.00196785 0 -0.743665
20250 0.0676769 0 -0.633938
20300 0.142751 0 -0.775224
20350 0.1093 0 -0.728002
20400 -0.299483 0 -0.822589
20450 -0.253415 0 -0.921044
20500 -0.152559 0 -0.855965
20550 0.0661996 0 -0.588154
20600 0.18276 0 -0.51258
20650 0.206119 0 -0.590866
20700 0.0383698 0 -0.435729
20750 0.00340443 0 -0.545246
20800 0.114119 0 -0.861975
20850 0.039737 0 -0.601286
20900 0.252539 0 -0.351601
20950 0.419977 0 -0.547718
21000 0.0771714 0 -0.440906
21050 -0.0169511 0 -0.427565
21100 -0.0595049 0 -0.581678
21150 -0.0130447 0 -0.495867
21200 0.234565 0 -0.491002
21250 0.39905 0 -0.211791
21300 0.250058 0 -0.379968
21350 0.155603 0 -0.345164
21400 0.0788853 0 -0.381599
21450 -0.0654131 0 -0.354924
21500 -0.0560648 0 -0.325604
21550 0.0104773 0 0.0888611
21600 0.366431 0 -0.271499
21650 0.324735 0 -0.406031
21700 0.155353 0 -0.351433
21750 0.0573639 0 -0.506571
21800 -0.0770183 0 -0.577997
21850 -0.0367076 0 -0.647264
21900 0.0643534 0 -0.650878
21950 0.0903657 0 -0.762222
22000 -0.0256596 0 -0.708508
22050 0.0314835 0 -0.721758
22100 0.124053 0 -0.9917
22150 0.181707 0 -1.02923
22200 0.422216 0 -1.1091
22250 0.450328 0 -1.1402
22300 0.37176 0 -1.07745
22350 0.152296 0 -1.22726
22400 0.262827 0 -1.12656
22450 0.327162 0 -1.23394
22500 0.346021 0 -1.07778
22550 0.321189 0 -1.15182
22600 0.325902 0 -1.31059
22650 0.450971 0 -1.19369
22700 0.537139 0 -1.12112
22750 0.533664 0 -1.0615
22800 0.642899 0 -1.32886
22850 0.467173 0 -1.19709
22900 0.000672718 0 -1.22955
22950 0.117966 0 -1.05821
23000 0.0996478 0 -1.36865
23050 0.190777 0 -1.16575
23100 0.0105761 0 -1.21805
23150 0.0986476 0 -1.20877
23200 0.378644 0 -1.04784
23250 0.522679 0 -0.834427
23300 0.616868 0 -0.944998
23350 0.447256 0 -1.03364
23400 0.287529 0 -1.22683
23450 0.241482 0 -1.13269
23500 0.241978 0 -1.13565
23550 0.346673 0 -0.974823
23600 0.0952187 0 -1.20133
23650 0.178059 0 -1.13993
23700 0.27655 0 -1.22873
23750 0.300885 0 -1.15467
23800 0.315063 0 -1.14963
23850 0.108202 0 -1.34877
23900 0.121891 0 -1.17622
23950 0.00648393 0 -1.20844
24000 0.293013 0 -1.05593
24050 0.461398 0 -1.12877
24100 0.477373 0 -0.953658
24150 0.374608 0 -1.0737
24200 0.112667 0 -1.25162
24250 0.147267 0 -1.39039
24300 0.238126 0 -1.24874
24350 0.2015 0 -1.36976
24400 -0.186676 0 -1.46423
24450 0.017834 0 -1.4837
24500 0.159143 0 -1.34321
24550 0.357818 0 -1.21872
24600 0.185591 0 -1.27147
24650 0.0608503 0 -1.40975
24700 0.0645379 0 -1.40399
24750 -0.0522363 0 -1.47223
24800 -0.223715 0 -1.5476
24850 0.0309678 0 -1.48488
24900 0.253326 0 -1.37163
24950 0.404358 0 -1.27255
25000 0.33573 0 -1.35226
25050 0.247164 0 -1.38396
25100 0.276832 0 -1.43318
25150 0.18222 0 -1.39754
25200 -0.0776853 0 -1.31884
25250 0.111867 0 -1.35725
25300 0.118092 0 -1.33533
25350 0.223316 0 -1.27635
25400 0.230814 0 -1.40879
25450 0.114713 0 -1.35784
25500 0.0917919 0 -1.30951
25550 0.101985 0 -1.37418
25600 0.0531135 0 -1.40542
25650 0.0596451 0 -1.54956
25700 0.0931994 0 -1.35645
25750 0.148456 0 -1.37666
25800 0.132742 0 -1.40009
25850 0.224832 0 -1.32743
25900 0.339025 0 -1.2565
25950 0.0844517 0 -1.40791
26000 -0.0479895 0 -1.53205
26050 0.135489 0 -1.49866
26100 0.296281 0 -1.238
26150 0.56211 0 -1.20389
26200 0.303514 0 -1.41916
26250 0.0726403 0 -1.47559
26300 0.138103 0 -1.32711
26350 0.0937129 0 -1.42397
26400 -0.185096 0 -1.3798
26450 0.00889427 0 -1.42757
26500 0.141117 0 -1.27985
26550 0.0793672 0 -1.41575
26600 -0.0130646 0 -1.49373
26650 -0.0161464 0 -1.50289
26700 0.158394 0 -1.4851
26750 0.124412 0 -1.5119
26800 -0.0963327 0 -1.48297
26850 -0.0529524 0 -1.58631
26900 0.177694 0 -1.45845
26950 0.131413 0 -1.58996
27000 0.335409 0 -1.41333
27050 0.250273 0 -1.60371
27100 0.249526 0 -1.53646
27150 0.144868 0 -1.63724
27200 0.567471 0 -1.28616
27250 0.650478 0 -1.36276
27300 0.714719 0 -0.95481
27350 0.381123 0 -1.13303
27400 0.047924 0 -1.52653
27450 0.115857 0 -1.53299
27500 0.170926 0 -1.5774
27550 0.283223 0 -1.51289
27600 -0.000214114 0 -1.49676
27650 0.0339533 0 -1.59175
27700 0.196375 0 -1.44811
27750 0.281767 0 -1.43735
27800 0.140609 0 -1.45717
27850 0.215239 0 -1.45687
27900 -0.0507052 0 -1.47733
27950 0.111176 0 -1.57629
28000 0.434139 0 -1.49887
28050 0.522789 0 -1.14793
28100 0.385133 0 -1.30525
28150 0.303306 0 -1.49504
28200 0.0601633 0 -1.59107
28250 0.143578 0 -1.53476
28300 -0.0481254 0 -1.38044
28350 -0.0787728 0 -1.27529
28400 -0.0400484 0 -0.927104
28450 -0.0348877 0 -0.993387
28500 -0.0357268 0 -1.06476
28550 -0.00560819 0 -1.27323
28600 0.0662292 0 -1.29707
28650 0.0932518 0 -1.33808
28700 0.114504 0 -1.28603
28750 0.142216 0 -1.13558
28800 -0.110253 0 -0.953317
28850 0.0365078 0 -0.890753
28900 0.109513 0 -1.01363
28950 0.2088 0 -0.914731
29000 0.165617 0 -1.26868
29050 0.0834483 0 -1.07008
29100 0.185854 0 -1.16108
29150 0.189417 0 -1.07979
29200 -0.0118415 0 -1.26258
29250 -0.247288 0 -1.28599
29300 -0.229114 0 -1.13166
29350 -0.0141625 0 -1.18065
29400 0.0882168 0 -1.03456
29450 -0.0110792 0 -1.25185
29500 0.0744571 0 -0.981963
29550 0.0818627 0 -1.12769
29600 0.0812385 0 -1.12985
29650 0.00363517 0 -1.07865
29700 -0.0561533 0 -0.994085
29750 -0.0583158 0 -0.781586
29800 -0.0508367 0 -0.969056
29850 0.0861285 0 -0.75971
29900 0.082362 0 -0.85072
29950 0.00507365 0 -0.989188
30000 0.00225759 0 -0.910787
30050 -0.0203554 0 -1.06386
30100 -0.0664436 0 -0.793906
30150 -0.0880534 0 -0.894027
30200 -0.0547007 0 -0.825391
30250 0.0256849 0 -0.835764
30300 0.173771 0 -0.809411
30350 0.0749199 0 -0.688386
30400 0.0301264 0 -0.864542
30450 0.052544 0 -0.587505
30500 0.140457 0 -0.608697
30550 0.184231 0 -0.713466
30600 -0.0230762 0 -0.513297
30650 -0.0798747 0 -0.588412
30700 -0.106098 0 -0.500581
30750 0.0608801 0 -0.356344
30800 0.343708 0 -0.529509
30850 0.109235 0 -0.490102
30900 -0.211612 0 -0.499438
30950 -0.255341 0 -0.246767
31000 -0.315052 0 0.164403
31050 -0.202291 0 0.0622214
31100 -0.167975 0 0.0637791
31150 -0.00259152 0 0.0549582
31200 0.14775 0 -0.0629592
31250 0.0753116 0 -0.00921815
31300 0.00486122 0 0.040822
31350 0.0278542 0 -0.00311445
31400 -0.000717734 0 0.0388389
31450 -0.00472931 0 0.0365408
31500 -0.0176151 0 0.0261541
31550 -0.0196413 0 0.0183483
31600 -0.00961032 0 0.0111258
31650 -0.0101183 0 0.00289421
31700 -0.0170029 0 0.0185108
31750 -0.0116223 0 0.0334089
31800 -0.0147841 0 0.0319499
31850 -0.0218639 0 0.0165548
31900 -0.018998 0 0.0207928
31950 -0.0124301 0 0.0265286
