200 -0.0174554 0 0.028536
250 -0.0148584 0 0.0283864
300 -0.0223868 0 0.0410768
350 -0.000191681 0 0.0169255
400 -0.0115357 0 0.015498
450 -0.0142582 0 0.0191291
500 -0.0129398 0 0.00547381
550 -0.00948319 0 0.0133763
600 -0.0132205 0 0.0215662
650 -0.014579 0 0.0309872
700 -0.00688222 0 0.0175847
750 -0.012399 0 0.0272657
800 -0.0123229 0 0.0306457
850 -0.0149386 0 0.0179223
900 -0.00929133 0 0.0210649
950 -0.016424 0 0.0275781
1000 -0.0103369 0 0.024664
1050 -0.00852718 0 0.0147603
1100 0.0187804 0 -0.00714167
1150 0.0425359 0 -0.0788977
1200 -0.0824016 0 -0.15541
1250 -0.139688 0 -0.299281
1300 -0.164224 0 -0.298771
1350 0.0815349 0 -0.507312
1400 0.127942 0 -0.625626
1450 0.0793821 0 -0.63367
1500 0.0343001 0 -0.509423
1550 -0.089129 0 -0.609721
1600 -0.171452 0 -0.689047
1650 0.0758923 0 -0.747015
1700 0.0435407 0 -0.769192
1750 0.0973216 0 -0.84101
1800 -0.0482532 0 -0.697488
1850 -0.180232 0 -0.688996
1900 -0.203143 0 -0.701421
1950 -0.0495587 0 -0.733314
2000 -0.0106345 0 -0.810144
2050 -0.0542015 0 -0.604563
2100 0.00348107 0 -0.579584
2150 -0.115461 0 -0.523012
2200 -0.143353 0 -0.412179
2250 -0.0275973 0 -0.502438
2300 -0.00246018 0 -0.521166
2350 0.0369318 0 -0.531153
2400 0.0095971 0 -0.55182
2450 -0.123906 0 -0.563738
2500 -0.0836836 0 -0.48804
2550 -0.0795344 0 -0.507011
2600 0.0572058 0 -0.553144
2650 0.0837575 0 -0.532642
2700 0.0422937 0 -0.460967
2750 -0.0438469 0 -0.641175
2800 -0.112167 0 -0.640417
2850 -0.00700839 0 -0.752531
2900 0.12478 0 -1.03136
2950 0.134735 0 -0.998841
3000 0.0639912 0 -1.10541
3050 -0.100631 0 -1.04443
3100 -0.0283823 0 -0.968332
3150 0.0117198 0 -1.02717
3200 0.0163532 0 -1.04919
3250 -0.0834667 0 -1.38474
3300 -0.0468393 0 -1.35982
3350 -0.00444429 0 -1.30956
3400 0.0858571 0 -1.29275
3450 -0.0460944 0 -1.22644
3500 0.0381601 0 -1.26015
3550 0.056725 0 -1.27943
3600 -0.0661688 0 -1.45152
3650 0.0511672 0 -1.45
3700 0.238502 0 -1.39791
3750 0.14901 0 -1.30706
3800 0.150398 0 -1.33681
3850 -0.0742873 0 -1.42368
3900 0.0151523 0 -1.41151
3950 -0.00542226 0 -1.36818
4000 0.0726429 0 -1.45199
4050 -0.0487378 0 -1.54976
4100 0.0773705 0 -1.43984
4150 -0.0577356 0 -1.45594
4200 0.116331 0 -1.42811
4250 0.0373331 0 -1.47528
4300 0.0192448 0 -1.50461
4350 -0.0695404 0 -1.56517
4400 0.174617 0 -1.4986
4450 0.0533726 0 -1.49506
4500 0.0618057 0 -1.31288
4550 0.104967 0 -1.1991
4600 0.212621 0 -1.2601
4650 0.0746889 0 -1.34473
4700 0.197183 0 -1.23046
4750 0.206785 0 -1.26709
4800 0.214054 0 -1.12403
4850 0.131681 0 -1.15204
4900 0.072357 0 -1.18068
4950 0.273743 0 -1.06475
5000 0.208292 0 -1.16681
5050 0.179319 0 -1.05809
5100 0.100146 0 -1.23215
5150 0.0536447 0 -1.04501
5200 0.152271 0 -0.973799
5250 0.130926 0 -0.9945
5300 0.06815 0 -0.90824
5350 0.0541469 0 -1.07818
5400 -0.0396937 0 -0.919865
5450 0.103004 0 -0.997975
5500 0.175918 0 -0.912987
5550 0.0950748 0 -0.797038
5600 0.00174653 0 -0.867445
5650 0.093314 0 -0.680429
5700 0.331433 0 -0.779506
5750 0.319971 0 -0.682749
5800 0.0280894 0 -0.778617
5850 0.0669754 0 -0.741024
5900 -0.0617325 0 -0.74643
5950 0.034957 0 -0.670707
6000 0.226918 0 -0.854166
6050 0.140737 0 -0.655977
6100 0.104611 0 -0.594662
6150 -0.0217074 0 -0.654923
6200 0.0372894 0 -0.535573
6250 0.132805 0 -0.518557
6300 0.0661789 0 -0.513243
6350 -0.0948963 0 -0.508734
6400 -0.0872547 0 -0.636275
6450 -0.146146 0 -0.69712
6500 0.0243636 0 -0.62728
6550 0.0505902 0 -0.735633
6600 -0.0313956 0 -0.644711
6650 0.0434224 0 -0.639818
6700 -0.0765769 0 -0.69503
6750 -0.0987592 0 -0.587662
6800 0.106511 0 -0.593991
6850 0.0410213 0 -0.547962
6900 -0.0566887 0 -0.504182
6950 -0.456077 0 0.269915
7000 -0.36352 0 0.196063
7050 -0.222868 0 -0.174348
7100 -0.0836453 0 -0.103841
7150 0.025651 0 0.0121517
7200 0.0282412 0 -0.0575397
7250 0.000741708 0 -0.0219254
7300 -0.0102162 0 0.0213522
7350 -0.0166353 0 0.00411247
7400 -0.0230616 0 0.0230545
7450 -0.015715 0 0.0479432
7500 -0.0173807 0 0.0408824
7550 -0.0208104 0 0.0271617
7600 -0.0212899 0 0.00997942
7650 -0.0240118 0 -0.00916861
7700 -0.0118978 0 -0.112116
7750 0.0781422 0 -0.223356
7800 0.139059 0 -0.401237
7850 0.16276 0 -0.414622
7900 -0.00867181 0 -0.431154
7950 -0.146815 0 -0.677679
8000 -0.327982 0 -0.0840351
8050 -0.0278218 0 -0.820184
8100 0.0381485 0 -0.779543
8150 0.0474971 0 -0.730116
8200 -0.0200439 0 -0.855146
8250 0.00819805 0 -0.843731
8300 -0.0924403 0 -0.814712
8350 -0.0355098 0 -0.998561
8400 0.0134827 0 -0.967213
8450 -0.148914 0 -1.13276
8500 -0.12688 0 -1.25303
8550 0.0501594 0 -1.2048
8600 0.146411 0 -1.15888
8650 0.170463 0 -1.16552
8700 0.0356144 0 -1.1537
8750 0.0208204 0 -1.12828
8800 0.107184 0 -1.30686
8850 0.025286 0 -1.22822
8900 0.143665 0 -1.38293
8950 0.12739 0 -1.28134
9000 0.157501 0 -1.3861
9050 0.198941 0 -1.27127
9100 0.187983 0 -1.43223
9150 0.184155 0 -1.26873
9200 0.282586 0 -1.32067
9250 0.434977 0 -1.13106
9300 0.231817 0 -1.26443
9350 0.247545 0 -1.30503
9400 0.112708 0 -1.38438
9450 0.212734 0 -1.37785
9500 0.181932 0 -1.40106
9550 0.215064 0 -1.32277
9600 0.12415 0 -1.42176
9650 0.0197136 0 -1.28662
9700 -0.0298838 0 -1.36726
9750 -0.06874 0 -1.27936
9800 0.0994209 0 -1.21718
9850 0.11208 0 -1.19864
9900 0.163986 0 -1.22412
9950 0.18265 0 -1.26777
10000 0.269783 0 -1.35506
10050 0.138052 0 -1.40265
10100 0.0916182 0 -1.44851
10150 0.0573463 0 -1.42563
10200 0.237899 0 -1.40854
10250 -0.0406658 0 -1.37594
10300 0.0877345 0 -1.43166
10350 -0.0498885 0 -1.45885
10400 0.074517 0 -1.554
10450 0.0309644 0 -1.4666
10500 0.123404 0 -1.35434
10550 -0.0566524 0 -1.47787
10600 0.0645259 0 -1.36979
10650 0.0858956 0 -1.51673
10700 0.12971 0 -1.43501
10750 0.0287844 0 -1.54234
10800 -0.00426264 0 -1.56514
10850 -0.0580308 0 -1.51658
10900 0.00718592 0 -1.21597
10950 -0.01434 0 -1.44124
11000 -0.0197912 0 -1.50365
11050 -0.117686 0 -1.30842
11100 0.11987 0 -1.22596
11150 -0.18721 0 -1.24505
11200 -0.125029 0 -1.26245
11250 -0.175519 0 -1.31631
11300 0.0344097 0 -1.3177
11350 0.0157741 0 -1.18391
11400 -0.0538441 0 -1.00703
11450 -0.0319436 0 -0.940065
11500 -0.046916 0 -0.956047
11550 0.0685771 0 -1.17985
11600 0.0875992 0 -1.0795
11650 0.0983104 0 -1.16953
11700 0.0515671 0 -0.941038
11750 0.0142764 0 -1.01337
11800 0.0261999 0 -0.9751
11850 0.0501166 0 -0.909172
11900 -0.0426344 0 -1.00601
11950 -0.069112 0 -0.824711
12000 0.0367818 0 -1.01983
12050 -0.0199039 0 -0.927133
12100 0.012779 0 -0.875299
12150 -0.0277984 0 -1.12046
12200 -0.0031033 0 -0.921238
12250 0.166238 0 -1.06393
12300 0.268917 0 -0.93924
12350 0.257831 0 -0.98611
12400 0.0968976 0 -1.11146
12450 -0.0115063 0 -1.22017
12500 0.11378 0 -1.21577
12550 0.0837791 0 -0.991814
12600 0.0717933 0 -0.97233
12650 -0.0921341 0 -0.917381
12700 -0.0447934 0 -0.750077
12750 0.0883933 0 -0.963615
12800 0.0959072 0 -0.874452
12850 0.133281 0 -0.852832
12900 -0.116553 0 -1.0046
12950 -0.0781866 0 -0.784847
13000 0.024729 0 -0.913025
13050 -0.0391119 0 -0.827453
13100 0.0711615 0 -0.751981
13150 -0.0627765 0 -0.957252
13200 -0.102397 0 -0.910843
13250 -0.0106006 0 -0.961151
13300 0.107614 0 -0.94249
13350 0.00517598 0 -0.884231
13400 0.0408127 0 -0.93228
13450 -0.0912673 0 -0.867267
13500 -0.000852932 0 -0.680231
13550 -0.0213011 0 -0.885472
13600 -0.130024 0 -0.698066
13650 -0.013594 0 -0.682612
13700 -0.0934782 0 -0.825446
13750 0.0837571 0 -0.749376
13800 0.0871347 0 -0.724045
13850 0.182639 0 -0.723613
13900 0.176769 0 -0.664586
13950 0.160091 0 -0.811927
14000 0.0728728 0 -0.912563
14050 0.210805 0 -0.730401
14100 0.339563 0 -0.882487
14150 0.193608 0 -0.826933
14200 0.161787 0 -0.718155
14250 0.116167 0 -0.763255
14300 0.016208 0 -0.572789
14350 0.172278 0 -0.612047
14400 0.128771 0 -0.578341
14450 0.0402148 0 -0.609801
14500 0.134285 0 -0.750873
14550 0.0753031 0 -0.799219
14600 0.232871 0 -0.582226
14650 0.234664 0 -0.721899
14700 0.0836532 0 -0.75552
14750 0.197199 0 -0.628638
14800 0.0161907 0 -0.772454
14850 -0.0583816 0 -0.823802
14900 0.0967358 0 -0.689317
14950 0.231364 0 -0.74306
15000 0.0715697 0 -0.740012
15050 -0.0972221 0 -0.704316
15100 -0.0373725 0 -0.916221
15150 0.000232922 0 -0.940681
15200 0.131075 0 -0.988951
15250 0.100074 0 -1.11829
15300 -0.0222642 0 -1.07057
15350 0.0108971 0 -1.1438
15400 0.0200143 0 -1.06053
15450 -0.00290437 0 -1.0742
15500 0.118085 0 -1.11989
15550 0.193055 0 -1.06568
15600 0.231964 0 -1.26915
15650 0.129799 0 -1.19921
15700 0.360173 0 -1.30848
15750 0.228045 0 -1.2091
15800 -0.0529143 0 -1.27673
15850 -0.0651342 0 -1.34881
15900 0.0128117 0 -1.3748
15950 0.0972572 0 -1.29227
16000 0.178237 0 -1.38638
16050 0.174263 0 -1.31485
16100 0.0810713 0 -1.23636
16150 0.0332802 0 -1.2701
16200 0.0301061 0 -1.26427
16250 -0.150413 0 -1.38368
16300 -0.107403 0 -1.40961
16350 -0.0383589 0 -1.48029
16400 -0.0438702 0 -1.31352
16450 -0.0171137 0 -1.29059
16500 0.0149992 0 -1.27548
16550 -0.017902 0 -1.38319
16600 0.0370246 0 -1.27907
16650 -0.00777888 0 -1.35983
16700 0.0409172 0 -1.22025
16750 0.0570304 0 -1.27463
16800 0.152716 0 -1.18236
16850 0.117317 0 -1.32912
16900 0.160839 0 -1.34575
16950 0.0576624 0 -1.51175
17000 0.0374668 0 -1.30673
17050 -0.0707926 0 -1.35507
17100 0.232976 0 -1.3117
17150 -0.0296574 0 -1.39578
17200 -0.0108202 0 -1.27937
17250 -0.0353497 0 -1.27745
17300 0.255431 0 -1.2116
17350 0.190832 0 -1.27146
17400 0.109021 0 -1.23882
17450 0.164002 0 -1.1902
17500 0.138166 0 -1.14275
17550 0.145523 0 -1.07782
17600 0.181145 0 -0.99015
17650 0.143339 0 -0.98808
17700 0.0378148 0 -0.998122
17750 0.0566687 0 -0.83397
17800 0.16799 0 -1.02883
17850 0.145038 0 -0.879544
17900 0.028472 0 -0.933563
17950 0.0332132 0 -0.830767
18000 0.0573325 0 -0.944221
18050 0.174465 0 -0.941096
18100 0.0724022 0 -0.937132
18150 0.0797216 0 -1.00784
18200 0.0808968 0 -0.854028
18250 0.0347725 0 -0.860454
18300 0.0737307 0 -0.858612
18350 0.0405371 0 -1.02575
18400 -0.0512123 0 -0.929911
18450 0.00577433 0 -0.742127
18500 -0.0310259 0 -0.903096
18550 -0.0241848 0 -0.712753
18600 -0.13412 0 -0.917949
18650 -0.137522 0 -0.831775
18700 0.102079 0 -0.879514
18750 0.144464 0 -0.886668
18800 0.20475 0 -0.889517
18850 0.0945784 0 -1.03014
18900 0.051903 0 -0.846417
18950 0.162253 0 -0.969413
19000 0.121705 0 -0.919866
19050 0.085845 0 -0.853547
19100 0.0109606 0 -1.04215
19150 -0.0489277 0 -0.882776
19200 0.0261278 0 -1.06452
19250 0.0621264 0 -0.905716
19300 0.0898936 0 -0.890693
19350 0.0231838 0 -1.10091
19400 0.0149895 0 -0.856759
19450 0.0749679 0 -0.924642
19500 0.158591 0 -0.81666
19550 0.00608671 0 -0.727504
19600 0.0991913 0 -0.808418
19650 0.00258407 0 -0.889022
19700 0.0893477 0 -0.792536
19750 0.143678 0 -1.02597
19800 0.143679 0 -0.732729
19850 0.212575 0 -0.749632
19900 -0.0878256 0 -0.741309
19950 -0.00657304 0 -0.684997
20000 0.0662179 0 -0.723922
20050 0.0584338 0 -0.662467
20100 0.0722933 0 -0.740584
20150 0.0135466 0 -0.722987
20200 0.00196785 0 -0.743665
20250 0.0676769 0 -0.633938
20300 0.142751 0 -0.775224
20350 0.1093 0 -0.728002
20400 -0.0113266 0 -0.741011
20450 -0.0533839 0 -0.759073
20500 -0.0210271 0 -0.701117
20550 0.12328 0 -0.556735
20600 0.18276 0 -0.51258
20650 0.206119 0 -0.590866
20700 0.0383698 0 -0.435729
20750 0.00340443 0 -0.545246
20800 -0.0974948 0 -0.687632
20850 -0.0380264 0 -0.588615
20900 0.154378 0 -0.412901
20950 0.277556 0 -0.580079
21000 0.0771714 0 -0.440906
21050 -0.0169511 0 -0.427565
21100 -0.0595049 0 -0.581678
21150 -0.0130447 0 -0.495867
21200 0.148393 0 -0.435013
21250 0.295272 0 -0.359252
21300 0.307697 0 -0.472403
21350 0.113344 0 -0.366268
21400 0.0788853 0 -0.381599
21450 -0.0654131 0 -0.354924
21500 -0.0560648 0 -0.325604
21550 0.0104773 0 0.0888611
21600 0.133411 0 -0.318723
21650 0.168237 0 -0.375527
21700 -0.0163142 0 -0.35977
21750 -0.0164705 0 -0.500191
21800 -0.0770183 0 -0.577997
21850 -0.0367076 0 -0.647264
21900 0.0643534 0 -0.650878
21950 0.0903657 0 -0.762222
22000 0.159701 0 -0.76998
22050 0.0536262 0 -0.76473
22100 0.202838 0 -0.949502
22150 0.245249 0 -0.992548
22200 0.422216 0 -1.1091
22250 0.450328 0 -1.1402
22300 0.37176 0 -1.07745
22350 0.152296 0 -1.22726
22400 0.252382 0 -1.0789
22450 0.328946 0 -1.22487
22500 0.302898 0 -1.08913
22550 0.309503 0 -1.16113
22600 0.325902 0 -1.31059
22650 0.450971 0 -1.19369
22700 0.537139 0 -1.12112
22750 0.533664 0 -1.0615
22800 0.400812 0 -1.30246
22850 0.294109 0 -1.18806
22900 -0.072964 0 -1.2591
22950 0.0570393 0 -1.06393
23000 0.0996478 0 -1.36865
23050 0.190777 0 -1.16575
23100 0.0105761 0 -1.21805
23150 0.0986476 0 -1.20877
23200 -0.0292036 0 -1.25419
23250 0.163345 0 -1.07095
23300 0.28688 0 -1.11488
23350 0.300655 0 -1.07919
23400 0.287529 0 -1.22683
23450 0.241482 0 -1.13269
23500 0.241978 0 -1.13565
23550 0.346673 0 -0.974823
23600 0.0391934 0 -1.24042
23650 0.112468 0 -1.19537
23700 0.229304 0 -1.2563
23750 0.215148 0 -1.20309
23800 0.315063 0 -1.14963
23850 0.108202 0 -1.34877
23900 0.121891 0 -1.17622
23950 0.00648393 0 -1.20844
24000 0.0798414 0 -1.05732
24050 0.205062 0 -1.2601
24100 0.127715 0 -1.18229
24150 0.173152 0 -1.25739
24200 0.112667 0 -1.25162
24250 0.147267 0 -1.39039
24300 0.238126 0 -1.24874
24350 0.2015 0 -1.36976
24400 0.145142 0 -1.28571
24450 0.12745 0 -1.42142
24500 0.223829 0 -1.35947
24550 0.274254 0 -1.31526
24600 0.185591 0 -1.27147
24650 0.0608503 0 -1.40975
24700 0.0645379 0 -1.40399
24750 -0.0522363 0 -1.47223
24800 0.012987 0 -1.46909
24850 0.0565893 0 -1.50933
24900 0.263509 0 -1.45524
24950 0.295205 0 -1.38519
25000 0.33573 0 -1.35226
25050 0.247164 0 -1.38396
25100 0.276832 0 -1.43318
25150 0.18222 0 -1.39754
25200 0.215179 0 -1.31251
25250 0.0979 0 -1.41005
25300 0.238515 0 -1.41623
25350 0.266673 0 -1.26929
25400 0.230814 0 -1.40879
25450 0.114713 0 -1.35784
25500 0.0917919 0 -1.30951
25550 0.101985 0 -1.37418
25600 0.154339 0 -1.3295
25650 0.0139908 0 -1.48905
25700 0.0841878 0 -1.41154
25750 0.11394 0 -1.42835
25800 0.132742 0 -1.40009
25850 0.224832 0 -1.32743
25900 0.339025 0 -1.2565
25950 0.0844517 0 -1.40791
26000 0.0641531 0 -1.37442
26050 0.0660483 0 -1.50012
26100 0.217355 0 -1.38074
26150 0.372433 0 -1.4007
26200 0.303514 0 -1.41916
26250 0.0726403 0 -1.47559
26300 0.138103 0 -1.32711
26350 0.0937129 0 -1.42397
26400 0.114241 0 -1.30227
26450 -0.0325943 0 -1.43477
26500 0.103665 0 -1.39018
26550 -0.00713434 0 -1.50817
26600 -0.0130646 0 -1.49373
26650 -0.0161464 0 -1.50289
26700 0.158394 0 -1.4851
26750 0.124412 0 -1.5119
26800 0.0985331 0 -1.45123
26850 -0.0386013 0 -1.61953
26900 0.182571 0 -1.50248
26950 0.203644 0 -1.5662
27000 0.335409 0 -1.41333
27050 0.250273 0 -1.60371
27100 0.249526 0 -1.53646
27150 0.144868 0 -1.63724
27200 0.15728 0 -1.46655
27250 0.205281 0 -1.48797
27300 0.205236 0 -1.33624
27350 0.131143 0 -1.48795
27400 0.047924 0 -1.52653
27450 0.115857 0 -1.53299
27500 0.170926 0 -1.5774
27550 0.283223 0 -1.51289
27600 -0.0210814 0 -1.46731
27650 -0.0171478 0 -1.55165
27700 0.205435 0 -1.44478
27750 0.263055 0 -1.43714
27800 0.140609 0 -1.45717
27850 0.215239 0 -1.45687
27900 -0.0507052 0 -1.47733
27950 0.111176 0 -1.57629
28000 0.149708 0 -1.56601
28050 0.271103 0 -1.4251
28100 0.112416 0 -1.51877
28150 0.117174 0 -1.62904
28200 0.0601633 0 -1.59107
28250 0.143578 0 -1.53476
28300 -0.0481254 0 -1.38044
28350 -0.0787728 0 -1.27529
28400 -0.154889 0 -1.26294
28450 -0.107426 0 -1.24802
28500 -0.0572224 0 -1.28061
28550 -0.042637 0 -1.35303
28600 0.0662292 0 -1.29707
28650 0.0932518 0 -1.33808
28700 0.114504 0 -1.28603
28750 0.142216 0 -1.13558
28800 -0.023993 0 -1.18267
28850 0.0727529 0 -1.06463
28900 0.200936 0 -1.19636
28950 0.183069 0 -1.03502
29000 0.165617 0 -1.26868
29050 0.0834483 0 -1.07008
29100 0.185854 0 -1.16108
29150 0.189417 0 -1.07979
29200 -0.0531863 0 -1.18342
29250 -0.217431 0 -1.25433
29300 -0.112561 0 -1.12829
29350 0.0382234 0 -1.17397
29400 0.0882168 0 -1.03456
29450 -0.0110792 0 -1.25185
29500 0.0744571 0 -0.981963
29550 0.0818627 0 -1.12769
29600 0.130444 0 -1.00715
29650 -0.00707307 0 -0.987298
29700 -0.0760669 0 -0.971699
29750 -0.0687798 0 -0.773764
29800 -0.0508367 0 -0.969056
29850 0.0861285 0 -0.75971
29900 0.082362 0 -0.85072
29950 0.00507365 0 -0.989188
30000 0.0180214 0 -0.823416
30050 0.0651361 0 -1.01772
30100 -0.0192909 0 -0.802223
30150 -0.0535383 0 -0.897266
30200 -0.0547007 0 -0.825391
30250 0.0256849 0 -0.835764
30300 0.173771 0 -0.809411
30350 0.0749199 0 -0.688386
30400 0.0951825 0 -0.753608
30450 0.0659881 0 -0.52865
30500 0.146327 0 -0.591852
30550 0.18175 0 -0.701889
30600 -0.0230762 0 -0.513297
30650 -0.0798747 0 -0.588412
30700 -0.106098 0 -0.500581
30750 0.0608801 0 -0.356344
30800 0.239268 0 -0.433531
30850 0.119372 0 -0.369027
30900 -0.0997586 0 -0.374226
30950 -0.203764 0 -0.23106
31000 -0.315052 0 0.164403
31050 -0.202291 0 0.0622214
31100 -0.167975 0 0.0637791
31150 -0.00259152 0 0.0549582
31200 0.0343135 0 0.0234407
31250 0.017797 0 0.0626541
31300 0.00180304 0 0.0562313
31350 0.00800433 0 0.00577664
31400 -0.000717734 0 0.0388389
31450 -0.00472931 0 0.0365408
31500 -0.0176151 0 0.0261541
31550 -0.0196413 0 0.0183483
31600 -0.0170683 0 0.0192846
31650 -0.0156244 0 0.010868
31700 -0.0179284 0 0.0194092
31750 -0.0136081 0 0.0342347
31800 -0.0147841 0 0.0319499
31850 -0.0218639 0 0.0165548
31900 -0.018998 0 0.0207928
31950 -0.0124301 0 0.0265286
